,surface,tourney_level,second_id,second_hand,second_ht,second_age,first_id,first_hand,first_ht,first_age,best_of,round,second_rank,second_rank_points,first_rank,first_rank_points,tourney_year,label
134839,3.0,4.0,103428.0,1.0,190.0,24.1,103252.0,1.0,175.0,25.1,3.0,7.0,44.0,845.0,58.0,659.0,2003.0,0.0
206060,1.0,0.0,104547.0,0.0,188.0,24.9,103602.0,1.0,183.0,29.6,3.0,3.0,54.0,801.0,11.0,2880.0,2010.0,0.0
142420,3.0,4.0,126774.0,1.0,193.0,21.1,104925.0,1.0,188.0,32.3,3.0,3.0,7.0,3630.0,1.0,10365.0,2019.0,0.0
137750,3.0,0.0,103285.0,1.0,185.0,31.6,103843.0,1.0,185.0,28.8,3.0,6.0,29.0,1400.0,63.0,762.0,2010.0,1.0
170292,3.0,4.0,104053.0,1.0,188.0,25.5,103163.0,1.0,188.0,29.9,3.0,7.0,6.0,2380.0,36.0,925.0,2008.0,1.0
28003,2.0,0.0,103333.0,1.0,208.0,29.2,104792.0,1.0,193.0,21.7,3.0,9.0,22.0,1220.0,32.0,978.0,2008.0,0.0
61447,3.0,0.0,102035.0,1.0,183.0,31.7,104053.0,1.0,188.0,21.3,3.0,5.0,30.0,1068.0,1.0,4535.0,2004.0,0.0
81604,3.0,0.0,105064.0,0.0,188.0,27.8,104792.0,1.0,193.0,29.1,3.0,6.0,33.0,1170.0,21.0,1500.0,2015.0,1.0
23537,1.0,0.0,102860.0,1.0,183.0,26.6,103507.0,1.0,183.0,23.2,3.0,3.0,28.0,1125.0,3.0,3210.0,2003.0,1.0
71615,3.0,3.0,103990.0,1.0,180.0,32.3,104273.0,1.0,188.0,30.7,5.0,4.0,18.0,1825.0,52.0,885.0,2014.0,0.0
179729,3.0,3.0,105238.0,1.0,180.0,22.8,104925.0,1.0,188.0,24.2,5.0,5.0,23.0,1530.0,1.0,13920.0,2011.0,1.0
155158,3.0,3.0,103900.0,1.0,180.0,25.0,104386.0,1.0,180.0,22.5,5.0,4.0,8.0,2295.0,64.0,590.0,2007.0,0.0
27138,3.0,4.0,103819.0,1.0,185.0,29.1,104918.0,1.0,190.0,23.4,3.0,2.0,3.0,6735.0,4.0,5125.0,2010.0,1.0
42798,3.0,4.0,100644.0,1.0,198.0,24.3,134770.0,1.0,183.0,22.6,3.0,3.0,5.0,7263.0,11.0,3350.0,2021.0,0.0
55189,2.0,3.0,104755.0,1.0,185.0,30.0,105379.0,1.0,181.0,26.9,5.0,4.0,10.0,2905.0,56.0,870.0,2016.0,0.0
168548,1.0,3.0,106058.0,1.0,185.0,23.6,105077.0,0.0,188.0,28.3,5.0,6.0,25.0,1505.0,55.0,853.0,2016.0,1.0
3184,2.0,0.0,103819.0,1.0,185.0,32.8,104229.0,1.0,180.0,30.8,3.0,3.0,4.0,4945.0,48.0,933.0,2014.0,0.0
30677,3.0,4.0,124079.0,1.0,185.0,24.4,126774.0,1.0,193.0,23.1,3.0,7.0,59.0,1054.0,3.0,8175.0,2021.0,1.0
120350,2.0,0.0,200005.0,0.0,188.0,22.9,105023.0,1.0,198.0,33.6,3.0,6.0,31.0,1815.0,63.0,1113.0,2021.0,0.0
172411,3.0,3.0,126203.0,1.0,193.0,23.2,104925.0,1.0,188.0,33.7,5.0,6.0,31.0,1695.0,1.0,12030.0,2021.0,1.0
179623,1.0,3.0,207989.0,1.0,185.0,19.0,111575.0,1.0,198.0,26.0,5.0,5.0,6.0,4648.0,25.0,1620.0,2022.0,0.0
179990,3.0,4.0,104607.0,1.0,196.0,27.4,104745.0,0.0,185.0,26.7,3.0,9.0,6.0,4740.0,5.0,6105.0,2013.0,1.0
105685,2.0,0.0,104312.0,1.0,190.0,32.2,105173.0,0.0,183.0,27.9,3.0,6.0,40.0,1095.0,55.0,860.0,2016.0,1.0
125934,2.0,3.0,104731.0,1.0,203.0,33.1,105550.0,0.0,185.0,29.1,5.0,6.0,8.0,3610.0,26.0,1430.0,2019.0,1.0
163664,1.0,0.0,104259.0,1.0,178.0,30.7,104919.0,1.0,188.0,27.1,3.0,9.0,26.0,1370.0,46.0,919.0,2014.0,1.0
35494,3.0,4.0,104545.0,1.0,206.0,29.9,105453.0,1.0,178.0,25.2,3.0,3.0,24.0,1450.0,5.0,5460.0,2015.0,0.0
96387,3.0,4.0,103781.0,0.0,183.0,28.2,103812.0,1.0,198.0,28.0,3.0,7.0,31.0,1345.0,32.0,1341.0,2009.0,1.0
82633,3.0,4.0,105676.0,1.0,180.0,24.2,105668.0,1.0,203.0,24.3,3.0,6.0,20.0,1631.0,49.0,905.0,2015.0,0.0
116948,3.0,0.0,103794.0,1.0,178.0,33.5,104620.0,1.0,183.0,29.2,3.0,6.0,40.0,973.0,52.0,810.0,2015.0,1.0
101287,1.0,4.0,103720.0,1.0,180.0,26.2,104597.0,1.0,183.0,21.7,3.0,3.0,21.0,1255.0,52.0,700.0,2007.0,0.0
21671,3.0,4.0,105683.0,1.0,196.0,21.6,104918.0,1.0,190.0,25.2,3.0,5.0,24.0,1540.0,4.0,8120.0,2012.0,0.0
85992,1.0,3.0,126094.0,1.0,188.0,24.5,105227.0,1.0,198.0,33.6,5.0,3.0,7.0,3945.0,23.0,1695.0,2022.0,1.0
78430,3.0,0.0,105807.0,1.0,188.0,30.0,104925.0,1.0,188.0,34.1,3.0,0.0,11.0,3260.0,1.0,12113.0,2021.0,0.0
69909,1.0,0.0,106233.0,1.0,185.0,22.4,104665.0,1.0,180.0,30.0,3.0,6.0,19.0,1930.0,62.0,770.0,2016.0,0.0
121638,1.0,3.0,104076.0,1.0,190.0,26.5,103819.0,1.0,185.0,27.7,5.0,7.0,45.0,1210.0,2.0,10470.0,2009.0,1.0
97231,3.0,0.0,103285.0,1.0,185.0,25.2,102783.0,1.0,180.0,27.8,3.0,5.0,48.0,740.0,6.0,2510.0,2004.0,1.0
66614,1.0,0.0,103808.0,1.0,188.0,29.0,104660.0,1.0,193.0,24.5,3.0,6.0,64.0,760.0,48.0,922.0,2010.0,0.0
171141,1.0,0.0,103786.0,1.0,178.0,25.9,104338.0,1.0,185.0,23.1,3.0,3.0,4.0,2905.0,47.0,730.0,2007.0,1.0
61804,0.0,1.0,104607.0,1.0,196.0,21.9,104527.0,1.0,183.0,22.4,5.0,8.0,10.0,1925.0,44.0,745.0,2007.0,0.0
6939,1.0,3.0,103484.0,1.0,185.0,26.4,104792.0,1.0,193.0,19.7,5.0,6.0,8.0,1925.0,28.0,1100.0,2006.0,1.0
43805,2.0,0.0,105064.0,0.0,188.0,23.4,105227.0,1.0,198.0,22.6,3.0,5.0,30.0,1305.0,27.0,1345.0,2011.0,1.0
46023,3.0,0.0,105815.0,1.0,188.0,27.2,106298.0,1.0,185.0,24.6,3.0,6.0,62.0,838.0,22.0,1780.0,2018.0,0.0
130863,3.0,0.0,103566.0,0.0,190.0,27.7,103786.0,1.0,178.0,26.7,3.0,5.0,58.0,578.0,4.0,2725.0,2008.0,0.0
55237,3.0,2.0,206173.0,1.0,188.0,20.2,128034.0,1.0,196.0,24.7,3.0,8.0,11.0,3150.0,9.0,3706.0,2021.0,0.0
18517,3.0,3.0,104198.0,1.0,188.0,30.6,103163.0,1.0,188.0,35.7,5.0,4.0,58.0,801.0,12.0,2435.0,2014.0,0.0
84788,1.0,4.0,104926.0,1.0,178.0,31.9,106378.0,1.0,188.0,24.3,3.0,7.0,12.0,2840.0,22.0,1575.0,2019.0,0.0
119182,3.0,4.0,103163.0,1.0,188.0,35.5,105023.0,1.0,198.0,26.0,3.0,7.0,12.0,2355.0,31.0,1265.0,2013.0,0.0
175970,2.0,3.0,105723.0,1.0,185.0,25.3,104180.0,0.0,193.0,33.1,5.0,7.0,42.0,1013.0,39.0,1090.0,2016.0,0.0
68806,1.0,0.0,104745.0,0.0,185.0,22.8,103786.0,1.0,178.0,27.8,3.0,9.0,1.0,15390.0,8.0,3675.0,2009.0,0.0
163281,3.0,4.0,104098.0,1.0,185.0,31.2,103819.0,1.0,185.0,32.5,3.0,6.0,30.0,1212.0,8.0,4625.0,2014.0,1.0
133308,1.0,3.0,104607.0,1.0,196.0,21.6,104198.0,1.0,188.0,23.9,5.0,4.0,12.0,2020.0,64.0,579.0,2007.0,1.0
175361,3.0,4.0,103632.0,1.0,180.0,24.5,103240.0,1.0,180.0,26.6,3.0,4.0,43.0,845.0,63.0,590.0,2005.0,1.0
125512,3.0,0.0,103018.0,1.0,196.0,29.1,103908.0,1.0,185.0,24.6,3.0,7.0,55.0,740.0,59.0,660.0,2006.0,0.0
188040,3.0,0.0,104926.0,1.0,178.0,29.4,105807.0,1.0,188.0,25.2,3.0,2.0,50.0,885.0,36.0,1155.0,2016.0,1.0
115838,1.0,0.0,103908.0,1.0,185.0,21.2,104076.0,1.0,190.0,20.5,3.0,6.0,43.0,848.0,47.0,788.0,2003.0,1.0
61442,3.0,4.0,103970.0,1.0,175.0,33.5,105238.0,1.0,180.0,26.9,3.0,6.0,8.0,3945.0,37.0,1110.0,2015.0,0.0
202984,0.0,0.0,103694.0,1.0,168.0,22.7,103387.0,1.0,185.0,24.3,3.0,5.0,52.0,731.0,11.0,1845.0,2003.0,1.0
33532,3.0,0.0,105138.0,1.0,183.0,27.4,105683.0,1.0,196.0,24.7,3.0,9.0,23.0,1510.0,9.0,2790.0,2015.0,1.0
33118,1.0,3.0,104925.0,1.0,188.0,24.0,103812.0,1.0,198.0,29.8,5.0,7.0,2.0,11665.0,60.0,850.0,2011.0,0.0
111067,1.0,0.0,102563.0,1.0,180.0,31.2,103632.0,1.0,180.0,25.8,3.0,6.0,38.0,885.0,53.0,707.0,2006.0,1.0
17348,0.0,0.0,103758.0,1.0,188.0,22.4,103908.0,1.0,185.0,21.7,3.0,9.0,45.0,823.0,47.0,811.0,2003.0,0.0
8313,3.0,4.0,105676.0,1.0,180.0,28.6,126203.0,1.0,193.0,21.7,3.0,7.0,19.0,1815.0,25.0,1545.0,2019.0,0.0
143617,1.0,0.0,103970.0,1.0,175.0,32.0,104559.0,1.0,188.0,28.9,3.0,6.0,5.0,4910.0,55.0,833.0,2014.0,1.0
43204,3.0,0.0,104291.0,1.0,185.0,32.4,104731.0,1.0,203.0,30.1,3.0,6.0,63.0,812.0,33.0,1335.0,2016.0,0.0
100680,3.0,3.0,103428.0,1.0,190.0,31.0,104229.0,1.0,180.0,27.0,5.0,4.0,51.0,914.0,43.0,1043.0,2010.0,0.0
132860,1.0,0.0,104417.0,1.0,193.0,19.6,102783.0,1.0,180.0,28.0,3.0,6.0,47.0,781.0,5.0,2560.0,2004.0,1.0
10222,3.0,4.0,106065.0,1.0,185.0,26.0,104925.0,1.0,188.0,31.3,3.0,5.0,21.0,1768.0,3.0,6445.0,2018.0,1.0
18450,3.0,4.0,106421.0,1.0,198.0,23.6,104926.0,1.0,178.0,32.3,3.0,3.0,4.0,4965.0,12.0,2280.0,2019.0,0.0
46652,2.0,0.0,105932.0,1.0,185.0,30.3,126094.0,1.0,188.0,24.6,3.0,6.0,25.0,1628.0,8.0,4125.0,2022.0,0.0
143926,1.0,4.0,105550.0,0.0,185.0,28.9,105227.0,1.0,198.0,30.5,3.0,6.0,35.0,1205.0,11.0,3015.0,2019.0,0.0
97122,3.0,3.0,104386.0,1.0,180.0,26.1,104792.0,1.0,193.0,23.9,5.0,6.0,44.0,1020.0,19.0,2070.0,2010.0,1.0
75117,0.0,0.0,104339.0,1.0,196.0,21.8,104098.0,1.0,185.0,23.1,3.0,6.0,22.0,1390.0,52.0,725.0,2006.0,0.0
30577,3.0,4.0,105077.0,0.0,188.0,29.1,106210.0,0.0,198.0,23.6,3.0,7.0,24.0,1640.0,54.0,863.0,2017.0,1.0
202752,1.0,4.0,104417.0,1.0,193.0,23.7,103819.0,1.0,185.0,26.7,3.0,5.0,48.0,710.0,1.0,6825.0,2008.0,1.0
204138,3.0,0.0,111575.0,1.0,198.0,25.1,106043.0,1.0,170.0,28.9,3.0,5.0,25.0,2235.0,13.0,3060.0,2021.0,0.0
134347,1.0,0.0,103970.0,1.0,175.0,25.2,104269.0,0.0,188.0,23.6,3.0,5.0,15.0,1725.0,48.0,709.0,2007.0,1.0
181777,3.0,0.0,103908.0,1.0,185.0,24.9,103786.0,1.0,178.0,25.6,3.0,5.0,51.0,735.0,3.0,2825.0,2007.0,0.0
116553,3.0,4.0,105453.0,1.0,178.0,31.6,200175.0,1.0,183.0,21.9,3.0,7.0,55.0,1173.0,59.0,1142.0,2021.0,0.0
7955,3.0,0.0,103344.0,1.0,193.0,25.8,104026.0,1.0,198.0,22.6,3.0,2.0,22.0,1260.0,11.0,1820.0,2005.0,1.0
102512,3.0,4.0,104053.0,1.0,188.0,24.9,104571.0,1.0,183.0,22.1,3.0,5.0,3.0,3290.0,19.0,1370.0,2007.0,0.0
26283,1.0,4.0,126207.0,1.0,188.0,21.2,104745.0,0.0,185.0,32.9,3.0,5.0,37.0,1185.0,2.0,7765.0,2019.0,1.0
60647,1.0,0.0,103786.0,1.0,178.0,28.1,103507.0,1.0,183.0,29.4,3.0,2.0,9.0,3285.0,36.0,1224.0,2009.0,0.0
82268,1.0,0.0,102860.0,1.0,183.0,27.6,103852.0,0.0,188.0,22.5,3.0,5.0,21.0,1145.0,22.0,1145.0,2004.0,0.0
56217,3.0,0.0,104919.0,1.0,188.0,28.2,105453.0,1.0,178.0,25.5,3.0,5.0,35.0,1080.0,5.0,5525.0,2015.0,1.0
65316,1.0,0.0,144684.0,0.0,178.0,24.4,200282.0,1.0,183.0,23.2,3.0,9.0,47.0,1029.0,21.0,1771.0,2022.0,0.0
186541,2.0,3.0,104925.0,1.0,188.0,30.1,105373.0,0.0,190.0,27.9,5.0,4.0,4.0,6055.0,47.0,954.0,2017.0,0.0
89543,3.0,4.0,134770.0,1.0,183.0,23.8,207518.0,1.0,185.0,20.6,3.0,5.0,4.0,5510.0,23.0,1746.0,2022.0,1.0
102377,3.0,4.0,104755.0,1.0,185.0,25.1,104597.0,1.0,183.0,25.9,3.0,5.0,13.0,2000.0,10.0,2165.0,2011.0,1.0
91688,3.0,4.0,104332.0,1.0,185.0,25.3,103990.0,1.0,180.0,27.2,3.0,6.0,45.0,1040.0,16.0,2290.0,2009.0,0.0
125914,1.0,1.0,103498.0,1.0,193.0,27.0,103454.0,1.0,183.0,27.3,5.0,8.0,24.0,1090.0,42.0,825.0,2007.0,0.0
118682,3.0,0.0,104545.0,1.0,206.0,26.2,104678.0,1.0,193.0,25.4,3.0,3.0,35.0,1195.0,15.0,1970.0,2011.0,0.0
117452,3.0,0.0,104269.0,0.0,188.0,35.8,105936.0,1.0,185.0,27.5,3.0,5.0,35.0,1265.0,49.0,1018.0,2019.0,1.0
2542,1.0,0.0,103781.0,0.0,183.0,25.9,104338.0,1.0,185.0,23.1,3.0,6.0,30.0,920.0,47.0,730.0,2007.0,1.0
150727,3.0,0.0,104745.0,0.0,185.0,33.5,104925.0,1.0,188.0,32.6,3.0,2.0,1.0,9985.0,2.0,9055.0,2020.0,1.0
93999,3.0,0.0,104545.0,1.0,206.0,28.6,104259.0,1.0,178.0,30.2,3.0,3.0,14.0,2150.0,22.0,1525.0,2014.0,0.0
155803,3.0,0.0,102845.0,1.0,190.0,27.3,103990.0,1.0,180.0,21.7,3.0,3.0,7.0,2380.0,20.0,1295.0,2004.0,0.0
63016,3.0,4.0,104745.0,0.0,185.0,22.1,104925.0,1.0,188.0,21.1,3.0,9.0,2.0,6305.0,3.0,5055.0,2008.0,1.0
125961,3.0,3.0,103206.0,1.0,175.0,25.6,104022.0,1.0,183.0,21.5,5.0,4.0,10.0,1630.0,47.0,770.0,2004.0,0.0
191997,0.0,0.0,103813.0,0.0,185.0,24.5,104022.0,1.0,183.0,23.6,3.0,5.0,26.0,1230.0,47.0,765.0,2006.0,1.0
188565,3.0,4.0,104745.0,0.0,185.0,31.4,111202.0,1.0,188.0,21.4,3.0,6.0,1.0,10465.0,55.0,889.0,2017.0,0.0
146848,3.0,4.0,104527.0,1.0,183.0,25.9,103786.0,1.0,178.0,29.7,3.0,7.0,14.0,2175.0,42.0,1070.0,2011.0,0.0
42930,3.0,0.0,104259.0,1.0,178.0,35.3,105683.0,1.0,196.0,28.1,3.0,6.0,32.0,1250.0,14.0,2250.0,2019.0,1.0
136197,3.0,0.0,106432.0,1.0,188.0,21.9,106298.0,1.0,185.0,24.6,3.0,5.0,13.0,2415.0,23.0,1780.0,2018.0,0.0
36364,3.0,4.0,103017.0,1.0,183.0,31.0,103786.0,1.0,178.0,27.1,3.0,5.0,37.0,920.0,4.0,2970.0,2008.0,0.0
116205,1.0,4.0,126205.0,1.0,185.0,23.9,126094.0,1.0,188.0,23.5,3.0,6.0,58.0,1111.0,7.0,6000.0,2021.0,1.0
129105,1.0,0.0,103990.0,1.0,180.0,32.9,105062.0,1.0,183.0,27.3,3.0,6.0,20.0,1720.0,54.0,867.0,2015.0,0.0
126902,3.0,4.0,105238.0,1.0,180.0,23.7,103786.0,1.0,178.0,31.1,3.0,7.0,16.0,1905.0,50.0,875.0,2012.0,1.0
131684,3.0,0.0,104527.0,1.0,183.0,24.5,104792.0,1.0,193.0,23.0,3.0,3.0,23.0,1560.0,13.0,2455.0,2009.0,1.0
172815,1.0,0.0,104338.0,1.0,185.0,29.2,104792.0,1.0,193.0,26.8,3.0,6.0,20.0,1680.0,59.0,800.0,2013.0,0.0
140944,1.0,0.0,104198.0,1.0,188.0,30.8,104719.0,1.0,190.0,27.9,3.0,2.0,53.0,866.0,36.0,1110.0,2014.0,0.0
31913,3.0,3.0,104053.0,1.0,188.0,25.3,104259.0,1.0,178.0,24.2,5.0,6.0,6.0,2530.0,27.0,1075.0,2008.0,1.0
165034,3.0,0.0,200282.0,1.0,183.0,23.0,111575.0,1.0,198.0,25.7,3.0,6.0,32.0,1486.0,26.0,1770.0,2022.0,1.0
142795,3.0,0.0,104098.0,1.0,185.0,25.0,102148.0,1.0,178.0,35.0,3.0,9.0,35.0,853.0,37.0,792.0,2008.0,0.0
26606,3.0,3.0,104198.0,1.0,188.0,27.6,104918.0,1.0,190.0,23.6,5.0,6.0,32.0,1300.0,5.0,5760.0,2011.0,1.0
126447,3.0,0.0,104312.0,1.0,190.0,34.8,105373.0,0.0,190.0,29.4,3.0,5.0,37.0,1100.0,40.0,1050.0,2019.0,0.0
107804,3.0,1.0,104471.0,1.0,183.0,27.0,105453.0,1.0,178.0,22.1,5.0,8.0,55.0,825.0,20.0,1680.0,2012.0,1.0
193607,3.0,0.0,105379.0,1.0,181.0,30.5,104468.0,1.0,183.0,35.1,3.0,5.0,47.0,1010.0,58.0,890.0,2020.0,1.0
86045,1.0,4.0,126610.0,1.0,196.0,24.9,200221.0,1.0,183.0,21.8,3.0,6.0,10.0,3453.0,58.0,1135.0,2021.0,1.0
66873,0.0,4.0,104269.0,0.0,188.0,21.9,104068.0,1.0,183.0,23.0,3.0,6.0,35.0,905.0,18.0,1460.0,2005.0,1.0
11992,1.0,4.0,104792.0,1.0,193.0,21.6,104269.0,0.0,188.0,24.4,3.0,7.0,64.0,587.0,27.0,1105.0,2008.0,0.0
170991,3.0,4.0,102563.0,1.0,180.0,30.3,103103.0,1.0,183.0,27.6,3.0,7.0,13.0,1480.0,20.0,1341.0,2005.0,1.0
199718,3.0,0.0,104269.0,0.0,188.0,23.7,103813.0,0.0,185.0,26.0,3.0,5.0,35.0,850.0,26.0,1070.0,2007.0,0.0
81171,1.0,0.0,104607.0,1.0,196.0,20.6,103900.0,1.0,180.0,24.3,3.0,8.0,20.0,1390.0,3.0,3065.0,2006.0,0.0
1458,2.0,3.0,104919.0,1.0,188.0,31.1,105526.0,1.0,193.0,28.1,5.0,4.0,36.0,1235.0,64.0,865.0,2018.0,1.0
161811,3.0,4.0,103813.0,0.0,185.0,27.0,105208.0,1.0,190.0,19.9,3.0,7.0,29.0,995.0,53.0,782.0,2008.0,1.0
130487,2.0,0.0,105217.0,1.0,193.0,21.7,103720.0,1.0,180.0,29.2,3.0,5.0,44.0,940.0,32.0,1350.0,2010.0,1.0
53068,3.0,0.0,126207.0,1.0,188.0,21.7,105526.0,1.0,193.0,29.4,3.0,5.0,53.0,1015.0,41.0,1155.0,2019.0,0.0
95607,1.0,0.0,104076.0,1.0,190.0,25.5,103852.0,0.0,188.0,26.6,3.0,7.0,41.0,791.0,35.0,925.0,2008.0,1.0
199895,3.0,0.0,105683.0,1.0,196.0,26.7,105216.0,1.0,173.0,29.0,3.0,5.0,12.0,2825.0,40.0,1127.0,2017.0,1.0
91742,1.0,0.0,104559.0,1.0,188.0,28.9,103970.0,1.0,175.0,32.0,3.0,6.0,55.0,833.0,5.0,4910.0,2014.0,0.0
33318,1.0,1.0,103781.0,0.0,183.0,26.7,104053.0,1.0,188.0,25.4,5.0,8.0,57.0,578.0,6.0,2155.0,2008.0,1.0
205347,3.0,3.0,103720.0,1.0,180.0,25.5,104053.0,1.0,188.0,23.9,5.0,3.0,17.0,1515.0,10.0,1890.0,2006.0,1.0
96466,1.0,0.0,103292.0,1.0,175.0,25.3,102845.0,1.0,190.0,27.6,3.0,5.0,39.0,900.0,9.0,1945.0,2004.0,0.0
194005,3.0,4.0,105223.0,1.0,198.0,18.4,104571.0,1.0,183.0,21.7,3.0,7.0,63.0,576.0,18.0,1345.0,2007.0,0.0
190602,1.0,0.0,104597.0,1.0,183.0,21.5,102845.0,1.0,190.0,30.4,3.0,3.0,28.0,990.0,47.0,735.0,2007.0,1.0
137236,1.0,4.0,200000.0,1.0,193.0,20.7,134770.0,1.0,183.0,22.3,3.0,7.0,20.0,2418.0,22.0,2340.0,2021.0,1.0
149251,3.0,4.0,103096.0,1.0,173.0,29.6,104607.0,1.0,196.0,21.9,3.0,6.0,46.0,715.0,12.0,1855.0,2007.0,1.0
126806,3.0,4.0,104597.0,1.0,183.0,28.1,104871.0,1.0,188.0,26.6,3.0,6.0,16.0,2030.0,38.0,1085.0,2013.0,0.0
188798,1.0,0.0,103812.0,1.0,198.0,29.7,104593.0,1.0,185.0,25.6,3.0,6.0,58.0,850.0,60.0,829.0,2011.0,0.0
89523,3.0,0.0,103344.0,1.0,193.0,31.8,104542.0,1.0,188.0,25.8,3.0,9.0,15.0,1965.0,18.0,1715.0,2011.0,1.0
47630,3.0,1.0,134770.0,1.0,183.0,23.1,122330.0,1.0,196.0,24.7,3.0,8.0,8.0,3915.0,32.0,1416.0,2022.0,1.0
195737,3.0,4.0,103852.0,0.0,188.0,26.0,103970.0,1.0,175.0,25.5,3.0,6.0,42.0,741.0,7.0,2130.0,2007.0,0.0
93446,1.0,4.0,105453.0,1.0,178.0,28.3,104259.0,1.0,178.0,34.5,3.0,5.0,24.0,1665.0,28.0,1530.0,2018.0,0.0
78913,3.0,3.0,103819.0,1.0,185.0,35.4,105453.0,1.0,178.0,27.0,5.0,5.0,17.0,1980.0,5.0,5010.0,2017.0,0.0
144762,3.0,0.0,104312.0,1.0,190.0,25.5,104269.0,0.0,188.0,25.7,3.0,5.0,48.0,990.0,10.0,3015.0,2009.0,1.0
156178,3.0,4.0,103852.0,0.0,188.0,27.1,104053.0,1.0,188.0,26.1,3.0,6.0,33.0,975.0,7.0,2045.0,2008.0,1.0
6621,3.0,0.0,103333.0,1.0,208.0,30.9,105227.0,1.0,198.0,21.3,3.0,3.0,33.0,1150.0,10.0,2970.0,2010.0,1.0
125463,1.0,0.0,104655.0,1.0,180.0,24.1,103970.0,1.0,175.0,27.8,3.0,3.0,51.0,820.0,17.0,1885.0,2010.0,1.0
23490,3.0,2.0,105223.0,1.0,198.0,20.1,104925.0,1.0,188.0,21.4,3.0,8.0,8.0,1845.0,3.0,4645.0,2008.0,1.0
182101,3.0,3.0,100644.0,1.0,198.0,23.8,104925.0,1.0,188.0,33.7,5.0,3.0,7.0,5615.0,1.0,12030.0,2021.0,1.0
177190,3.0,0.0,106058.0,1.0,185.0,24.0,104291.0,1.0,185.0,32.7,3.0,6.0,23.0,1675.0,57.0,813.0,2016.0,0.0
107618,1.0,4.0,104745.0,0.0,185.0,32.9,104871.0,1.0,188.0,32.2,3.0,6.0,2.0,7945.0,42.0,1040.0,2019.0,0.0
145505,3.0,3.0,104053.0,1.0,188.0,29.9,104926.0,1.0,178.0,25.2,5.0,6.0,22.0,1600.0,59.0,745.0,2012.0,0.0
119049,1.0,4.0,104678.0,1.0,193.0,24.1,103990.0,1.0,180.0,27.9,3.0,6.0,37.0,1075.0,23.0,1685.0,2010.0,1.0
84935,3.0,4.0,106401.0,1.0,193.0,20.3,104755.0,1.0,185.0,29.1,3.0,7.0,37.0,1110.0,13.0,2105.0,2015.0,1.0
83918,3.0,4.0,106043.0,1.0,170.0,29.2,106218.0,1.0,180.0,28.2,3.0,6.0,15.0,2760.0,57.0,1034.0,2021.0,1.0
134121,2.0,0.0,104468.0,1.0,183.0,24.4,104022.0,1.0,183.0,26.9,3.0,5.0,7.0,3970.0,44.0,1170.0,2009.0,1.0
167811,3.0,3.0,104745.0,0.0,185.0,28.6,104607.0,1.0,196.0,29.3,5.0,3.0,3.0,6585.0,7.0,4660.0,2015.0,1.0
83203,3.0,0.0,103285.0,1.0,185.0,26.8,103852.0,0.0,188.0,24.0,3.0,3.0,15.0,1480.0,23.0,1220.0,2005.0,0.0
166868,3.0,3.0,104386.0,1.0,180.0,26.5,104269.0,0.0,188.0,27.1,5.0,7.0,49.0,935.0,9.0,3240.0,2011.0,1.0
62067,3.0,0.0,103786.0,1.0,178.0,31.7,104542.0,1.0,188.0,27.8,3.0,5.0,43.0,915.0,8.0,3515.0,2013.0,1.0
123356,3.0,0.0,200282.0,1.0,183.0,19.6,104259.0,1.0,178.0,34.9,3.0,6.0,31.0,1308.0,35.0,1215.0,2018.0,1.0
90490,1.0,4.0,103852.0,0.0,188.0,23.6,103835.0,1.0,183.0,23.6,3.0,6.0,26.0,1170.0,31.0,1020.0,2005.0,1.0
105246,3.0,0.0,104731.0,1.0,203.0,35.4,200282.0,1.0,183.0,22.6,3.0,6.0,61.0,1034.0,32.0,1641.0,2021.0,1.0
203083,3.0,3.0,104468.0,1.0,183.0,26.0,104229.0,1.0,180.0,27.4,5.0,4.0,34.0,1210.0,37.0,1141.0,2011.0,0.0
23257,3.0,0.0,111442.0,1.0,183.0,27.2,144750.0,1.0,193.0,24.4,3.0,6.0,63.0,1077.0,51.0,1303.0,2021.0,0.0
128243,1.0,4.0,104068.0,1.0,183.0,21.5,102456.0,1.0,180.0,29.6,3.0,7.0,41.0,865.0,36.0,928.0,2004.0,1.0
12968,1.0,3.0,104269.0,0.0,188.0,24.5,103428.0,1.0,190.0,28.7,5.0,7.0,23.0,1240.0,42.0,805.0,2008.0,0.0
184337,3.0,4.0,104792.0,1.0,193.0,28.1,104925.0,1.0,188.0,27.4,3.0,5.0,21.0,1735.0,1.0,11510.0,2014.0,1.0
109249,3.0,4.0,103990.0,1.0,180.0,31.4,103656.0,1.0,175.0,32.8,3.0,7.0,19.0,1830.0,58.0,836.0,2013.0,0.0
164446,3.0,4.0,103598.0,1.0,185.0,22.6,103206.0,1.0,175.0,24.7,3.0,6.0,31.0,1100.0,11.0,1830.0,2003.0,1.0
143739,1.0,4.0,101965.0,1.0,185.0,31.6,102860.0,1.0,183.0,26.6,3.0,3.0,26.0,1095.0,31.0,1050.0,2003.0,1.0
164808,1.0,0.0,103990.0,1.0,180.0,25.9,104898.0,1.0,190.0,21.0,3.0,6.0,17.0,1415.0,56.0,613.0,2008.0,0.0
72667,3.0,0.0,105449.0,1.0,188.0,25.6,104542.0,1.0,188.0,30.3,3.0,5.0,49.0,915.0,19.0,1655.0,2015.0,0.0
146844,1.0,4.0,103909.0,1.0,175.0,21.2,103428.0,1.0,190.0,23.6,3.0,3.0,26.0,1165.0,33.0,975.0,2003.0,0.0
5080,1.0,1.0,104338.0,1.0,185.0,29.0,104468.0,1.0,183.0,28.2,5.0,8.0,19.0,1835.0,13.0,2390.0,2013.0,0.0
9979,3.0,3.0,103819.0,1.0,185.0,23.0,102450.0,1.0,185.0,29.9,5.0,9.0,1.0,5910.0,6.0,2380.0,2004.0,0.0
34230,1.0,4.0,103819.0,1.0,185.0,34.7,100644.0,1.0,198.0,19.0,3.0,6.0,2.0,7525.0,44.0,975.0,2016.0,0.0
30195,0.0,0.0,103835.0,1.0,183.0,26.1,103786.0,1.0,178.0,26.3,3.0,6.0,44.0,721.0,4.0,3250.0,2007.0,1.0
173888,1.0,3.0,103292.0,1.0,175.0,24.4,102856.0,1.0,190.0,26.7,5.0,6.0,22.0,1230.0,16.0,1540.0,2003.0,1.0
154850,3.0,0.0,103206.0,1.0,175.0,24.7,103103.0,1.0,183.0,25.1,3.0,5.0,12.0,1840.0,53.0,697.0,2003.0,0.0
74442,3.0,0.0,104252.0,1.0,190.0,32.9,105683.0,1.0,196.0,25.7,3.0,6.0,60.0,813.0,6.0,4510.0,2016.0,1.0
49732,3.0,0.0,106401.0,1.0,193.0,24.2,106421.0,1.0,198.0,23.4,3.0,2.0,52.0,975.0,10.0,2625.0,2019.0,0.0
202287,1.0,0.0,104273.0,1.0,188.0,30.3,104259.0,1.0,178.0,30.5,3.0,6.0,46.0,985.0,26.0,1465.0,2014.0,1.0
173273,3.0,3.0,104053.0,1.0,188.0,26.3,103819.0,1.0,185.0,27.4,5.0,9.0,9.0,3940.0,2.0,10700.0,2009.0,1.0
173912,1.0,4.0,105023.0,1.0,198.0,21.5,103285.0,1.0,185.0,30.4,3.0,7.0,60.0,1085.0,19.0,2090.0,2009.0,0.0
74872,1.0,0.0,100644.0,1.0,198.0,19.0,106233.0,1.0,185.0,22.6,3.0,9.0,49.0,920.0,15.0,2420.0,2016.0,1.0
8820,3.0,1.0,103333.0,1.0,208.0,37.7,105643.0,0.0,190.0,26.1,3.0,8.0,20.0,1795.0,41.0,1040.0,2016.0,1.0
55867,2.0,0.0,105453.0,1.0,178.0,24.4,103819.0,1.0,185.0,32.8,3.0,9.0,12.0,2645.0,4.0,4945.0,2014.0,1.0
133557,3.0,3.0,104925.0,1.0,188.0,27.2,105453.0,1.0,178.0,24.6,5.0,9.0,1.0,12770.0,11.0,2680.0,2014.0,1.0
62695,3.0,4.0,105227.0,1.0,198.0,22.8,104542.0,1.0,188.0,26.3,3.0,7.0,26.0,1375.0,10.0,2305.0,2011.0,1.0
89974,3.0,4.0,122330.0,1.0,196.0,24.3,105554.0,1.0,175.0,31.4,3.0,7.0,36.0,1516.0,24.0,1917.0,2021.0,0.0
12478,3.0,4.0,105438.0,1.0,183.0,26.3,104678.0,1.0,193.0,30.1,3.0,7.0,56.0,829.0,21.0,1580.0,2016.0,1.0
97230,1.0,0.0,105077.0,0.0,188.0,25.2,104745.0,0.0,185.0,26.8,3.0,3.0,64.0,730.0,5.0,5985.0,2013.0,1.0
103476,1.0,0.0,104745.0,0.0,185.0,34.8,105807.0,1.0,188.0,29.7,3.0,9.0,3.0,9490.0,13.0,2880.0,2021.0,0.0
26012,3.0,0.0,104979.0,1.0,185.0,23.1,104229.0,1.0,180.0,27.1,3.0,6.0,41.0,1080.0,44.0,1043.0,2010.0,0.0
20149,3.0,0.0,105227.0,1.0,198.0,23.0,104731.0,1.0,203.0,25.3,3.0,3.0,25.0,1435.0,31.0,1200.0,2011.0,0.0
94631,1.0,4.0,104678.0,1.0,193.0,24.2,104597.0,1.0,183.0,24.7,3.0,7.0,40.0,1075.0,35.0,1315.0,2010.0,1.0
76933,3.0,0.0,105223.0,1.0,198.0,20.3,103888.0,1.0,188.0,27.1,3.0,3.0,7.0,4350.0,24.0,2270.0,2009.0,1.0
60246,3.0,4.0,104252.0,1.0,190.0,23.4,104269.0,0.0,188.0,23.3,3.0,7.0,45.0,760.0,33.0,925.0,2007.0,0.0
70428,3.0,4.0,103285.0,1.0,185.0,30.8,103507.0,1.0,183.0,29.6,3.0,7.0,16.0,2055.0,21.0,1675.0,2009.0,0.0
49581,1.0,0.0,104871.0,1.0,188.0,23.6,103656.0,1.0,175.0,29.8,3.0,3.0,59.0,820.0,22.0,1770.0,2010.0,1.0
90687,3.0,1.0,105227.0,1.0,198.0,28.1,105223.0,1.0,198.0,28.1,5.0,8.0,6.0,3650.0,38.0,1110.0,2016.0,1.0
17474,1.0,0.0,111513.0,1.0,188.0,24.1,104919.0,1.0,188.0,32.1,3.0,3.0,32.0,1290.0,60.0,910.0,2019.0,0.0
33074,3.0,0.0,105916.0,1.0,188.0,30.0,133430.0,0.0,185.0,22.8,3.0,6.0,36.0,1382.0,14.0,2863.0,2022.0,1.0
176209,3.0,4.0,104792.0,1.0,193.0,18.9,103971.0,1.0,180.0,23.3,3.0,6.0,46.0,755.0,39.0,912.0,2005.0,0.0
17823,3.0,4.0,105807.0,1.0,188.0,26.6,104269.0,0.0,188.0,34.3,3.0,5.0,19.0,2045.0,39.0,1260.0,2018.0,0.0
24950,2.0,0.0,104571.0,1.0,183.0,21.9,104468.0,1.0,183.0,22.4,3.0,6.0,18.0,1490.0,52.0,650.0,2007.0,0.0
121419,1.0,4.0,105227.0,1.0,198.0,28.6,104545.0,1.0,206.0,32.0,3.0,3.0,8.0,3735.0,24.0,1705.0,2017.0,1.0
114898,1.0,4.0,105526.0,1.0,193.0,27.9,105216.0,1.0,173.0,29.5,3.0,7.0,61.0,855.0,43.0,1160.0,2018.0,0.0
87765,0.0,0.0,103428.0,1.0,190.0,27.1,103387.0,1.0,185.0,27.3,3.0,5.0,35.0,900.0,54.0,710.0,2006.0,1.0
170985,3.0,0.0,103819.0,1.0,185.0,29.5,104925.0,1.0,188.0,23.7,3.0,2.0,2.0,7965.0,3.0,7880.0,2011.0,1.0
129750,3.0,3.0,103602.0,1.0,183.0,28.0,103813.0,0.0,185.0,27.0,5.0,6.0,11.0,1615.0,37.0,930.0,2008.0,0.0
63909,3.0,4.0,103722.0,1.0,180.0,28.4,103344.0,1.0,193.0,30.4,3.0,7.0,56.0,901.0,54.0,906.0,2009.0,1.0
98246,1.0,4.0,104979.0,1.0,185.0,23.7,104252.0,1.0,190.0,27.5,3.0,7.0,43.0,1035.0,28.0,1300.0,2011.0,1.0
101061,1.0,3.0,104527.0,1.0,183.0,32.1,104918.0,1.0,190.0,30.0,5.0,9.0,3.0,5695.0,1.0,10370.0,2017.0,0.0
37402,1.0,4.0,103898.0,1.0,185.0,32.3,103990.0,1.0,180.0,31.9,3.0,6.0,51.0,935.0,18.0,1890.0,2014.0,1.0
77302,3.0,4.0,200282.0,1.0,183.0,22.4,104792.0,1.0,193.0,34.9,3.0,6.0,18.0,2600.0,22.0,2423.0,2021.0,1.0
109478,2.0,0.0,104122.0,1.0,183.0,31.3,104871.0,1.0,188.0,27.3,3.0,5.0,44.0,1010.0,43.0,1015.0,2014.0,1.0
183976,1.0,0.0,104198.0,1.0,188.0,31.8,104571.0,1.0,183.0,29.8,3.0,5.0,45.0,985.0,59.0,812.0,2015.0,0.0
59246,0.0,4.0,103900.0,1.0,180.0,23.8,103163.0,1.0,188.0,27.5,3.0,6.0,12.0,1715.0,47.0,755.0,2005.0,1.0
117775,1.0,3.0,103498.0,1.0,193.0,24.3,102860.0,1.0,183.0,27.6,5.0,4.0,20.0,1270.0,42.0,795.0,2004.0,0.0
204762,3.0,4.0,103893.0,1.0,183.0,35.2,104898.0,1.0,190.0,29.9,3.0,4.0,38.0,1077.0,47.0,923.0,2017.0,0.0
158192,2.0,3.0,106210.0,0.0,198.0,22.9,105311.0,1.0,185.0,27.2,5.0,6.0,64.0,780.0,31.0,1275.0,2016.0,0.0
118613,1.0,4.0,103808.0,1.0,188.0,23.7,103252.0,1.0,175.0,26.6,3.0,7.0,60.0,633.0,57.0,720.0,2005.0,1.0
166260,3.0,3.0,105208.0,1.0,190.0,20.3,103656.0,1.0,175.0,28.1,5.0,4.0,52.0,1438.0,42.0,1574.0,2009.0,0.0
66416,1.0,0.0,104269.0,0.0,188.0,25.4,103602.0,1.0,183.0,28.7,3.0,3.0,7.0,3790.0,14.0,2825.0,2009.0,1.0
157620,3.0,4.0,206173.0,1.0,188.0,20.1,104545.0,1.0,206.0,36.4,3.0,6.0,14.0,2895.0,23.0,2091.0,2021.0,0.0
81694,1.0,4.0,103344.0,1.0,193.0,25.0,103280.0,1.0,196.0,25.4,3.0,6.0,41.0,895.0,17.0,1340.0,2004.0,0.0
49828,1.0,0.0,105379.0,1.0,181.0,28.5,106233.0,1.0,185.0,24.4,3.0,2.0,51.0,968.0,6.0,4060.0,2018.0,1.0
156639,3.0,0.0,105238.0,1.0,180.0,21.9,103344.0,1.0,193.0,31.5,3.0,5.0,56.0,872.0,17.0,2120.0,2010.0,1.0
134666,3.0,0.0,103813.0,0.0,185.0,25.2,102967.0,1.0,188.0,29.5,3.0,5.0,19.0,1315.0,63.0,628.0,2006.0,0.0
180956,1.0,4.0,103344.0,1.0,193.0,24.0,103151.0,1.0,183.0,25.1,3.0,7.0,55.0,725.0,35.0,948.0,2003.0,0.0
146966,3.0,0.0,104229.0,1.0,180.0,30.3,104545.0,1.0,206.0,28.6,3.0,2.0,62.0,730.0,14.0,2150.0,2014.0,1.0
47869,1.0,3.0,104919.0,1.0,188.0,28.0,105227.0,1.0,198.0,26.6,5.0,6.0,22.0,1580.0,10.0,3370.0,2015.0,1.0
194403,1.0,0.0,111815.0,0.0,188.0,26.7,202104.0,1.0,170.0,21.3,3.0,3.0,11.0,3355.0,38.0,1149.0,2022.0,0.0
177113,1.0,0.0,104607.0,1.0,196.0,23.6,104871.0,1.0,188.0,22.2,3.0,9.0,28.0,1685.0,40.0,1391.0,2009.0,0.0
110846,1.0,4.0,134770.0,1.0,183.0,22.3,126774.0,1.0,193.0,22.7,3.0,5.0,22.0,2340.0,5.0,7910.0,2021.0,0.0
140760,1.0,3.0,105807.0,1.0,188.0,25.8,104745.0,0.0,185.0,30.9,5.0,3.0,21.0,2045.0,4.0,5375.0,2017.0,1.0
187129,3.0,0.0,102434.0,1.0,183.0,32.5,104053.0,1.0,188.0,24.4,3.0,3.0,64.0,574.0,4.0,2715.0,2007.0,1.0
13818,3.0,4.0,102563.0,1.0,180.0,29.9,102562.0,1.0,190.0,29.9,3.0,5.0,27.0,1163.0,26.0,1165.0,2005.0,0.0
42966,3.0,0.0,105550.0,0.0,185.0,27.6,126094.0,1.0,188.0,20.1,3.0,9.0,64.0,774.0,39.0,1229.0,2018.0,1.0
123265,3.0,0.0,104214.0,1.0,185.0,24.6,104755.0,1.0,185.0,21.7,3.0,5.0,34.0,945.0,8.0,1885.0,2008.0,0.0
42951,3.0,2.0,105777.0,1.0,188.0,26.4,105676.0,1.0,180.0,26.9,3.0,8.0,6.0,3650.0,8.0,2975.0,2017.0,0.0
85277,3.0,0.0,103888.0,1.0,188.0,28.0,105095.0,1.0,185.0,21.9,3.0,5.0,55.0,790.0,52.0,854.0,2010.0,0.0
38863,3.0,0.0,105676.0,1.0,180.0,30.2,132283.0,1.0,191.0,25.7,3.0,3.0,15.0,2600.0,36.0,1623.0,2021.0,0.0
180269,3.0,0.0,100644.0,1.0,198.0,20.5,104542.0,1.0,188.0,32.5,3.0,3.0,5.0,4400.0,15.0,2490.0,2017.0,1.0
10425,3.0,0.0,106298.0,1.0,185.0,22.5,105676.0,1.0,180.0,25.7,3.0,9.0,18.0,1831.0,14.0,2345.0,2016.0,0.0
91547,3.0,3.0,103084.0,1.0,185.0,26.7,103835.0,1.0,183.0,22.9,5.0,7.0,31.0,989.0,60.0,685.0,2004.0,0.0
185376,3.0,0.0,105064.0,0.0,188.0,28.7,105723.0,1.0,185.0,25.6,3.0,5.0,62.0,771.0,45.0,995.0,2016.0,0.0
202996,3.0,4.0,103990.0,1.0,180.0,24.2,104076.0,1.0,190.0,23.7,3.0,6.0,7.0,2050.0,26.0,1105.0,2006.0,1.0
1734,3.0,3.0,103898.0,1.0,185.0,31.0,105777.0,1.0,188.0,21.6,5.0,4.0,38.0,1015.0,41.0,1008.0,2013.0,0.0
89066,3.0,3.0,104792.0,1.0,193.0,23.9,104925.0,1.0,188.0,23.2,5.0,3.0,19.0,2070.0,3.0,6665.0,2010.0,1.0
50719,1.0,4.0,104925.0,1.0,188.0,29.9,104468.0,1.0,183.0,32.3,3.0,6.0,2.0,7905.0,32.0,1255.0,2017.0,0.0
23221,3.0,4.0,104745.0,0.0,185.0,33.1,105554.0,1.0,175.0,29.2,3.0,6.0,2.0,7945.0,53.0,980.0,2019.0,0.0
138045,3.0,0.0,103781.0,0.0,183.0,29.3,103813.0,0.0,185.0,29.1,3.0,3.0,13.0,2605.0,60.0,820.0,2010.0,1.0
30747,1.0,4.0,104745.0,0.0,185.0,29.9,105311.0,1.0,185.0,27.0,3.0,3.0,5.0,5915.0,35.0,1181.0,2016.0,0.0
147802,3.0,4.0,104871.0,1.0,188.0,27.7,103819.0,1.0,185.0,33.2,3.0,6.0,30.0,1205.0,2.0,9280.0,2014.0,1.0
117065,3.0,0.0,103852.0,0.0,188.0,26.4,104468.0,1.0,183.0,23.1,3.0,6.0,37.0,825.0,36.0,875.0,2008.0,1.0
69264,2.0,0.0,104198.0,1.0,188.0,26.0,104229.0,1.0,180.0,25.8,3.0,5.0,50.0,1116.0,64.0,925.0,2009.0,0.0
138248,1.0,0.0,102783.0,1.0,180.0,28.0,103454.0,1.0,183.0,24.6,3.0,8.0,7.0,2370.0,11.0,1633.0,2004.0,1.0
72051,3.0,3.0,104871.0,1.0,188.0,33.5,126094.0,1.0,188.0,22.8,5.0,4.0,60.0,860.0,14.0,2234.0,2020.0,1.0
194818,3.0,3.0,106233.0,1.0,185.0,23.3,105332.0,1.0,196.0,27.6,5.0,6.0,8.0,3415.0,47.0,960.0,2017.0,0.0
70896,3.0,4.0,105223.0,1.0,198.0,20.4,103506.0,1.0,183.0,29.1,3.0,7.0,7.0,4470.0,52.0,1243.0,2009.0,0.0
167653,3.0,3.0,200000.0,1.0,193.0,21.4,105554.0,1.0,175.0,31.6,5.0,6.0,9.0,3608.0,24.0,1957.0,2022.0,0.0
179985,3.0,3.0,103819.0,1.0,185.0,33.4,104620.0,1.0,183.0,29.2,5.0,7.0,2.0,9875.0,48.0,864.0,2015.0,0.0
150781,1.0,4.0,103163.0,1.0,188.0,36.0,104997.0,1.0,190.0,26.7,3.0,7.0,17.0,1915.0,59.0,831.0,2014.0,1.0
177182,3.0,0.0,102563.0,1.0,180.0,30.8,102148.0,1.0,178.0,33.1,3.0,6.0,13.0,1645.0,41.0,825.0,2006.0,1.0
145809,3.0,4.0,106210.0,0.0,198.0,24.0,103333.0,1.0,208.0,38.4,3.0,7.0,52.0,910.0,44.0,1045.0,2017.0,1.0
93551,3.0,0.0,104312.0,1.0,190.0,24.4,104607.0,1.0,196.0,22.8,3.0,6.0,34.0,955.0,20.0,1235.0,2008.0,1.0
146277,1.0,0.0,106043.0,1.0,170.0,22.6,106210.0,0.0,198.0,21.7,3.0,6.0,61.0,779.0,46.0,978.0,2015.0,1.0
58501,3.0,0.0,104925.0,1.0,188.0,21.7,104468.0,1.0,183.0,24.1,3.0,9.0,3.0,9010.0,8.0,3945.0,2009.0,0.0
199165,3.0,4.0,103970.0,1.0,175.0,30.3,104527.0,1.0,183.0,27.3,3.0,6.0,5.0,5455.0,26.0,1380.0,2012.0,1.0
197266,1.0,1.0,102845.0,1.0,190.0,28.2,104053.0,1.0,188.0,22.2,5.0,8.0,5.0,2520.0,2.0,3655.0,2004.0,0.0
160191,3.0,0.0,103333.0,1.0,208.0,37.4,104719.0,1.0,190.0,30.3,3.0,3.0,24.0,1490.0,47.0,956.0,2016.0,0.0
141618,3.0,2.0,126094.0,1.0,188.0,20.0,106432.0,1.0,188.0,20.9,3.0,9.0,35.0,1284.0,51.0,931.0,2017.0,0.0
47136,3.0,3.0,104792.0,1.0,193.0,35.3,105948.0,1.0,180.0,29.8,5.0,4.0,20.0,2373.0,64.0,976.0,2022.0,0.0
28467,1.0,4.0,103819.0,1.0,185.0,27.7,104925.0,1.0,188.0,21.9,3.0,9.0,2.0,10060.0,3.0,9160.0,2009.0,1.0
56339,3.0,0.0,200175.0,1.0,183.0,21.5,105777.0,1.0,188.0,29.8,3.0,5.0,46.0,1364.0,16.0,2620.0,2021.0,1.0
61103,1.0,4.0,104542.0,1.0,188.0,32.0,105173.0,0.0,183.0,28.7,3.0,6.0,10.0,2905.0,56.0,816.0,2017.0,1.0
167378,3.0,0.0,103898.0,1.0,185.0,28.1,104542.0,1.0,188.0,24.8,3.0,9.0,39.0,1004.0,9.0,2985.0,2010.0,0.0
58423,1.0,0.0,104269.0,0.0,188.0,23.6,104338.0,1.0,185.0,23.3,3.0,9.0,41.0,750.0,32.0,895.0,2007.0,1.0
24942,3.0,1.0,104468.0,1.0,183.0,25.7,104724.0,1.0,183.0,24.3,3.0,8.0,41.0,1055.0,57.0,868.0,2010.0,0.0
96401,3.0,0.0,111575.0,1.0,198.0,20.7,105332.0,1.0,196.0,27.7,3.0,6.0,51.0,904.0,43.0,1040.0,2017.0,1.0
39594,1.0,4.0,104745.0,0.0,185.0,30.9,104925.0,1.0,188.0,29.9,3.0,9.0,5.0,4375.0,2.0,7085.0,2017.0,0.0
4079,3.0,4.0,104545.0,1.0,206.0,26.3,103285.0,1.0,185.0,32.7,3.0,7.0,27.0,1375.0,29.0,1338.0,2011.0,1.0
21483,3.0,4.0,104468.0,1.0,183.0,31.7,104527.0,1.0,183.0,31.5,3.0,5.0,32.0,1315.0,3.0,5910.0,2016.0,0.0
81577,3.0,1.0,126207.0,1.0,188.0,24.8,132283.0,1.0,191.0,27.5,3.0,8.0,19.0,2000.0,45.0,950.0,2022.0,1.0
153307,2.0,0.0,111575.0,1.0,198.0,22.0,105138.0,1.0,183.0,30.1,3.0,3.0,36.0,1220.0,16.0,2030.0,2018.0,1.0
64334,0.0,1.0,104371.0,1.0,183.0,25.1,105223.0,1.0,198.0,20.7,5.0,8.0,64.0,906.0,5.0,5705.0,2009.0,1.0
107763,1.0,0.0,105138.0,1.0,183.0,27.2,106432.0,1.0,188.0,18.6,3.0,3.0,22.0,1475.0,36.0,1109.0,2015.0,0.0
50278,2.0,3.0,106298.0,1.0,185.0,25.3,103819.0,1.0,185.0,37.8,5.0,6.0,28.0,1340.0,3.0,6620.0,2019.0,1.0
6421,3.0,3.0,104926.0,1.0,178.0,31.2,105357.0,1.0,183.0,29.2,5.0,7.0,14.0,2190.0,55.0,963.0,2018.0,1.0
133482,3.0,0.0,104026.0,1.0,198.0,22.1,103387.0,1.0,185.0,25.1,3.0,3.0,30.0,1004.0,16.0,1335.0,2004.0,1.0
125946,1.0,0.0,104926.0,1.0,178.0,31.1,104755.0,1.0,185.0,32.0,3.0,2.0,15.0,2030.0,29.0,1465.0,2018.0,0.0
22450,2.0,0.0,105311.0,1.0,185.0,25.1,105526.0,1.0,193.0,24.1,3.0,6.0,47.0,940.0,64.0,763.0,2014.0,0.0
153686,1.0,4.0,105332.0,1.0,196.0,23.9,104471.0,1.0,183.0,28.2,3.0,7.0,33.0,1120.0,55.0,803.0,2013.0,0.0
6923,1.0,3.0,103819.0,1.0,185.0,24.8,104607.0,1.0,196.0,20.6,5.0,5.0,1.0,7010.0,20.0,1390.0,2006.0,0.0
113761,3.0,4.0,103163.0,1.0,188.0,34.5,104386.0,1.0,180.0,28.2,3.0,5.0,21.0,1553.0,9.0,3185.0,2012.0,0.0
63880,3.0,4.0,105227.0,1.0,198.0,22.0,104312.0,1.0,190.0,26.6,3.0,7.0,15.0,2330.0,58.0,855.0,2010.0,1.0
89483,3.0,4.0,103498.0,1.0,193.0,27.5,104417.0,1.0,193.0,22.9,3.0,7.0,22.0,1125.0,28.0,1035.0,2007.0,0.0
172513,3.0,4.0,103484.0,1.0,185.0,29.6,103857.0,1.0,180.0,27.8,3.0,7.0,24.0,1520.0,43.0,1073.0,2009.0,1.0
43798,3.0,0.0,104925.0,1.0,188.0,24.4,105453.0,1.0,178.0,21.8,3.0,9.0,1.0,13860.0,32.0,1225.0,2011.0,1.0
184076,3.0,0.0,105777.0,1.0,188.0,26.4,105223.0,1.0,198.0,29.0,3.0,2.0,8.0,3590.0,19.0,2225.0,2017.0,1.0
205704,3.0,0.0,104468.0,1.0,183.0,25.7,103598.0,1.0,185.0,30.1,3.0,3.0,41.0,1055.0,55.0,898.0,2010.0,0.0
162573,1.0,0.0,106071.0,1.0,193.0,23.4,104898.0,1.0,190.0,29.0,3.0,5.0,21.0,1625.0,64.0,765.0,2016.0,1.0
2499,3.0,3.0,200282.0,1.0,183.0,20.5,105453.0,1.0,178.0,29.6,5.0,6.0,38.0,1270.0,7.0,4005.0,2019.0,0.0
25612,3.0,1.0,126610.0,1.0,196.0,26.4,106432.0,1.0,188.0,25.8,3.0,8.0,15.0,2360.0,26.0,1405.0,2022.0,0.0
14146,3.0,3.0,104925.0,1.0,188.0,30.6,104792.0,1.0,193.0,31.3,5.0,7.0,14.0,2335.0,39.0,1265.0,2018.0,0.0
111401,3.0,4.0,104259.0,1.0,178.0,26.9,104053.0,1.0,188.0,28.1,3.0,7.0,32.0,1215.0,11.0,3225.0,2010.0,1.0
30805,3.0,0.0,103344.0,1.0,193.0,31.9,104979.0,1.0,185.0,23.5,3.0,6.0,14.0,2145.0,42.0,1055.0,2011.0,0.0
109612,3.0,4.0,105223.0,1.0,198.0,25.0,103163.0,1.0,188.0,35.5,3.0,5.0,5.0,4925.0,12.0,2355.0,2013.0,0.0
99992,3.0,4.0,103582.0,0.0,193.0,29.7,103852.0,0.0,188.0,28.5,3.0,7.0,51.0,842.0,34.0,1205.0,2010.0,1.0
79730,3.0,3.0,103206.0,1.0,175.0,27.6,103017.0,1.0,183.0,28.5,5.0,3.0,28.0,1080.0,25.0,1215.0,2006.0,1.0
8136,1.0,0.0,104792.0,1.0,193.0,34.7,106415.0,0.0,170.0,25.6,3.0,5.0,14.0,2703.0,60.0,1084.0,2021.0,1.0
198171,1.0,3.0,104678.0,1.0,193.0,27.2,104593.0,1.0,185.0,27.8,5.0,7.0,57.0,800.0,49.0,857.0,2013.0,0.0
77832,2.0,0.0,105064.0,0.0,188.0,24.5,104542.0,1.0,188.0,27.2,3.0,7.0,40.0,972.0,6.0,5230.0,2012.0,1.0
116240,2.0,0.0,105932.0,1.0,185.0,25.3,104180.0,0.0,193.0,34.1,3.0,6.0,51.0,866.0,26.0,1585.0,2017.0,1.0
107252,1.0,4.0,104571.0,1.0,183.0,21.9,104259.0,1.0,178.0,23.5,3.0,7.0,18.0,1375.0,33.0,875.0,2007.0,1.0
92875,1.0,4.0,104871.0,1.0,188.0,34.1,105777.0,1.0,188.0,29.9,3.0,6.0,53.0,1168.0,17.0,2598.0,2021.0,1.0
74427,1.0,3.0,105332.0,1.0,196.0,28.0,104745.0,0.0,185.0,30.9,5.0,4.0,45.0,950.0,4.0,5375.0,2017.0,1.0
15748,1.0,0.0,104338.0,1.0,185.0,24.1,103786.0,1.0,178.0,26.9,3.0,2.0,14.0,1430.0,4.0,3290.0,2008.0,1.0
79061,1.0,0.0,104312.0,1.0,190.0,32.2,106233.0,1.0,185.0,22.6,3.0,3.0,41.0,1050.0,15.0,2430.0,2016.0,1.0
8047,1.0,0.0,104386.0,1.0,180.0,32.9,105992.0,1.0,183.0,25.0,3.0,6.0,61.0,820.0,42.0,998.0,2017.0,0.0
78778,3.0,3.0,105932.0,1.0,185.0,26.5,104745.0,0.0,185.0,32.2,5.0,5.0,37.0,1152.0,1.0,10040.0,2018.0,1.0
175804,3.0,4.0,105077.0,0.0,188.0,28.7,104542.0,1.0,188.0,31.5,3.0,6.0,26.0,1435.0,13.0,2460.0,2016.0,1.0
177961,3.0,1.0,105554.0,1.0,175.0,29.4,122330.0,1.0,196.0,22.4,3.0,8.0,42.0,1124.0,57.0,919.0,2019.0,1.0
159468,3.0,4.0,104545.0,1.0,206.0,30.8,105173.0,0.0,183.0,27.6,3.0,6.0,11.0,2585.0,60.0,800.0,2016.0,0.0
75178,3.0,4.0,104620.0,1.0,183.0,23.0,104597.0,1.0,183.0,23.1,3.0,7.0,43.0,810.0,17.0,1305.0,2008.0,0.0
89610,1.0,4.0,103786.0,1.0,178.0,27.9,104053.0,1.0,188.0,26.6,3.0,5.0,11.0,3265.0,6.0,4040.0,2009.0,1.0
87535,1.0,3.0,103694.0,1.0,168.0,24.3,103786.0,1.0,178.0,23.9,5.0,7.0,45.0,851.0,12.0,1640.0,2005.0,1.0
106842,3.0,4.0,101965.0,1.0,185.0,32.0,103344.0,1.0,193.0,24.5,3.0,7.0,28.0,1090.0,42.0,865.0,2003.0,0.0
95519,3.0,4.0,104925.0,1.0,188.0,26.2,104338.0,1.0,185.0,29.3,3.0,6.0,1.0,11400.0,32.0,1240.0,2013.0,0.0
42693,3.0,0.0,104259.0,1.0,178.0,23.2,103103.0,1.0,183.0,29.0,3.0,5.0,63.0,596.0,22.0,1183.0,2007.0,0.0
150459,3.0,0.0,103786.0,1.0,178.0,32.3,104229.0,1.0,180.0,30.1,3.0,6.0,47.0,935.0,52.0,895.0,2013.0,0.0
97251,1.0,0.0,106043.0,1.0,170.0,24.6,104898.0,1.0,190.0,30.0,3.0,6.0,34.0,1162.0,46.0,933.0,2017.0,1.0
66192,3.0,4.0,104925.0,1.0,188.0,31.2,105777.0,1.0,188.0,27.2,3.0,5.0,10.0,3445.0,5.0,4700.0,2018.0,0.0
88085,0.0,0.0,102106.0,1.0,188.0,30.4,103018.0,1.0,196.0,25.5,3.0,5.0,44.0,773.0,45.0,760.0,2003.0,0.0
186927,3.0,4.0,104068.0,1.0,183.0,23.4,103294.0,1.0,170.0,27.2,3.0,6.0,21.0,1450.0,50.0,785.0,2006.0,1.0
96271,1.0,3.0,105217.0,1.0,193.0,21.6,104542.0,1.0,188.0,25.1,5.0,6.0,50.0,858.0,10.0,3185.0,2010.0,1.0
153335,3.0,0.0,105023.0,1.0,198.0,31.9,105138.0,1.0,183.0,31.4,3.0,6.0,55.0,1010.0,10.0,2575.0,2019.0,0.0
75559,2.0,3.0,106401.0,1.0,193.0,27.1,106426.0,1.0,185.0,26.0,5.0,3.0,40.0,1070.0,43.0,1055.0,2022.0,0.0
154677,3.0,4.0,104338.0,1.0,185.0,23.5,103602.0,1.0,183.0,27.2,3.0,5.0,20.0,1350.0,6.0,2245.0,2007.0,1.0
85949,2.0,0.0,103819.0,1.0,185.0,34.8,104291.0,1.0,185.0,32.3,3.0,5.0,3.0,6745.0,64.0,787.0,2016.0,0.0
96206,3.0,0.0,104871.0,1.0,188.0,31.6,126774.0,1.0,193.0,20.1,3.0,6.0,41.0,1110.0,16.0,2155.0,2018.0,1.0
73283,1.0,3.0,103280.0,1.0,196.0,24.5,103507.0,1.0,183.0,23.2,5.0,2.0,46.0,793.0,3.0,3460.0,2003.0,1.0
40959,3.0,0.0,103970.0,1.0,175.0,30.7,104259.0,1.0,178.0,29.2,3.0,2.0,5.0,6505.0,19.0,1770.0,2013.0,0.0
188818,1.0,4.0,104259.0,1.0,178.0,24.5,103990.0,1.0,180.0,26.0,3.0,7.0,34.0,935.0,16.0,1400.0,2008.0,1.0
94506,3.0,0.0,104545.0,1.0,206.0,26.3,103813.0,0.0,185.0,30.0,3.0,5.0,28.0,1340.0,50.0,876.0,2011.0,0.0
29322,3.0,4.0,103103.0,1.0,183.0,26.5,102035.0,1.0,183.0,32.3,3.0,6.0,21.0,1168.0,38.0,840.0,2004.0,1.0
101090,1.0,0.0,104979.0,1.0,185.0,23.8,104338.0,1.0,185.0,27.1,3.0,8.0,45.0,1025.0,38.0,1085.0,2011.0,1.0
205534,1.0,4.0,103819.0,1.0,185.0,31.7,105332.0,1.0,196.0,24.0,3.0,9.0,3.0,7760.0,36.0,1065.0,2013.0,0.0
57365,1.0,3.0,103163.0,1.0,188.0,27.1,102434.0,1.0,183.0,30.8,5.0,7.0,22.0,1215.0,41.0,875.0,2005.0,0.0
154238,3.0,3.0,104871.0,1.0,188.0,25.9,104312.0,1.0,190.0,28.8,5.0,5.0,36.0,1063.0,23.0,1595.0,2013.0,0.0
134767,3.0,0.0,104468.0,1.0,183.0,34.7,104542.0,1.0,188.0,34.4,3.0,5.0,47.0,1035.0,36.0,1230.0,2019.0,0.0
136937,3.0,0.0,103900.0,1.0,180.0,29.0,104332.0,1.0,185.0,26.7,3.0,5.0,27.0,1480.0,59.0,839.0,2011.0,0.0
59817,3.0,4.0,104022.0,1.0,183.0,26.7,104871.0,1.0,188.0,22.1,3.0,4.0,62.0,1110.0,45.0,1361.0,2009.0,0.0
39881,3.0,4.0,105683.0,1.0,196.0,29.8,105379.0,1.0,181.0,31.2,3.0,7.0,17.0,2265.0,53.0,1045.0,2020.0,0.0
136601,1.0,4.0,104745.0,0.0,185.0,31.9,104792.0,1.0,193.0,31.6,3.0,6.0,1.0,8770.0,41.0,1175.0,2018.0,0.0
160360,3.0,0.0,104655.0,1.0,180.0,28.7,104471.0,1.0,183.0,29.7,3.0,5.0,37.0,1059.0,64.0,770.0,2014.0,0.0
45729,3.0,3.0,105379.0,1.0,181.0,31.5,122330.0,1.0,196.0,23.6,5.0,4.0,57.0,1065.0,45.0,1220.0,2021.0,1.0
41846,1.0,0.0,103722.0,1.0,180.0,29.1,104678.0,1.0,193.0,24.2,3.0,5.0,64.0,745.0,39.0,1075.0,2010.0,1.0
31416,3.0,0.0,103084.0,1.0,185.0,26.8,103758.0,1.0,188.0,23.4,3.0,5.0,26.0,1199.0,40.0,845.0,2004.0,0.0
114797,3.0,4.0,104871.0,1.0,188.0,24.1,105453.0,1.0,178.0,21.2,3.0,4.0,49.0,955.0,62.0,812.0,2011.0,1.0
188451,3.0,0.0,104678.0,1.0,193.0,30.9,105777.0,1.0,188.0,25.7,3.0,3.0,37.0,1120.0,13.0,2765.0,2017.0,1.0
155888,1.0,4.0,103990.0,1.0,180.0,22.0,103909.0,1.0,175.0,22.3,3.0,5.0,19.0,1315.0,3.0,3640.0,2004.0,1.0
69863,2.0,3.0,104339.0,1.0,196.0,24.2,103566.0,0.0,190.0,28.0,5.0,4.0,43.0,845.0,34.0,951.0,2008.0,0.0
182148,3.0,4.0,103344.0,1.0,193.0,28.0,103835.0,1.0,183.0,25.5,3.0,7.0,7.0,2395.0,52.0,687.0,2007.0,0.0
184590,2.0,3.0,106426.0,1.0,185.0,26.0,200282.0,1.0,183.0,23.3,5.0,5.0,43.0,1055.0,27.0,1473.0,2022.0,0.0
122552,2.0,3.0,105223.0,1.0,198.0,20.7,103096.0,1.0,173.0,31.5,5.0,4.0,5.0,5730.0,53.0,1059.0,2009.0,0.0
85625,3.0,0.0,106378.0,1.0,188.0,22.5,105992.0,1.0,183.0,25.2,3.0,9.0,45.0,933.0,42.0,983.0,2017.0,1.0
93402,3.0,3.0,104607.0,1.0,196.0,21.9,104053.0,1.0,188.0,24.9,5.0,5.0,9.0,1925.0,5.0,2990.0,2007.0,1.0
108290,1.0,3.0,105373.0,0.0,190.0,24.8,104898.0,1.0,190.0,27.1,5.0,7.0,59.0,795.0,50.0,910.0,2014.0,0.0
173265,2.0,0.0,104898.0,1.0,190.0,31.2,105311.0,1.0,185.0,29.2,3.0,6.0,43.0,1120.0,47.0,1016.0,2018.0,0.0
178689,2.0,0.0,200000.0,1.0,193.0,21.8,134868.0,1.0,188.0,25.9,3.0,5.0,9.0,3955.0,56.0,984.0,2022.0,0.0
165185,3.0,0.0,102148.0,1.0,178.0,33.1,102563.0,1.0,180.0,30.8,3.0,6.0,41.0,825.0,13.0,1645.0,2006.0,0.0
134772,3.0,4.0,106218.0,1.0,180.0,29.0,105138.0,1.0,183.0,34.3,3.0,6.0,54.0,836.0,19.0,1760.0,2022.0,1.0
166124,3.0,3.0,103813.0,0.0,185.0,24.1,103018.0,1.0,196.0,28.1,5.0,6.0,57.0,667.0,32.0,1055.0,2005.0,0.0
206100,3.0,0.0,103344.0,1.0,193.0,31.5,105238.0,1.0,180.0,21.9,3.0,5.0,17.0,2120.0,56.0,872.0,2010.0,0.0
182511,3.0,4.0,200000.0,1.0,193.0,19.1,122330.0,1.0,196.0,22.3,3.0,7.0,19.0,1719.0,54.0,1004.0,2019.0,0.0
92292,3.0,3.0,103018.0,1.0,196.0,28.5,103819.0,1.0,185.0,24.4,5.0,6.0,34.0,890.0,1.0,6725.0,2006.0,1.0
78794,3.0,4.0,103333.0,1.0,208.0,36.4,105373.0,0.0,190.0,26.0,3.0,6.0,21.0,1575.0,39.0,1100.0,2015.0,0.0
187276,3.0,0.0,105208.0,1.0,190.0,26.3,106210.0,0.0,198.0,21.5,3.0,5.0,13.0,2455.0,63.0,743.0,2015.0,1.0
74002,1.0,4.0,103602.0,1.0,183.0,26.7,104098.0,1.0,185.0,24.3,3.0,6.0,6.0,2535.0,24.0,1120.0,2007.0,0.0
99761,1.0,0.0,111513.0,1.0,188.0,24.1,105936.0,1.0,185.0,27.3,3.0,6.0,31.0,1335.0,58.0,928.0,2019.0,1.0
202609,3.0,0.0,106421.0,1.0,198.0,22.4,133430.0,0.0,185.0,19.2,3.0,6.0,63.0,892.0,26.0,1530.0,2018.0,1.0
137935,3.0,2.0,104925.0,1.0,188.0,26.4,104527.0,1.0,183.0,28.6,3.0,9.0,2.0,10610.0,8.0,3330.0,2013.0,0.0
150917,3.0,4.0,103454.0,1.0,183.0,25.8,102450.0,1.0,185.0,30.9,3.0,7.0,31.0,1060.0,12.0,1515.0,2005.0,1.0
25892,3.0,3.0,105173.0,0.0,183.0,29.1,106233.0,1.0,185.0,23.9,5.0,6.0,34.0,1255.0,8.0,4030.0,2017.0,1.0
133613,3.0,0.0,106421.0,1.0,198.0,22.6,126774.0,1.0,193.0,20.1,3.0,3.0,20.0,1842.0,16.0,2155.0,2018.0,0.0
154513,1.0,4.0,104259.0,1.0,178.0,25.5,104745.0,0.0,185.0,22.9,3.0,5.0,35.0,1510.0,1.0,15360.0,2009.0,1.0
31352,3.0,0.0,105023.0,1.0,198.0,21.3,103163.0,1.0,188.0,30.8,3.0,6.0,37.0,1615.0,61.0,1185.0,2009.0,0.0
55128,3.0,4.0,103285.0,1.0,185.0,28.2,102845.0,1.0,190.0,30.5,3.0,7.0,26.0,1070.0,36.0,870.0,2007.0,1.0
195815,1.0,3.0,104745.0,0.0,185.0,30.9,106233.0,1.0,185.0,23.7,5.0,9.0,4.0,5375.0,7.0,4145.0,2017.0,0.0
151591,3.0,4.0,103819.0,1.0,185.0,25.1,103900.0,1.0,180.0,24.7,3.0,9.0,1.0,7370.0,4.0,2900.0,2006.0,0.0
143762,3.0,0.0,104755.0,1.0,185.0,24.6,103819.0,1.0,185.0,29.5,3.0,9.0,28.0,1360.0,2.0,7965.0,2011.0,1.0
63266,3.0,4.0,104755.0,1.0,185.0,33.1,105138.0,1.0,183.0,31.3,3.0,3.0,56.0,930.0,11.0,2395.0,2019.0,0.0
173063,0.0,4.0,103908.0,1.0,185.0,23.8,103285.0,1.0,185.0,26.9,3.0,5.0,56.0,668.0,14.0,1580.0,2005.0,1.0
53676,1.0,0.0,104122.0,1.0,183.0,31.2,104607.0,1.0,196.0,28.6,3.0,2.0,62.0,735.0,6.0,4720.0,2014.0,0.0
105991,3.0,3.0,105777.0,1.0,188.0,20.2,104792.0,1.0,193.0,24.9,5.0,4.0,57.0,801.0,7.0,3165.0,2011.0,1.0
131661,1.0,0.0,102856.0,1.0,190.0,26.6,103507.0,1.0,183.0,23.1,3.0,3.0,15.0,1620.0,3.0,3135.0,2003.0,1.0
156973,0.0,4.0,103163.0,1.0,188.0,28.5,103498.0,1.0,193.0,26.7,3.0,3.0,13.0,1740.0,37.0,890.0,2006.0,0.0
150358,3.0,3.0,106043.0,1.0,170.0,27.4,104925.0,1.0,188.0,32.6,5.0,5.0,14.0,2130.0,2.0,9720.0,2020.0,1.0
175435,3.0,4.0,104745.0,0.0,185.0,33.1,105550.0,0.0,185.0,29.2,3.0,5.0,2.0,7945.0,24.0,1640.0,2019.0,0.0
121131,3.0,0.0,102905.0,0.0,175.0,30.7,103852.0,0.0,188.0,26.0,3.0,5.0,60.0,600.0,43.0,736.0,2007.0,1.0
31442,0.0,1.0,103813.0,0.0,185.0,21.6,102905.0,0.0,175.0,26.2,5.0,8.0,32.0,1005.0,59.0,670.0,2003.0,0.0
120332,1.0,3.0,104925.0,1.0,188.0,26.0,105777.0,1.0,188.0,22.0,5.0,6.0,1.0,12310.0,28.0,1355.0,2013.0,0.0
59381,2.0,0.0,103602.0,1.0,183.0,26.8,104068.0,1.0,183.0,24.6,3.0,5.0,6.0,2780.0,45.0,720.0,2007.0,0.0
187263,3.0,0.0,104338.0,1.0,185.0,26.5,103781.0,0.0,183.0,29.3,3.0,6.0,35.0,1175.0,13.0,2560.0,2010.0,1.0
73070,1.0,4.0,105227.0,1.0,198.0,20.5,104338.0,1.0,185.0,25.0,3.0,5.0,15.0,2555.0,58.0,1105.0,2009.0,1.0
48706,3.0,4.0,104719.0,1.0,190.0,27.5,104098.0,1.0,185.0,30.8,3.0,7.0,39.0,1110.0,30.0,1244.0,2013.0,0.0
10202,3.0,4.0,104527.0,1.0,183.0,22.3,104022.0,1.0,183.0,25.1,3.0,6.0,53.0,665.0,13.0,1840.0,2007.0,1.0
37106,3.0,3.0,104745.0,0.0,185.0,27.6,105777.0,1.0,188.0,22.6,5.0,3.0,1.0,13130.0,22.0,1460.0,2014.0,0.0
176808,3.0,4.0,105062.0,1.0,183.0,26.2,104229.0,1.0,180.0,30.5,3.0,4.0,56.0,822.0,50.0,930.0,2014.0,1.0
70473,1.0,3.0,103507.0,1.0,183.0,25.2,103971.0,1.0,180.0,23.1,5.0,4.0,33.0,995.0,42.0,867.0,2005.0,0.0
178725,1.0,4.0,104731.0,1.0,203.0,26.9,105227.0,1.0,198.0,24.5,3.0,6.0,26.0,1295.0,11.0,2675.0,2013.0,1.0
198480,3.0,3.0,104813.0,1.0,183.0,26.9,103819.0,1.0,185.0,32.0,5.0,4.0,62.0,771.0,7.0,4695.0,2013.0,1.0
172268,1.0,3.0,104269.0,0.0,188.0,24.5,104022.0,1.0,183.0,25.9,5.0,6.0,23.0,1240.0,15.0,1410.0,2008.0,0.0
200155,3.0,4.0,103598.0,1.0,185.0,24.6,103018.0,1.0,196.0,27.6,3.0,4.0,35.0,978.0,37.0,950.0,2005.0,1.0
70003,1.0,0.0,104338.0,1.0,185.0,25.8,104547.0,0.0,188.0,24.8,3.0,3.0,27.0,1355.0,52.0,821.0,2010.0,0.0
24482,3.0,0.0,103917.0,1.0,190.0,31.9,105223.0,1.0,198.0,25.2,3.0,5.0,50.0,938.0,5.0,5255.0,2014.0,1.0
149008,2.0,0.0,126774.0,1.0,193.0,23.8,126127.0,1.0,185.0,26.0,3.0,6.0,6.0,4945.0,52.0,981.0,2022.0,0.0
33586,3.0,3.0,104542.0,1.0,188.0,31.3,104925.0,1.0,188.0,29.2,5.0,3.0,11.0,2875.0,1.0,14840.0,2016.0,1.0
159450,3.0,0.0,103103.0,1.0,183.0,27.1,103786.0,1.0,178.0,23.7,3.0,5.0,22.0,1311.0,16.0,1420.0,2005.0,1.0
158343,1.0,4.0,105932.0,1.0,185.0,29.1,105936.0,1.0,185.0,29.1,3.0,7.0,36.0,1645.0,37.0,1616.0,2021.0,1.0
55016,2.0,3.0,105676.0,1.0,180.0,28.5,104269.0,0.0,188.0,35.6,5.0,5.0,23.0,1510.0,37.0,1235.0,2019.0,0.0
147874,3.0,0.0,126239.0,1.0,196.0,26.4,105902.0,1.0,183.0,29.9,3.0,8.0,58.0,1029.0,49.0,1176.0,2022.0,0.0
100079,3.0,0.0,126203.0,1.0,193.0,21.9,100644.0,1.0,198.0,22.5,3.0,6.0,31.0,1360.0,6.0,4425.0,2019.0,0.0
22260,3.0,0.0,104312.0,1.0,190.0,31.0,104755.0,1.0,185.0,28.6,3.0,6.0,36.0,1145.0,27.0,1365.0,2015.0,1.0
117368,3.0,0.0,102950.0,1.0,180.0,25.9,103720.0,1.0,180.0,22.0,3.0,6.0,57.0,676.0,1.0,4480.0,2003.0,1.0
91508,1.0,3.0,103813.0,0.0,185.0,25.8,103720.0,1.0,180.0,26.2,5.0,6.0,23.0,1170.0,16.0,1540.0,2007.0,1.0
177874,2.0,0.0,104755.0,1.0,185.0,18.9,103387.0,1.0,185.0,25.9,3.0,3.0,27.0,1170.0,37.0,915.0,2005.0,0.0
91483,3.0,0.0,126239.0,1.0,196.0,26.4,111575.0,1.0,198.0,25.6,3.0,3.0,58.0,1057.0,30.0,1726.0,2022.0,0.0
12064,3.0,4.0,105095.0,1.0,185.0,22.0,104417.0,1.0,193.0,25.5,3.0,7.0,57.0,757.0,7.0,3905.0,2010.0,1.0
149639,1.0,4.0,103990.0,1.0,180.0,26.0,103786.0,1.0,178.0,26.9,3.0,5.0,16.0,1400.0,4.0,3440.0,2008.0,0.0
59379,2.0,3.0,104607.0,1.0,196.0,19.7,103758.0,1.0,188.0,24.1,5.0,6.0,49.0,741.0,30.0,1095.0,2005.0,1.0
1977,3.0,0.0,104731.0,1.0,203.0,29.4,106210.0,0.0,198.0,22.2,3.0,5.0,11.0,2565.0,40.0,1067.0,2015.0,0.0
37098,3.0,0.0,104755.0,1.0,185.0,30.6,104678.0,1.0,193.0,31.0,3.0,6.0,19.0,1875.0,38.0,1075.0,2017.0,0.0
36271,3.0,0.0,104597.0,1.0,183.0,31.3,104999.0,0.0,190.0,29.3,3.0,6.0,43.0,1040.0,50.0,884.0,2017.0,1.0
111989,3.0,0.0,105777.0,1.0,188.0,30.3,134770.0,1.0,183.0,22.7,3.0,9.0,29.0,1801.0,10.0,3440.0,2021.0,1.0
204600,1.0,0.0,105311.0,1.0,185.0,26.3,104926.0,1.0,178.0,28.1,3.0,3.0,51.0,881.0,32.0,1160.0,2015.0,0.0
82473,3.0,0.0,101736.0,1.0,180.0,33.2,103602.0,1.0,183.0,22.9,3.0,9.0,1.0,3940.0,14.0,1510.0,2003.0,1.0
21752,0.0,1.0,102035.0,1.0,183.0,35.4,104053.0,1.0,188.0,25.0,5.0,8.0,55.0,615.0,5.0,2540.0,2007.0,1.0
173873,3.0,3.0,103852.0,0.0,188.0,36.9,104269.0,0.0,188.0,34.7,5.0,4.0,63.0,850.0,32.0,1330.0,2018.0,1.0
200634,3.0,0.0,104339.0,1.0,196.0,20.8,102434.0,1.0,183.0,30.5,3.0,9.0,29.0,1131.0,21.0,1320.0,2005.0,0.0
102325,1.0,3.0,105777.0,1.0,188.0,29.3,126774.0,1.0,193.0,22.1,5.0,5.0,20.0,2055.0,6.0,5385.0,2020.0,1.0
77596,3.0,4.0,103720.0,1.0,180.0,24.0,101736.0,1.0,180.0,34.8,3.0,3.0,2.0,3990.0,9.0,1995.0,2005.0,0.0
71312,2.0,3.0,103285.0,1.0,185.0,32.5,104269.0,0.0,188.0,27.5,5.0,4.0,60.0,873.0,22.0,1425.0,2011.0,1.0
50112,1.0,1.0,102905.0,0.0,175.0,31.0,103484.0,1.0,185.0,28.1,5.0,8.0,55.0,588.0,12.0,1645.0,2008.0,1.0
3396,3.0,3.0,102202.0,0.0,190.0,32.7,104269.0,0.0,188.0,22.1,5.0,4.0,63.0,590.0,30.0,925.0,2006.0,1.0
59388,3.0,4.0,104918.0,1.0,190.0,29.2,104731.0,1.0,203.0,30.2,3.0,5.0,2.0,9065.0,24.0,1505.0,2016.0,0.0
14772,3.0,0.0,125802.0,1.0,193.0,27.9,111456.0,1.0,178.0,26.7,3.0,6.0,48.0,1159.0,56.0,1119.0,2022.0,1.0
2641,3.0,3.0,100644.0,1.0,198.0,23.3,105173.0,0.0,183.0,32.1,5.0,6.0,7.0,3630.0,39.0,1191.0,2020.0,0.0
192027,3.0,0.0,103507.0,1.0,183.0,28.6,103333.0,1.0,208.0,29.6,3.0,6.0,44.0,815.0,14.0,1420.0,2008.0,0.0
24197,3.0,0.0,126094.0,1.0,188.0,24.9,126774.0,1.0,193.0,24.1,3.0,9.0,9.0,3345.0,6.0,4810.0,2022.0,1.0
108400,1.0,4.0,103498.0,1.0,193.0,27.2,103454.0,1.0,183.0,27.5,3.0,7.0,26.0,1065.0,51.0,700.0,2007.0,0.0
108484,1.0,4.0,102450.0,1.0,185.0,29.6,102434.0,1.0,183.0,29.7,3.0,7.0,7.0,2075.0,31.0,985.0,2004.0,0.0
189210,1.0,4.0,100644.0,1.0,198.0,21.0,104919.0,1.0,188.0,30.9,3.0,5.0,3.0,5195.0,45.0,1086.0,2018.0,0.0
135242,3.0,3.0,104252.0,1.0,190.0,26.2,104678.0,1.0,193.0,23.9,5.0,7.0,60.0,746.0,30.0,1220.0,2010.0,0.0
40907,1.0,0.0,126207.0,1.0,188.0,24.2,200000.0,1.0,193.0,21.6,3.0,5.0,29.0,1488.0,9.0,3625.0,2022.0,1.0
69032,3.0,4.0,103163.0,1.0,188.0,30.2,102845.0,1.0,190.0,31.8,3.0,7.0,46.0,850.0,28.0,1040.0,2008.0,0.0
4250,3.0,3.0,106421.0,1.0,198.0,23.5,104527.0,1.0,183.0,34.4,5.0,3.0,5.0,4125.0,24.0,1535.0,2019.0,0.0
117051,3.0,0.0,105227.0,1.0,198.0,20.2,104719.0,1.0,190.0,22.7,3.0,9.0,27.0,2250.0,55.0,1384.0,2009.0,0.0
29451,3.0,0.0,103970.0,1.0,175.0,27.5,103602.0,1.0,183.0,29.1,3.0,6.0,19.0,1770.0,12.0,2775.0,2009.0,1.0
101094,1.0,0.0,111442.0,1.0,183.0,26.3,200175.0,1.0,183.0,21.0,3.0,5.0,63.0,829.0,47.0,1028.0,2020.0,1.0
19861,3.0,4.0,103096.0,1.0,173.0,26.2,103344.0,1.0,193.0,25.0,3.0,7.0,26.0,1105.0,40.0,920.0,2004.0,1.0
108444,3.0,4.0,104925.0,1.0,188.0,27.2,104792.0,1.0,193.0,27.9,3.0,6.0,1.0,13130.0,22.0,1545.0,2014.0,0.0
19896,3.0,4.0,105208.0,1.0,190.0,26.5,104338.0,1.0,185.0,30.9,3.0,7.0,16.0,1910.0,46.0,940.0,2015.0,1.0
43035,1.0,0.0,104022.0,1.0,183.0,26.8,104597.0,1.0,183.0,23.7,3.0,5.0,64.0,1045.0,26.0,1735.0,2009.0,0.0
72568,3.0,4.0,104386.0,1.0,180.0,26.7,104898.0,1.0,190.0,23.9,3.0,4.0,44.0,1020.0,63.0,803.0,2011.0,0.0
200273,3.0,4.0,105683.0,1.0,196.0,20.8,103898.0,1.0,185.0,29.8,3.0,7.0,29.0,1290.0,54.0,873.0,2011.0,1.0
112991,1.0,4.0,103498.0,1.0,193.0,24.2,103206.0,1.0,175.0,25.9,3.0,7.0,21.0,1195.0,10.0,1695.0,2004.0,0.0
202721,1.0,4.0,134770.0,1.0,183.0,22.3,104926.0,1.0,178.0,33.8,3.0,3.0,27.0,1927.0,18.0,2548.0,2021.0,0.0
143990,3.0,4.0,105676.0,1.0,180.0,29.7,106432.0,1.0,188.0,23.7,3.0,6.0,10.0,2555.0,33.0,1320.0,2020.0,0.0
134922,3.0,2.0,104542.0,1.0,188.0,26.5,104745.0,0.0,185.0,25.4,3.0,8.0,6.0,3535.0,2.0,9375.0,2011.0,0.0
144499,1.0,4.0,104542.0,1.0,188.0,30.0,106058.0,1.0,185.0,22.6,3.0,6.0,14.0,2045.0,37.0,1102.0,2015.0,0.0
42821,3.0,4.0,128034.0,1.0,196.0,24.6,106234.0,1.0,185.0,28.0,3.0,5.0,12.0,3333.0,24.0,2085.0,2021.0,0.0
8554,2.0,0.0,102148.0,1.0,178.0,33.5,104022.0,1.0,183.0,23.9,3.0,6.0,49.0,777.0,38.0,830.0,2006.0,0.0
191096,3.0,0.0,103819.0,1.0,185.0,24.5,104527.0,1.0,183.0,20.9,3.0,6.0,1.0,6725.0,57.0,677.0,2006.0,0.0
53472,1.0,4.0,104719.0,1.0,190.0,28.0,103852.0,0.0,188.0,32.6,3.0,7.0,31.0,1215.0,27.0,1395.0,2014.0,0.0
21307,1.0,4.0,102845.0,1.0,190.0,28.6,103808.0,1.0,188.0,23.8,3.0,7.0,8.0,2050.0,61.0,616.0,2005.0,1.0
21013,3.0,0.0,103507.0,1.0,183.0,29.4,103163.0,1.0,188.0,31.3,3.0,5.0,29.0,1374.0,23.0,1765.0,2009.0,1.0
199612,3.0,4.0,103781.0,0.0,183.0,31.3,104468.0,1.0,183.0,27.7,3.0,7.0,35.0,1067.0,18.0,1860.0,2012.0,1.0
79860,3.0,4.0,104269.0,0.0,188.0,20.6,102845.0,1.0,190.0,27.9,3.0,7.0,32.0,921.0,4.0,2555.0,2004.0,1.0
24912,1.0,0.0,105732.0,1.0,188.0,28.1,105449.0,1.0,188.0,29.4,3.0,5.0,42.0,1053.0,59.0,850.0,2019.0,1.0
102310,3.0,0.0,103017.0,1.0,183.0,26.6,102998.0,1.0,190.0,26.7,3.0,3.0,57.0,621.0,63.0,570.0,2004.0,0.0
41626,3.0,0.0,104571.0,1.0,183.0,31.3,104731.0,1.0,203.0,30.4,3.0,6.0,35.0,1185.0,48.0,895.0,2016.0,1.0
120600,3.0,3.0,105216.0,1.0,173.0,29.3,106058.0,1.0,185.0,25.3,5.0,4.0,41.0,1200.0,9.0,2960.0,2018.0,0.0
68335,2.0,3.0,104898.0,1.0,190.0,30.2,126207.0,1.0,188.0,19.4,5.0,4.0,38.0,1028.0,64.0,756.0,2017.0,1.0
67083,3.0,4.0,104871.0,1.0,188.0,27.0,104338.0,1.0,185.0,29.9,3.0,4.0,48.0,955.0,41.0,1015.0,2014.0,0.0
146472,3.0,0.0,124187.0,1.0,211.0,22.1,105138.0,1.0,183.0,31.5,3.0,3.0,37.0,1203.0,10.0,2575.0,2019.0,0.0
97177,2.0,0.0,104053.0,1.0,188.0,20.7,101736.0,1.0,180.0,33.1,3.0,9.0,7.0,2225.0,2.0,3900.0,2003.0,0.0
2254,3.0,3.0,103819.0,1.0,185.0,30.0,105227.0,1.0,198.0,22.9,5.0,6.0,3.0,8380.0,28.0,1375.0,2011.0,0.0
79741,3.0,3.0,104273.0,1.0,188.0,30.1,104731.0,1.0,203.0,27.6,5.0,6.0,40.0,1038.0,21.0,1580.0,2014.0,1.0
194256,3.0,4.0,104655.0,1.0,180.0,23.8,103333.0,1.0,208.0,30.6,3.0,7.0,48.0,901.0,39.0,1015.0,2009.0,1.0
20453,3.0,0.0,104597.0,1.0,183.0,23.1,104724.0,1.0,183.0,22.4,3.0,6.0,19.0,1305.0,54.0,706.0,2008.0,1.0
144006,1.0,3.0,104925.0,1.0,188.0,28.0,104527.0,1.0,183.0,30.1,5.0,2.0,1.0,13845.0,9.0,3845.0,2015.0,1.0
185735,3.0,0.0,103786.0,1.0,178.0,31.6,104252.0,1.0,190.0,29.3,3.0,6.0,37.0,1050.0,28.0,1260.0,2013.0,0.0
162409,3.0,4.0,103602.0,1.0,183.0,27.2,104022.0,1.0,183.0,25.3,3.0,6.0,9.0,1905.0,18.0,1445.0,2007.0,1.0
206835,3.0,4.0,104312.0,1.0,190.0,23.6,105023.0,1.0,198.0,20.0,3.0,7.0,58.0,629.0,62.0,605.0,2007.0,0.0
174694,1.0,4.0,104468.0,1.0,183.0,34.2,104926.0,1.0,178.0,31.8,3.0,6.0,26.0,1385.0,18.0,1885.0,2019.0,1.0
26936,3.0,3.0,104755.0,1.0,185.0,31.5,103819.0,1.0,185.0,36.4,5.0,6.0,31.0,1375.0,2.0,9605.0,2018.0,1.0
139237,3.0,4.0,103720.0,1.0,180.0,24.4,103786.0,1.0,178.0,24.2,3.0,3.0,3.0,3460.0,7.0,2150.0,2005.0,0.0
70803,3.0,3.0,104252.0,1.0,190.0,30.2,105668.0,1.0,203.0,23.1,5.0,6.0,37.0,1110.0,20.0,1615.0,2014.0,0.0
98751,1.0,0.0,103909.0,1.0,175.0,23.5,103507.0,1.0,183.0,25.4,3.0,3.0,15.0,1500.0,28.0,1170.0,2005.0,0.0
126921,3.0,4.0,103812.0,1.0,198.0,28.0,104259.0,1.0,178.0,25.8,3.0,6.0,32.0,1341.0,25.0,1580.0,2009.0,0.0
204798,3.0,3.0,126774.0,1.0,193.0,20.4,126610.0,1.0,196.0,22.7,5.0,4.0,15.0,2095.0,54.0,920.0,2019.0,0.0
178918,3.0,4.0,103852.0,0.0,188.0,35.8,111202.0,1.0,188.0,21.2,3.0,7.0,34.0,1250.0,49.0,951.0,2017.0,0.0
163538,3.0,4.0,136440.0,0.0,180.0,27.2,105807.0,1.0,188.0,30.0,3.0,6.0,59.0,1126.0,13.0,3260.0,2021.0,1.0
81306,3.0,4.0,104871.0,1.0,188.0,25.5,104797.0,1.0,188.0,25.9,3.0,6.0,38.0,1004.0,33.0,1157.0,2012.0,0.0
23887,2.0,3.0,103819.0,1.0,185.0,23.8,103602.0,1.0,183.0,24.8,5.0,3.0,1.0,6980.0,24.0,1270.0,2005.0,0.0
25270,1.0,4.0,105238.0,1.0,180.0,27.5,106233.0,1.0,185.0,22.6,3.0,7.0,28.0,1330.0,15.0,2340.0,2016.0,1.0
15487,2.0,3.0,104678.0,1.0,193.0,23.3,104918.0,1.0,190.0,22.1,5.0,6.0,31.0,1547.0,3.0,9230.0,2009.0,1.0
152846,3.0,0.0,104527.0,1.0,183.0,20.7,103252.0,1.0,175.0,27.3,3.0,5.0,54.0,665.0,49.0,711.0,2006.0,0.0
191950,3.0,0.0,103812.0,1.0,198.0,31.5,103898.0,1.0,185.0,31.1,3.0,5.0,59.0,753.0,38.0,1015.0,2013.0,1.0
753,2.0,0.0,104022.0,1.0,183.0,29.9,105238.0,1.0,180.0,23.5,3.0,5.0,31.0,1210.0,20.0,1585.0,2012.0,0.0
60007,3.0,3.0,104559.0,1.0,188.0,30.2,104312.0,1.0,190.0,31.5,5.0,7.0,53.0,867.0,25.0,1430.0,2015.0,1.0
127390,3.0,4.0,105023.0,1.0,198.0,25.4,105683.0,1.0,196.0,22.2,3.0,6.0,20.0,1760.0,16.0,2095.0,2013.0,0.0
121844,3.0,0.0,104214.0,1.0,185.0,25.2,105223.0,1.0,198.0,20.0,3.0,3.0,21.0,1240.0,9.0,1735.0,2008.0,1.0
84054,1.0,4.0,103819.0,1.0,185.0,27.7,104053.0,1.0,188.0,26.6,3.0,3.0,2.0,10170.0,6.0,4040.0,2009.0,0.0
86269,1.0,0.0,106233.0,1.0,185.0,21.6,104926.0,1.0,178.0,27.9,3.0,5.0,44.0,985.0,29.0,1285.0,2015.0,0.0
51241,3.0,4.0,104925.0,1.0,188.0,22.4,104792.0,1.0,193.0,23.1,3.0,2.0,3.0,8300.0,16.0,2055.0,2009.0,0.0
51807,3.0,4.0,102882.0,1.0,196.0,26.9,103852.0,0.0,188.0,22.0,3.0,6.0,13.0,1615.0,35.0,1025.0,2003.0,1.0
46958,1.0,0.0,104068.0,1.0,183.0,21.6,103720.0,1.0,180.0,23.2,3.0,8.0,39.0,860.0,12.0,1525.0,2004.0,1.0
181457,3.0,0.0,104545.0,1.0,206.0,28.2,105223.0,1.0,198.0,24.8,3.0,2.0,20.0,1770.0,7.0,4500.0,2013.0,1.0
183154,3.0,3.0,103970.0,1.0,175.0,30.7,104925.0,1.0,188.0,25.6,5.0,9.0,5.0,6505.0,1.0,12920.0,2013.0,1.0
70064,3.0,4.0,104745.0,0.0,185.0,31.3,104926.0,1.0,178.0,30.3,3.0,5.0,1.0,9875.0,28.0,1650.0,2017.0,0.0
177502,3.0,4.0,103900.0,1.0,180.0,26.7,105223.0,1.0,198.0,20.0,3.0,5.0,7.0,2175.0,9.0,1685.0,2008.0,1.0
41235,1.0,4.0,104755.0,1.0,185.0,29.8,105453.0,1.0,178.0,26.3,3.0,5.0,12.0,2635.0,6.0,4290.0,2016.0,1.0
45717,3.0,0.0,103176.0,1.0,183.0,25.7,102998.0,1.0,190.0,26.6,3.0,6.0,49.0,736.0,61.0,545.0,2004.0,0.0
26198,3.0,3.0,103333.0,1.0,208.0,37.5,105385.0,0.0,183.0,27.1,5.0,7.0,23.0,1570.0,56.0,817.0,2016.0,0.0
130812,3.0,0.0,104542.0,1.0,188.0,32.8,126094.0,1.0,188.0,20.2,3.0,3.0,19.0,2050.0,36.0,1310.0,2018.0,0.0
162653,1.0,3.0,105077.0,0.0,188.0,28.3,106058.0,1.0,185.0,23.6,5.0,6.0,55.0,853.0,25.0,1505.0,2016.0,0.0
9646,1.0,0.0,104229.0,1.0,180.0,31.7,104586.0,1.0,196.0,29.8,3.0,6.0,64.0,754.0,40.0,1035.0,2015.0,1.0
171250,3.0,0.0,122298.0,1.0,188.0,27.0,207989.0,1.0,185.0,19.4,3.0,5.0,35.0,1252.0,1.0,6730.0,2022.0,1.0
22746,3.0,0.0,104022.0,1.0,183.0,27.6,104925.0,1.0,188.0,22.7,3.0,9.0,20.0,1770.0,2.0,8310.0,2010.0,0.0
20056,1.0,3.0,103484.0,1.0,185.0,26.4,103387.0,1.0,185.0,26.9,5.0,4.0,8.0,1925.0,39.0,845.0,2006.0,0.0
80078,3.0,4.0,104252.0,1.0,190.0,26.4,104259.0,1.0,178.0,26.4,3.0,7.0,49.0,879.0,33.0,1230.0,2010.0,1.0
128099,1.0,0.0,103835.0,1.0,183.0,26.4,104076.0,1.0,190.0,25.3,3.0,9.0,41.0,735.0,51.0,621.0,2008.0,1.0
3954,1.0,4.0,103151.0,1.0,183.0,25.1,103990.0,1.0,180.0,21.0,3.0,6.0,38.0,893.0,22.0,1245.0,2003.0,0.0
96063,3.0,4.0,106043.0,1.0,170.0,26.9,105430.0,1.0,175.0,29.7,3.0,6.0,24.0,1645.0,39.0,1132.0,2019.0,0.0
187614,1.0,0.0,105449.0,1.0,188.0,29.4,200000.0,1.0,193.0,18.7,3.0,3.0,59.0,850.0,28.0,1344.0,2019.0,1.0
32152,3.0,4.0,104338.0,1.0,185.0,28.5,104269.0,0.0,188.0,28.8,3.0,6.0,10.0,2775.0,23.0,1480.0,2012.0,1.0
73682,3.0,4.0,105430.0,1.0,175.0,29.7,105227.0,1.0,198.0,30.8,3.0,7.0,39.0,1132.0,18.0,1940.0,2019.0,0.0
125554,1.0,0.0,106415.0,0.0,170.0,25.6,104792.0,1.0,193.0,34.7,3.0,5.0,60.0,1084.0,14.0,2703.0,2021.0,0.0
111471,3.0,0.0,105223.0,1.0,198.0,25.0,105238.0,1.0,180.0,24.8,3.0,3.0,7.0,4425.0,39.0,1080.0,2013.0,0.0
48103,3.0,0.0,104180.0,0.0,193.0,32.4,104871.0,1.0,188.0,28.6,3.0,5.0,43.0,1005.0,27.0,1365.0,2015.0,0.0
184165,3.0,0.0,104792.0,1.0,193.0,30.1,105671.0,1.0,178.0,25.8,3.0,5.0,7.0,3815.0,61.0,801.0,2016.0,1.0
83128,1.0,0.0,105643.0,0.0,190.0,24.3,104926.0,1.0,178.0,27.7,3.0,3.0,63.0,771.0,28.0,1320.0,2015.0,1.0
96534,0.0,0.0,104417.0,1.0,193.0,20.1,104026.0,1.0,198.0,22.2,3.0,3.0,47.0,765.0,14.0,1432.0,2004.0,0.0
107209,3.0,0.0,104471.0,1.0,183.0,28.5,103720.0,1.0,180.0,32.4,3.0,3.0,36.0,1058.0,64.0,755.0,2013.0,1.0
9800,1.0,0.0,104597.0,1.0,183.0,21.5,103105.0,1.0,183.0,29.1,3.0,5.0,28.0,990.0,59.0,625.0,2007.0,0.0
124941,3.0,4.0,104180.0,0.0,193.0,28.8,104053.0,1.0,188.0,29.5,3.0,7.0,63.0,760.0,34.0,1165.0,2012.0,1.0
186388,3.0,3.0,111202.0,1.0,188.0,21.6,103819.0,1.0,185.0,36.4,5.0,9.0,58.0,857.0,2.0,9605.0,2018.0,1.0
98251,3.0,0.0,102106.0,1.0,188.0,33.9,103888.0,1.0,188.0,24.6,3.0,7.0,56.0,690.0,60.0,646.0,2006.0,1.0
67645,1.0,0.0,105453.0,1.0,178.0,24.3,105227.0,1.0,198.0,25.5,3.0,3.0,17.0,1985.0,27.0,1330.0,2014.0,0.0
47322,1.0,0.0,103206.0,1.0,175.0,28.9,103506.0,1.0,183.0,27.2,3.0,5.0,58.0,625.0,59.0,619.0,2007.0,0.0
197305,3.0,1.0,202103.0,1.0,185.0,24.0,206173.0,1.0,188.0,21.0,3.0,8.0,27.0,1394.0,11.0,3200.0,2022.0,1.0
62982,1.0,0.0,104731.0,1.0,203.0,26.8,105373.0,0.0,190.0,23.7,3.0,9.0,29.0,1190.0,32.0,1120.0,2013.0,0.0
41153,3.0,0.0,105777.0,1.0,188.0,22.7,104918.0,1.0,190.0,26.7,3.0,9.0,22.0,1675.0,7.0,4795.0,2014.0,0.0
60318,1.0,4.0,104597.0,1.0,183.0,24.7,104678.0,1.0,193.0,24.2,3.0,7.0,35.0,1315.0,40.0,1075.0,2010.0,0.0
18011,1.0,0.0,104593.0,1.0,185.0,25.7,104259.0,1.0,178.0,27.5,3.0,8.0,54.0,909.0,44.0,1045.0,2011.0,0.0
91993,3.0,4.0,104745.0,0.0,185.0,23.3,103852.0,0.0,188.0,28.0,3.0,9.0,2.0,8945.0,41.0,1005.0,2009.0,0.0
49488,3.0,0.0,104053.0,1.0,188.0,27.3,104755.0,1.0,185.0,23.5,3.0,3.0,7.0,4410.0,52.0,850.0,2010.0,0.0
40513,1.0,4.0,104269.0,0.0,188.0,24.4,103970.0,1.0,175.0,26.1,3.0,5.0,28.0,1120.0,5.0,2780.0,2008.0,0.0
141956,3.0,3.0,103632.0,1.0,180.0,26.3,103018.0,1.0,196.0,29.5,5.0,4.0,62.0,620.0,53.0,725.0,2007.0,1.0
183451,0.0,4.0,103602.0,1.0,183.0,26.2,103898.0,1.0,185.0,24.8,3.0,6.0,8.0,2115.0,42.0,837.0,2006.0,1.0
135311,3.0,0.0,103103.0,1.0,183.0,28.5,103163.0,1.0,188.0,28.3,3.0,9.0,22.0,1290.0,21.0,1320.0,2006.0,1.0
50172,3.0,0.0,105173.0,0.0,183.0,33.5,200221.0,1.0,183.0,22.6,3.0,6.0,58.0,1049.0,47.0,1160.0,2022.0,0.0
23350,3.0,0.0,103484.0,1.0,185.0,27.5,102434.0,1.0,183.0,32.9,3.0,3.0,9.0,2075.0,62.0,590.0,2007.0,0.0
56286,1.0,0.0,103781.0,0.0,183.0,29.9,103970.0,1.0,175.0,29.0,3.0,3.0,8.0,2975.0,6.0,4840.0,2011.0,1.0
86864,3.0,2.0,103507.0,1.0,183.0,23.7,103819.0,1.0,185.0,22.2,3.0,8.0,2.0,4205.0,3.0,3625.0,2003.0,1.0
78181,2.0,3.0,103084.0,1.0,185.0,29.5,103720.0,1.0,180.0,26.3,5.0,6.0,17.0,1537.0,19.0,1330.0,2007.0,1.0
116222,3.0,0.0,103280.0,1.0,196.0,25.1,103018.0,1.0,196.0,26.5,3.0,5.0,17.0,1420.0,24.0,1190.0,2004.0,0.0
134637,3.0,4.0,104542.0,1.0,188.0,23.4,104719.0,1.0,190.0,22.5,3.0,6.0,15.0,1410.0,58.0,696.0,2008.0,0.0
122245,3.0,4.0,104918.0,1.0,190.0,21.1,104745.0,0.0,185.0,22.1,3.0,9.0,9.0,1730.0,2.0,5830.0,2008.0,1.0
5810,1.0,4.0,105238.0,1.0,180.0,21.5,104745.0,0.0,185.0,23.9,3.0,6.0,62.0,734.0,3.0,6480.0,2010.0,1.0
175853,1.0,0.0,104926.0,1.0,178.0,26.1,103163.0,1.0,188.0,35.2,3.0,3.0,25.0,1515.0,11.0,2605.0,2013.0,0.0
198403,3.0,4.0,100644.0,1.0,198.0,19.9,104545.0,1.0,206.0,31.8,3.0,6.0,20.0,1850.0,23.0,1715.0,2017.0,0.0
8036,3.0,4.0,104338.0,1.0,185.0,23.9,104339.0,1.0,196.0,23.9,3.0,6.0,19.0,1425.0,63.0,565.0,2008.0,1.0
68563,3.0,0.0,122298.0,1.0,188.0,26.9,105311.0,1.0,185.0,33.4,3.0,6.0,35.0,1233.0,61.0,801.0,2022.0,0.0
109007,3.0,0.0,102642.0,1.0,190.0,29.4,103781.0,0.0,183.0,23.7,3.0,9.0,55.0,699.0,36.0,955.0,2005.0,0.0
78762,3.0,0.0,105916.0,1.0,188.0,29.9,122298.0,1.0,188.0,26.2,3.0,6.0,38.0,1447.0,56.0,1069.0,2022.0,0.0
161608,3.0,4.0,102257.0,0.0,193.0,31.9,104339.0,1.0,196.0,21.3,3.0,5.0,40.0,843.0,29.0,1115.0,2005.0,0.0
25442,3.0,0.0,105023.0,1.0,198.0,28.2,104545.0,1.0,206.0,30.7,3.0,5.0,60.0,785.0,11.0,2495.0,2016.0,1.0
123341,1.0,4.0,105223.0,1.0,198.0,22.6,104745.0,0.0,185.0,24.9,3.0,5.0,32.0,1265.0,1.0,11915.0,2011.0,1.0
70928,1.0,0.0,105077.0,0.0,188.0,27.0,104919.0,1.0,188.0,27.7,3.0,5.0,61.0,780.0,30.0,1239.0,2015.0,1.0
50595,2.0,0.0,105062.0,1.0,183.0,24.4,104122.0,1.0,183.0,29.3,3.0,6.0,51.0,833.0,37.0,1050.0,2012.0,1.0
64720,3.0,0.0,102227.0,1.0,180.0,30.3,103285.0,1.0,185.0,24.8,3.0,6.0,46.0,798.0,43.0,845.0,2003.0,0.0
204059,1.0,0.0,102610.0,1.0,180.0,29.8,103454.0,1.0,183.0,25.5,3.0,6.0,51.0,770.0,21.0,1265.0,2005.0,0.0
82372,1.0,4.0,104678.0,1.0,193.0,30.2,105453.0,1.0,178.0,26.3,3.0,6.0,24.0,1580.0,6.0,4290.0,2016.0,1.0
83374,3.0,0.0,104214.0,1.0,185.0,21.1,102610.0,1.0,180.0,29.1,3.0,6.0,50.0,742.0,44.0,785.0,2004.0,0.0
83509,3.0,0.0,126203.0,1.0,193.0,22.3,105357.0,1.0,183.0,30.6,3.0,6.0,35.0,1255.0,40.0,1141.0,2020.0,0.0
44859,3.0,4.0,104545.0,1.0,206.0,32.5,105777.0,1.0,188.0,26.4,3.0,5.0,14.0,2505.0,8.0,3650.0,2017.0,0.0
74511,1.0,3.0,103163.0,1.0,188.0,28.1,104925.0,1.0,188.0,19.0,5.0,6.0,25.0,1250.0,63.0,627.0,2006.0,1.0
104181,2.0,0.0,102148.0,1.0,178.0,32.4,102318.0,1.0,183.0,31.3,3.0,6.0,55.0,686.0,45.0,825.0,2005.0,0.0
32359,2.0,3.0,105683.0,1.0,196.0,23.4,105453.0,1.0,178.0,24.4,5.0,5.0,9.0,3245.0,12.0,2690.0,2014.0,0.0
172635,0.0,1.0,102860.0,1.0,183.0,29.5,103344.0,1.0,193.0,27.0,5.0,8.0,56.0,722.0,5.0,2570.0,2006.0,1.0
51546,1.0,0.0,104338.0,1.0,185.0,30.9,104745.0,0.0,185.0,28.7,3.0,2.0,60.0,815.0,4.0,5425.0,2015.0,1.0
190011,1.0,3.0,104755.0,1.0,185.0,29.9,105453.0,1.0,178.0,26.3,5.0,5.0,12.0,2725.0,6.0,4470.0,2016.0,0.0
48476,3.0,4.0,105932.0,1.0,185.0,29.6,111575.0,1.0,198.0,25.3,3.0,5.0,36.0,1556.0,29.0,1830.0,2021.0,0.0
28674,2.0,0.0,103786.0,1.0,178.0,26.0,103781.0,0.0,183.0,26.0,3.0,6.0,3.0,3040.0,31.0,950.0,2007.0,0.0
90372,3.0,4.0,104338.0,1.0,185.0,29.3,104925.0,1.0,188.0,26.2,3.0,6.0,32.0,1240.0,1.0,11400.0,2013.0,1.0
47717,3.0,2.0,104918.0,1.0,190.0,29.5,104925.0,1.0,188.0,29.4,3.0,2.0,1.0,11185.0,2.0,10780.0,2016.0,0.0
74829,3.0,3.0,104548.0,1.0,190.0,27.7,105023.0,1.0,198.0,25.2,5.0,7.0,57.0,776.0,22.0,1650.0,2013.0,1.0
57713,3.0,4.0,105223.0,1.0,198.0,24.4,103786.0,1.0,178.0,31.7,3.0,7.0,7.0,4410.0,42.0,970.0,2013.0,0.0
96113,3.0,0.0,106233.0,1.0,185.0,26.1,104542.0,1.0,188.0,34.5,3.0,6.0,5.0,5085.0,36.0,1230.0,2019.0,0.0
48472,3.0,0.0,105064.0,0.0,188.0,28.6,105676.0,1.0,180.0,25.6,3.0,5.0,54.0,880.0,13.0,2655.0,2016.0,0.0
24812,2.0,0.0,103786.0,1.0,178.0,26.0,104252.0,1.0,190.0,23.6,3.0,5.0,3.0,3040.0,37.0,828.0,2007.0,1.0
158194,2.0,0.0,104607.0,1.0,196.0,23.7,104999.0,0.0,190.0,21.7,3.0,5.0,21.0,1910.0,45.0,1165.0,2009.0,1.0
40948,1.0,0.0,104792.0,1.0,193.0,31.4,105227.0,1.0,198.0,29.3,3.0,5.0,39.0,1265.0,3.0,4960.0,2018.0,0.0
121924,2.0,0.0,103917.0,1.0,190.0,26.3,103900.0,1.0,180.0,26.4,3.0,5.0,46.0,766.0,8.0,2000.0,2008.0,1.0
173799,2.0,3.0,202195.0,1.0,198.0,25.1,200000.0,1.0,193.0,21.8,5.0,4.0,45.0,1047.0,9.0,3760.0,2022.0,0.0
133840,3.0,0.0,111202.0,1.0,188.0,21.6,103970.0,1.0,175.0,35.7,3.0,3.0,62.0,832.0,38.0,1270.0,2018.0,1.0
112521,3.0,4.0,105936.0,1.0,185.0,26.4,111575.0,1.0,198.0,22.2,3.0,7.0,30.0,1317.0,38.0,1175.0,2018.0,1.0
154670,1.0,4.0,104542.0,1.0,188.0,30.9,103819.0,1.0,185.0,34.6,3.0,3.0,9.0,3130.0,3.0,7695.0,2016.0,0.0
57370,3.0,4.0,105311.0,1.0,185.0,27.5,104607.0,1.0,196.0,31.1,3.0,6.0,43.0,1030.0,11.0,3060.0,2016.0,1.0
169458,3.0,2.0,104755.0,1.0,185.0,27.3,103819.0,1.0,185.0,32.2,3.0,8.0,9.0,3300.0,7.0,3805.0,2013.0,1.0
122369,1.0,4.0,104660.0,1.0,193.0,29.2,104607.0,1.0,196.0,29.5,3.0,6.0,50.0,894.0,8.0,4510.0,2015.0,1.0
36114,1.0,0.0,200282.0,1.0,183.0,22.1,126774.0,1.0,193.0,22.6,3.0,5.0,25.0,2235.0,5.0,7860.0,2021.0,1.0
4155,3.0,4.0,104745.0,0.0,185.0,23.8,104542.0,1.0,188.0,24.9,3.0,3.0,4.0,6800.0,10.0,2915.0,2010.0,0.0
38479,3.0,0.0,105227.0,1.0,198.0,25.3,104918.0,1.0,190.0,26.7,3.0,3.0,37.0,1085.0,6.0,4795.0,2014.0,0.0
146244,3.0,4.0,104925.0,1.0,188.0,28.3,104918.0,1.0,190.0,28.4,3.0,9.0,1.0,15785.0,2.0,8640.0,2015.0,0.0
61295,3.0,4.0,103819.0,1.0,185.0,26.6,104076.0,1.0,190.0,25.4,3.0,5.0,1.0,6550.0,45.0,753.0,2008.0,0.0
60189,3.0,0.0,105023.0,1.0,198.0,28.7,104792.0,1.0,193.0,29.8,3.0,3.0,29.0,1390.0,17.0,2030.0,2016.0,1.0
66942,0.0,0.0,103428.0,1.0,190.0,27.1,103835.0,1.0,183.0,25.1,3.0,6.0,35.0,900.0,34.0,910.0,2006.0,0.0
150411,3.0,0.0,104678.0,1.0,193.0,23.6,104545.0,1.0,206.0,24.4,3.0,3.0,32.0,1215.0,48.0,968.0,2009.0,0.0
134386,3.0,4.0,104417.0,1.0,193.0,25.1,103852.0,0.0,188.0,28.0,3.0,3.0,11.0,3125.0,41.0,1005.0,2009.0,1.0
153961,1.0,4.0,103656.0,1.0,175.0,33.3,104925.0,1.0,188.0,26.8,3.0,6.0,57.0,810.0,2.0,11680.0,2014.0,1.0
18779,3.0,0.0,111456.0,1.0,178.0,26.5,200221.0,1.0,183.0,22.4,3.0,6.0,55.0,1089.0,49.0,1150.0,2021.0,1.0
42825,1.0,4.0,104259.0,1.0,178.0,24.5,104076.0,1.0,190.0,25.5,3.0,7.0,31.0,1060.0,40.0,826.0,2008.0,0.0
1309,1.0,4.0,103909.0,1.0,175.0,23.3,103819.0,1.0,185.0,23.7,3.0,3.0,8.0,2265.0,1.0,6605.0,2005.0,1.0
23446,1.0,4.0,104571.0,1.0,183.0,24.8,103970.0,1.0,175.0,28.1,3.0,6.0,28.0,1415.0,12.0,2695.0,2010.0,1.0
167941,3.0,0.0,104755.0,1.0,185.0,28.6,103819.0,1.0,185.0,33.5,3.0,3.0,27.0,1365.0,2.0,9205.0,2015.0,1.0
56643,3.0,3.0,104925.0,1.0,188.0,27.6,104180.0,0.0,193.0,31.6,5.0,5.0,1.0,11405.0,42.0,964.0,2015.0,0.0
43393,1.0,0.0,104022.0,1.0,183.0,32.0,104586.0,1.0,196.0,28.9,3.0,9.0,22.0,1655.0,48.0,900.0,2014.0,1.0
110868,1.0,0.0,105077.0,0.0,188.0,29.0,105807.0,1.0,188.0,25.5,3.0,3.0,26.0,1400.0,25.0,1450.0,2017.0,1.0
23699,3.0,4.0,206173.0,1.0,188.0,20.5,126127.0,1.0,185.0,25.7,3.0,6.0,10.0,3495.0,62.0,909.0,2022.0,0.0
169987,3.0,0.0,103722.0,1.0,180.0,27.9,102967.0,1.0,188.0,31.8,3.0,6.0,57.0,1279.0,54.0,1308.0,2009.0,0.0
62383,2.0,3.0,102450.0,1.0,185.0,31.8,104417.0,1.0,193.0,21.8,5.0,4.0,64.0,615.0,37.0,858.0,2006.0,0.0
30442,3.0,4.0,103292.0,1.0,175.0,24.8,103813.0,0.0,185.0,22.2,3.0,7.0,37.0,1000.0,31.0,1050.0,2003.0,0.0
29624,1.0,0.0,202103.0,1.0,185.0,23.9,126094.0,1.0,188.0,24.7,3.0,5.0,30.0,1302.0,8.0,3540.0,2022.0,0.0
105996,3.0,3.0,103819.0,1.0,185.0,28.0,105223.0,1.0,198.0,20.9,5.0,2.0,1.0,12040.0,6.0,5325.0,2009.0,1.0
116108,1.0,0.0,102856.0,1.0,190.0,27.6,103292.0,1.0,175.0,25.3,3.0,3.0,23.0,1145.0,39.0,900.0,2004.0,1.0
195236,1.0,0.0,106071.0,1.0,193.0,24.5,104918.0,1.0,190.0,29.9,3.0,6.0,41.0,960.0,1.0,11690.0,2017.0,1.0
36780,3.0,4.0,104312.0,1.0,190.0,30.0,104527.0,1.0,183.0,28.9,3.0,6.0,32.0,1195.0,3.0,5650.0,2014.0,1.0
14652,3.0,0.0,104918.0,1.0,190.0,22.7,104386.0,1.0,180.0,25.6,3.0,5.0,4.0,7300.0,39.0,1065.0,2010.0,1.0
151525,3.0,4.0,105583.0,1.0,180.0,31.1,134770.0,1.0,183.0,22.6,3.0,5.0,44.0,1485.0,12.0,3205.0,2021.0,1.0
101379,3.0,4.0,105023.0,1.0,198.0,27.0,105668.0,1.0,203.0,23.9,3.0,7.0,38.0,1020.0,42.0,995.0,2014.0,0.0
17318,3.0,0.0,103344.0,1.0,193.0,28.7,104527.0,1.0,183.0,22.7,3.0,9.0,18.0,1580.0,36.0,820.0,2007.0,1.0
16433,2.0,0.0,104022.0,1.0,183.0,25.9,103017.0,1.0,183.0,30.9,3.0,5.0,18.0,1335.0,38.0,895.0,2008.0,1.0
16908,3.0,2.0,104925.0,1.0,188.0,23.5,104745.0,0.0,185.0,24.4,3.0,8.0,3.0,5635.0,1.0,11450.0,2010.0,1.0
35032,3.0,4.0,104527.0,1.0,183.0,25.5,104745.0,0.0,185.0,24.3,3.0,6.0,21.0,1765.0,1.0,12390.0,2010.0,1.0
40095,1.0,0.0,104527.0,1.0,183.0,33.1,111577.0,1.0,188.0,21.6,3.0,5.0,25.0,1605.0,57.0,910.0,2018.0,0.0
129169,0.0,0.0,103096.0,1.0,173.0,25.8,102271.0,0.0,175.0,29.9,3.0,3.0,27.0,1080.0,63.0,591.0,2003.0,0.0
25331,3.0,4.0,105227.0,1.0,198.0,30.0,111797.0,1.0,198.0,22.9,3.0,6.0,6.0,4535.0,48.0,1020.0,2018.0,1.0
185293,3.0,0.0,103333.0,1.0,208.0,28.5,103852.0,0.0,188.0,26.0,3.0,6.0,30.0,949.0,48.0,701.0,2007.0,0.0
13670,1.0,0.0,104593.0,1.0,185.0,25.5,103812.0,1.0,198.0,29.5,3.0,6.0,58.0,844.0,56.0,880.0,2011.0,1.0
195626,3.0,0.0,103812.0,1.0,198.0,24.0,103990.0,1.0,180.0,23.3,3.0,3.0,47.0,752.0,20.0,1325.0,2005.0,0.0
42263,3.0,3.0,102882.0,1.0,196.0,26.7,103900.0,1.0,180.0,21.6,5.0,6.0,20.0,1310.0,13.0,1700.0,2003.0,1.0
168587,1.0,4.0,102563.0,1.0,180.0,30.1,103852.0,0.0,188.0,23.6,3.0,7.0,18.0,1293.0,27.0,1170.0,2005.0,0.0
7145,1.0,0.0,103607.0,1.0,173.0,34.7,105373.0,0.0,190.0,25.7,3.0,5.0,53.0,877.0,28.0,1272.0,2015.0,1.0
202588,1.0,4.0,106401.0,1.0,193.0,22.0,104745.0,0.0,185.0,30.9,3.0,5.0,20.0,2155.0,5.0,4375.0,2017.0,1.0
124804,3.0,4.0,104918.0,1.0,190.0,27.8,105173.0,0.0,183.0,26.6,3.0,5.0,4.0,5425.0,38.0,1113.0,2015.0,0.0
47359,3.0,0.0,102344.0,1.0,188.0,28.9,101885.0,0.0,190.0,31.9,3.0,9.0,53.0,683.0,45.0,750.0,2003.0,0.0
150144,3.0,3.0,104269.0,0.0,188.0,27.1,104386.0,1.0,180.0,26.5,5.0,7.0,9.0,3240.0,49.0,935.0,2011.0,0.0
67836,1.0,0.0,126207.0,1.0,188.0,20.2,105807.0,1.0,188.0,26.8,3.0,9.0,64.0,823.0,11.0,2440.0,2018.0,0.0
31532,3.0,4.0,104053.0,1.0,188.0,21.9,103852.0,0.0,188.0,22.8,3.0,6.0,2.0,4945.0,30.0,1025.0,2004.0,0.0
46971,0.0,2.0,103819.0,1.0,185.0,24.2,103344.0,1.0,193.0,26.6,3.0,8.0,1.0,6225.0,8.0,2080.0,2005.0,0.0
35478,3.0,3.0,134868.0,1.0,188.0,25.5,104926.0,1.0,178.0,34.6,5.0,4.0,62.0,1001.0,32.0,1494.0,2022.0,0.0
20312,1.0,0.0,103454.0,1.0,183.0,23.9,103176.0,1.0,183.0,25.3,3.0,2.0,42.0,855.0,50.0,674.0,2003.0,1.0
28452,2.0,3.0,122330.0,1.0,196.0,25.0,105916.0,1.0,188.0,30.3,5.0,4.0,38.0,1105.0,59.0,922.0,2022.0,0.0
206980,1.0,4.0,105173.0,0.0,183.0,26.8,104545.0,1.0,206.0,30.0,3.0,7.0,29.0,1258.0,18.0,1765.0,2015.0,1.0
5160,3.0,0.0,103344.0,1.0,193.0,30.8,103898.0,1.0,185.0,28.1,3.0,6.0,24.0,1450.0,38.0,1004.0,2010.0,1.0
12032,1.0,0.0,105379.0,1.0,181.0,31.8,105676.0,1.0,180.0,30.4,3.0,5.0,55.0,1141.0,13.0,2875.0,2021.0,0.0
195345,3.0,0.0,103602.0,1.0,183.0,28.1,104620.0,1.0,183.0,22.9,3.0,6.0,12.0,1645.0,46.0,810.0,2008.0,0.0
205183,2.0,3.0,103852.0,0.0,188.0,32.7,104527.0,1.0,183.0,29.2,5.0,5.0,26.0,1455.0,3.0,5420.0,2014.0,1.0
18405,3.0,0.0,105208.0,1.0,190.0,25.4,105223.0,1.0,198.0,25.3,3.0,3.0,24.0,1443.0,4.0,5370.0,2014.0,0.0
140632,1.0,4.0,104527.0,1.0,183.0,31.0,104259.0,1.0,178.0,32.4,3.0,6.0,4.0,6370.0,28.0,1330.0,2016.0,0.0
82833,3.0,4.0,102860.0,1.0,183.0,30.0,104607.0,1.0,196.0,21.0,3.0,6.0,28.0,1003.0,11.0,1860.0,2006.0,1.0
19649,3.0,0.0,111202.0,1.0,188.0,19.6,105227.0,1.0,198.0,27.2,3.0,5.0,51.0,817.0,13.0,2405.0,2016.0,1.0
35168,2.0,3.0,103206.0,1.0,175.0,27.0,104053.0,1.0,188.0,22.8,5.0,3.0,27.0,1215.0,4.0,3590.0,2005.0,1.0
80726,3.0,4.0,106210.0,0.0,198.0,22.3,105238.0,1.0,180.0,26.9,3.0,7.0,39.0,1092.0,37.0,1110.0,2015.0,1.0
108525,1.0,0.0,104547.0,0.0,188.0,32.0,104259.0,1.0,178.0,33.5,3.0,5.0,63.0,796.0,39.0,1035.0,2017.0,0.0
137815,3.0,4.0,104198.0,1.0,188.0,27.3,104724.0,1.0,183.0,24.4,3.0,7.0,35.0,1175.0,56.0,868.0,2010.0,0.0
2536,3.0,4.0,103819.0,1.0,185.0,21.6,102610.0,1.0,180.0,27.7,3.0,3.0,4.0,2740.0,9.0,2015.0,2003.0,1.0
143108,3.0,4.0,104081.0,1.0,180.0,23.3,104019.0,1.0,193.0,23.7,3.0,4.0,59.0,688.0,57.0,700.0,2006.0,1.0
151502,1.0,4.0,202103.0,1.0,185.0,23.7,104545.0,1.0,206.0,37.0,3.0,7.0,49.0,1016.0,27.0,1571.0,2022.0,1.0
101413,3.0,4.0,105379.0,1.0,181.0,28.2,103893.0,1.0,183.0,35.8,3.0,7.0,48.0,968.0,39.0,1190.0,2017.0,0.0
187305,3.0,0.0,103786.0,1.0,178.0,31.5,104755.0,1.0,185.0,26.5,3.0,2.0,44.0,885.0,10.0,2515.0,2012.0,1.0
115878,3.0,4.0,105683.0,1.0,196.0,25.1,106071.0,1.0,193.0,23.3,3.0,6.0,14.0,2410.0,20.0,1805.0,2016.0,0.0
92717,1.0,0.0,103252.0,1.0,175.0,26.4,104745.0,0.0,185.0,18.7,3.0,2.0,61.0,610.0,48.0,790.0,2005.0,1.0
131335,3.0,0.0,103387.0,1.0,185.0,26.7,103484.0,1.0,185.0,26.1,3.0,6.0,59.0,655.0,21.0,1405.0,2006.0,1.0
160188,1.0,0.0,103454.0,1.0,183.0,23.7,102610.0,1.0,180.0,28.0,3.0,6.0,48.0,734.0,22.0,1255.0,2003.0,0.0
186514,1.0,4.0,104214.0,1.0,185.0,24.8,102703.0,1.0,180.0,32.3,3.0,7.0,26.0,1155.0,52.0,680.0,2008.0,0.0
70242,1.0,4.0,105676.0,1.0,180.0,26.3,104327.0,1.0,178.0,33.0,3.0,7.0,13.0,2705.0,51.0,899.0,2017.0,0.0
55587,2.0,0.0,103018.0,1.0,196.0,29.9,104792.0,1.0,193.0,20.7,3.0,6.0,58.0,605.0,62.0,582.0,2007.0,0.0
181375,1.0,4.0,103852.0,0.0,188.0,35.5,100644.0,1.0,198.0,19.9,3.0,6.0,39.0,1045.0,20.0,2005.0,2017.0,1.0
55351,3.0,4.0,103819.0,1.0,185.0,37.1,106421.0,1.0,198.0,22.6,3.0,6.0,2.0,6900.0,22.0,1762.0,2018.0,0.0
151038,1.0,0.0,105077.0,0.0,188.0,33.2,200221.0,1.0,183.0,21.8,3.0,9.0,46.0,1405.0,48.0,1295.0,2021.0,0.0
60337,3.0,1.0,104925.0,1.0,188.0,34.5,122330.0,1.0,196.0,24.4,3.0,8.0,1.0,11540.0,36.0,1538.0,2021.0,0.0
130954,3.0,4.0,103786.0,1.0,178.0,30.1,104925.0,1.0,188.0,24.2,3.0,6.0,30.0,1295.0,1.0,12860.0,2011.0,1.0
201822,1.0,4.0,104755.0,1.0,185.0,20.9,103292.0,1.0,175.0,28.4,3.0,7.0,13.0,1870.0,63.0,580.0,2007.0,0.0
154556,3.0,0.0,102338.0,1.0,190.0,28.9,103018.0,1.0,196.0,25.6,3.0,3.0,25.0,1235.0,46.0,740.0,2003.0,1.0
80203,1.0,4.0,104925.0,1.0,188.0,27.8,104745.0,0.0,185.0,28.8,3.0,9.0,1.0,13205.0,5.0,5255.0,2015.0,0.0
129415,3.0,0.0,104797.0,1.0,188.0,28.4,104198.0,1.0,188.0,31.6,3.0,6.0,64.0,770.0,27.0,1360.0,2015.0,1.0
35880,0.0,4.0,103888.0,1.0,188.0,21.8,102856.0,1.0,190.0,27.1,3.0,7.0,19.0,1335.0,17.0,1400.0,2003.0,1.0
130216,3.0,0.0,103970.0,1.0,175.0,26.7,105023.0,1.0,198.0,21.2,3.0,9.0,12.0,3390.0,36.0,1740.0,2009.0,1.0
202509,3.0,3.0,103813.0,0.0,185.0,25.4,103428.0,1.0,190.0,27.3,5.0,7.0,18.0,1360.0,33.0,920.0,2007.0,1.0
41956,3.0,0.0,104871.0,1.0,188.0,27.0,105051.0,1.0,188.0,26.2,3.0,6.0,46.0,940.0,62.0,741.0,2014.0,0.0
91939,3.0,4.0,104607.0,1.0,196.0,27.1,104468.0,1.0,183.0,27.8,3.0,3.0,6.0,4985.0,20.0,1815.0,2012.0,1.0
75660,3.0,3.0,126203.0,1.0,193.0,23.8,200282.0,1.0,183.0,22.5,5.0,4.0,42.0,1540.0,17.0,2555.0,2021.0,0.0
631,2.0,0.0,124079.0,1.0,185.0,25.1,202103.0,1.0,185.0,23.8,3.0,6.0,49.0,1010.0,46.0,1035.0,2022.0,1.0
64906,3.0,0.0,105023.0,1.0,198.0,31.9,106043.0,1.0,170.0,27.1,3.0,5.0,55.0,1010.0,16.0,1995.0,2019.0,0.0
96825,3.0,4.0,103656.0,1.0,175.0,27.8,103852.0,0.0,188.0,27.0,3.0,7.0,48.0,777.0,40.0,865.0,2008.0,1.0
99763,1.0,3.0,102845.0,1.0,190.0,27.7,103990.0,1.0,180.0,22.0,5.0,5.0,5.0,2460.0,17.0,1355.0,2004.0,0.0
151609,3.0,4.0,103794.0,1.0,178.0,26.1,104607.0,1.0,196.0,21.9,3.0,7.0,52.0,678.0,12.0,1855.0,2007.0,1.0
138317,3.0,4.0,104797.0,1.0,188.0,23.9,103819.0,1.0,185.0,29.0,3.0,6.0,53.0,899.0,2.0,7215.0,2010.0,1.0
189387,1.0,0.0,103656.0,1.0,175.0,29.6,104792.0,1.0,193.0,23.8,3.0,2.0,30.0,1395.0,17.0,2055.0,2010.0,0.0
128514,3.0,0.0,207518.0,1.0,185.0,19.4,105948.0,1.0,180.0,29.4,3.0,7.0,58.0,1106.0,61.0,1054.0,2021.0,1.0
200835,3.0,0.0,105173.0,0.0,183.0,26.5,105643.0,0.0,190.0,24.2,3.0,6.0,44.0,913.0,57.0,775.0,2015.0,0.0
44034,1.0,0.0,106432.0,1.0,188.0,18.6,105138.0,1.0,183.0,27.2,3.0,3.0,36.0,1109.0,22.0,1475.0,2015.0,1.0
132606,3.0,0.0,105554.0,1.0,175.0,30.6,200000.0,1.0,193.0,20.4,3.0,2.0,33.0,1589.0,21.0,2241.0,2021.0,0.0
206901,1.0,0.0,103252.0,1.0,175.0,27.1,104214.0,1.0,185.0,22.2,3.0,3.0,61.0,635.0,52.0,739.0,2005.0,1.0
86305,3.0,3.0,104527.0,1.0,183.0,31.4,105011.0,1.0,185.0,28.9,5.0,5.0,3.0,4980.0,63.0,795.0,2016.0,0.0
169186,1.0,0.0,102610.0,1.0,180.0,28.0,103454.0,1.0,183.0,23.7,3.0,6.0,22.0,1255.0,48.0,734.0,2003.0,1.0
96428,1.0,1.0,104597.0,1.0,183.0,27.0,104545.0,1.0,206.0,27.3,5.0,8.0,12.0,2475.0,10.0,2610.0,2012.0,0.0
170221,3.0,4.0,105238.0,1.0,180.0,22.9,105453.0,1.0,178.0,21.7,3.0,3.0,18.0,1745.0,47.0,885.0,2011.0,1.0
127675,3.0,4.0,105777.0,1.0,188.0,24.8,105643.0,0.0,190.0,25.4,3.0,7.0,28.0,1385.0,48.0,920.0,2016.0,0.0
80204,2.0,0.0,126203.0,1.0,193.0,21.6,106378.0,1.0,188.0,24.4,3.0,9.0,42.0,1090.0,31.0,1280.0,2019.0,0.0
87026,1.0,3.0,103507.0,1.0,183.0,23.2,103602.0,1.0,183.0,22.8,5.0,3.0,3.0,3460.0,20.0,1276.0,2003.0,0.0
183373,3.0,4.0,103598.0,1.0,185.0,26.0,102563.0,1.0,180.0,31.3,3.0,5.0,41.0,876.0,39.0,885.0,2006.0,0.0
95335,3.0,4.0,102450.0,1.0,185.0,31.9,104918.0,1.0,190.0,19.2,3.0,6.0,60.0,640.0,31.0,1035.0,2006.0,1.0
124555,3.0,0.0,103808.0,1.0,188.0,30.2,104386.0,1.0,180.0,27.3,3.0,3.0,53.0,870.0,13.0,2245.0,2011.0,1.0
17501,3.0,0.0,104542.0,1.0,188.0,31.7,105723.0,1.0,185.0,25.8,3.0,6.0,12.0,2550.0,46.0,970.0,2017.0,0.0
139317,1.0,0.0,104259.0,1.0,178.0,29.5,105064.0,0.0,188.0,25.3,3.0,3.0,21.0,1690.0,44.0,917.0,2013.0,0.0
156569,3.0,4.0,103917.0,1.0,190.0,26.1,103819.0,1.0,185.0,26.5,3.0,6.0,44.0,761.0,1.0,6330.0,2008.0,1.0
4911,2.0,0.0,106214.0,1.0,196.0,28.8,133430.0,0.0,185.0,23.1,3.0,5.0,61.0,945.0,16.0,2531.0,2022.0,0.0
117357,3.0,3.0,103333.0,1.0,208.0,32.8,104122.0,1.0,183.0,28.9,5.0,7.0,57.0,842.0,61.0,801.0,2012.0,0.0
58457,3.0,3.0,104269.0,0.0,188.0,21.1,103084.0,1.0,185.0,27.1,5.0,7.0,36.0,938.0,12.0,1559.0,2005.0,1.0
187137,3.0,0.0,103566.0,0.0,190.0,27.7,104312.0,1.0,190.0,23.9,3.0,6.0,60.0,563.0,40.0,734.0,2008.0,0.0
192222,2.0,0.0,102950.0,1.0,180.0,26.2,103096.0,1.0,173.0,25.4,3.0,3.0,59.0,652.0,30.0,1095.0,2003.0,1.0
157893,3.0,4.0,104527.0,1.0,183.0,29.9,105173.0,0.0,183.0,26.7,3.0,6.0,8.0,4515.0,32.0,1193.0,2015.0,1.0
96015,3.0,4.0,106378.0,1.0,188.0,24.1,104545.0,1.0,206.0,33.8,3.0,5.0,22.0,1600.0,9.0,3485.0,2019.0,1.0
149728,1.0,4.0,105064.0,0.0,188.0,22.2,104259.0,1.0,178.0,26.4,3.0,7.0,31.0,1322.0,33.0,1265.0,2010.0,1.0
112997,1.0,4.0,104925.0,1.0,188.0,20.9,105023.0,1.0,198.0,20.5,3.0,3.0,3.0,4725.0,50.0,710.0,2008.0,0.0
195160,3.0,0.0,106043.0,1.0,170.0,27.1,106233.0,1.0,185.0,26.1,3.0,2.0,15.0,1950.0,5.0,5085.0,2019.0,1.0
200696,1.0,0.0,104019.0,1.0,193.0,23.8,103813.0,0.0,185.0,24.7,3.0,9.0,50.0,753.0,20.0,1420.0,2006.0,0.0
176102,1.0,3.0,104198.0,1.0,188.0,26.9,105217.0,1.0,193.0,21.6,5.0,7.0,40.0,965.0,50.0,858.0,2010.0,1.0
70903,3.0,3.0,104925.0,1.0,188.0,33.7,104871.0,1.0,188.0,33.9,5.0,4.0,1.0,12030.0,61.0,1020.0,2021.0,0.0
59364,3.0,3.0,104918.0,1.0,190.0,19.6,103428.0,1.0,190.0,27.3,5.0,6.0,16.0,1505.0,33.0,920.0,2007.0,0.0
34592,1.0,4.0,104022.0,1.0,183.0,23.8,103909.0,1.0,175.0,24.2,3.0,7.0,38.0,865.0,9.0,1690.0,2006.0,1.0
203805,3.0,3.0,103908.0,1.0,185.0,24.0,103096.0,1.0,173.0,28.0,5.0,4.0,48.0,713.0,64.0,583.0,2006.0,0.0
56559,3.0,4.0,105023.0,1.0,198.0,25.4,104925.0,1.0,188.0,25.7,3.0,5.0,23.0,1695.0,1.0,13280.0,2013.0,1.0
6445,3.0,4.0,102035.0,1.0,183.0,32.3,102148.0,1.0,178.0,31.6,3.0,5.0,38.0,840.0,42.0,807.0,2004.0,1.0
20789,3.0,0.0,134770.0,1.0,183.0,22.8,132283.0,1.0,191.0,26.4,3.0,5.0,8.0,3615.0,23.0,2125.0,2021.0,0.0
171341,3.0,0.0,111575.0,1.0,198.0,21.7,105676.0,1.0,180.0,27.1,3.0,3.0,49.0,1030.0,7.0,3460.0,2018.0,1.0
129155,3.0,3.0,102148.0,1.0,178.0,30.0,103507.0,1.0,183.0,22.9,5.0,6.0,34.0,975.0,4.0,2835.0,2003.0,1.0
52189,1.0,0.0,105373.0,0.0,190.0,25.6,105643.0,0.0,190.0,24.3,3.0,5.0,38.0,1105.0,63.0,771.0,2015.0,1.0
178898,3.0,0.0,104076.0,1.0,190.0,25.2,104597.0,1.0,183.0,22.3,3.0,6.0,64.0,581.0,29.0,965.0,2008.0,1.0
162504,3.0,0.0,106378.0,1.0,188.0,25.1,200000.0,1.0,193.0,19.5,3.0,5.0,44.0,1085.0,19.0,1771.0,2020.0,0.0
162993,3.0,4.0,104745.0,0.0,185.0,21.7,103484.0,1.0,185.0,28.1,3.0,3.0,2.0,5980.0,9.0,1710.0,2008.0,0.0
146482,3.0,3.0,103084.0,1.0,185.0,29.7,102703.0,1.0,180.0,31.6,5.0,7.0,14.0,1648.0,43.0,726.0,2007.0,1.0
131297,3.0,0.0,105023.0,1.0,198.0,29.3,105676.0,1.0,180.0,26.2,3.0,5.0,40.0,1000.0,11.0,3245.0,2017.0,0.0
149762,3.0,3.0,103781.0,0.0,183.0,31.6,105138.0,1.0,183.0,24.7,5.0,7.0,29.0,1177.0,56.0,786.0,2013.0,0.0
184996,3.0,4.0,103970.0,1.0,175.0,24.3,104597.0,1.0,183.0,20.9,3.0,6.0,16.0,1655.0,48.0,785.0,2006.0,0.0
152570,1.0,1.0,104918.0,1.0,190.0,26.7,105023.0,1.0,198.0,26.3,5.0,8.0,6.0,4720.0,49.0,915.0,2014.0,0.0
122250,3.0,1.0,132283.0,1.0,191.0,26.5,124187.0,1.0,211.0,24.2,3.0,8.0,27.0,1825.0,26.0,1936.0,2021.0,0.0
24304,3.0,0.0,104755.0,1.0,185.0,20.6,102967.0,1.0,188.0,29.8,3.0,5.0,16.0,1580.0,46.0,777.0,2007.0,0.0
79677,3.0,2.0,103970.0,1.0,175.0,31.5,104527.0,1.0,183.0,28.6,3.0,8.0,3.0,5800.0,8.0,3330.0,2013.0,1.0
82469,1.0,0.0,106234.0,1.0,185.0,27.6,104925.0,1.0,188.0,33.9,3.0,9.0,28.0,1946.0,1.0,11873.0,2021.0,0.0
195818,1.0,0.0,103507.0,1.0,183.0,32.2,104898.0,1.0,190.0,25.1,3.0,6.0,44.0,970.0,39.0,1010.0,2012.0,0.0
164580,2.0,3.0,103909.0,1.0,175.0,23.4,104053.0,1.0,188.0,22.8,5.0,5.0,18.0,1385.0,4.0,3590.0,2005.0,1.0
56229,3.0,0.0,103813.0,0.0,185.0,24.5,104339.0,1.0,196.0,21.8,3.0,6.0,26.0,1230.0,21.0,1420.0,2006.0,0.0
205967,1.0,3.0,105583.0,1.0,180.0,30.9,105932.0,1.0,185.0,29.2,5.0,4.0,39.0,1585.0,31.0,1785.0,2021.0,1.0
124150,1.0,0.0,104620.0,1.0,183.0,29.5,105676.0,1.0,180.0,24.3,3.0,5.0,52.0,896.0,21.0,1705.0,2015.0,1.0
107381,1.0,3.0,102783.0,1.0,180.0,33.0,102967.0,1.0,188.0,32.1,5.0,4.0,29.0,1645.0,46.0,1205.0,2009.0,1.0
205666,3.0,3.0,104926.0,1.0,178.0,28.2,104655.0,1.0,180.0,29.6,5.0,7.0,32.0,1165.0,40.0,1065.0,2015.0,0.0
179637,3.0,1.0,102271.0,0.0,175.0,30.2,103900.0,1.0,180.0,22.0,5.0,8.0,38.0,943.0,8.0,2060.0,2004.0,1.0
153515,1.0,4.0,104468.0,1.0,183.0,23.3,104620.0,1.0,183.0,22.5,3.0,6.0,34.0,940.0,55.0,631.0,2008.0,1.0
89457,1.0,1.0,105311.0,1.0,185.0,28.4,105526.0,1.0,193.0,27.3,5.0,8.0,57.0,870.0,54.0,898.0,2017.0,1.0
14807,3.0,0.0,104755.0,1.0,185.0,24.5,104312.0,1.0,190.0,26.8,3.0,5.0,29.0,1385.0,53.0,900.0,2011.0,0.0
27901,3.0,0.0,105208.0,1.0,190.0,20.1,104198.0,1.0,188.0,25.3,3.0,6.0,50.0,754.0,60.0,686.0,2008.0,0.0
131248,2.0,0.0,105023.0,1.0,198.0,23.6,105453.0,1.0,178.0,21.4,3.0,7.0,26.0,1360.0,60.0,857.0,2011.0,0.0
102682,3.0,0.0,105807.0,1.0,188.0,30.1,125802.0,1.0,193.0,27.4,3.0,3.0,12.0,3325.0,63.0,1025.0,2021.0,1.0
34278,3.0,3.0,104925.0,1.0,188.0,26.2,104719.0,1.0,190.0,27.3,5.0,5.0,1.0,10980.0,43.0,975.0,2013.0,0.0
73402,2.0,3.0,104269.0,0.0,188.0,23.6,104053.0,1.0,188.0,24.8,5.0,6.0,41.0,805.0,3.0,3055.0,2007.0,1.0
83612,3.0,0.0,104198.0,1.0,188.0,27.6,104660.0,1.0,193.0,25.0,3.0,5.0,33.0,1300.0,50.0,925.0,2011.0,1.0
194626,3.0,4.0,104338.0,1.0,185.0,27.6,103819.0,1.0,185.0,30.2,3.0,3.0,34.0,1200.0,4.0,7530.0,2011.0,1.0
24456,1.0,4.0,104269.0,0.0,188.0,29.4,105683.0,1.0,196.0,22.3,3.0,6.0,46.0,920.0,14.0,2225.0,2013.0,0.0
144080,3.0,0.0,104755.0,1.0,185.0,30.1,103565.0,1.0,185.0,36.2,3.0,5.0,15.0,2185.0,52.0,844.0,2016.0,0.0
175865,3.0,3.0,105453.0,1.0,178.0,24.6,104665.0,1.0,180.0,28.5,5.0,7.0,11.0,2680.0,48.0,926.0,2014.0,0.0
119100,3.0,0.0,105138.0,1.0,183.0,27.7,106058.0,1.0,185.0,23.2,3.0,2.0,25.0,1480.0,26.0,1465.0,2016.0,0.0
152158,3.0,0.0,104755.0,1.0,185.0,29.3,104871.0,1.0,188.0,28.6,3.0,3.0,12.0,2490.0,29.0,1390.0,2015.0,0.0
10881,3.0,4.0,103786.0,1.0,178.0,26.1,104068.0,1.0,183.0,24.8,3.0,6.0,5.0,3195.0,59.0,610.0,2007.0,0.0
199320,3.0,4.0,101736.0,1.0,180.0,33.8,103176.0,1.0,183.0,25.8,3.0,7.0,5.0,2770.0,58.0,611.0,2004.0,0.0
151555,3.0,3.0,103813.0,0.0,185.0,29.4,103970.0,1.0,175.0,28.7,5.0,4.0,40.0,1062.0,7.0,3895.0,2011.0,1.0
159621,3.0,0.0,126774.0,1.0,193.0,20.5,105676.0,1.0,180.0,28.1,3.0,9.0,12.0,2805.0,24.0,1560.0,2019.0,0.0
26846,3.0,4.0,104792.0,1.0,193.0,24.1,104417.0,1.0,193.0,26.2,3.0,2.0,14.0,2485.0,5.0,4960.0,2010.0,1.0
69251,2.0,0.0,104268.0,0.0,185.0,28.6,103819.0,1.0,185.0,30.9,3.0,7.0,51.0,869.0,1.0,11075.0,2012.0,1.0
37953,3.0,0.0,105227.0,1.0,198.0,33.0,105077.0,0.0,188.0,33.7,3.0,6.0,35.0,1515.0,43.0,1294.0,2021.0,0.0
189866,3.0,0.0,100644.0,1.0,198.0,22.7,126774.0,1.0,193.0,21.4,3.0,8.0,7.0,3345.0,6.0,5300.0,2020.0,1.0
110380,2.0,3.0,103819.0,1.0,185.0,34.8,105449.0,1.0,188.0,26.5,5.0,5.0,3.0,6425.0,29.0,1385.0,2016.0,0.0
8327,1.0,3.0,105023.0,1.0,198.0,32.9,126094.0,1.0,188.0,22.9,5.0,4.0,48.0,1055.0,12.0,2614.0,2020.0,1.0
44030,3.0,0.0,104166.0,1.0,178.0,28.7,103898.0,1.0,185.0,30.0,3.0,3.0,34.0,1135.0,49.0,900.0,2012.0,1.0
185181,3.0,0.0,105777.0,1.0,188.0,23.4,103819.0,1.0,185.0,33.1,3.0,3.0,11.0,3645.0,2.0,9080.0,2014.0,1.0
196581,3.0,0.0,105023.0,1.0,198.0,22.9,104468.0,1.0,183.0,25.7,3.0,6.0,21.0,1795.0,43.0,1055.0,2010.0,1.0
101914,3.0,4.0,105683.0,1.0,196.0,24.2,104545.0,1.0,206.0,29.9,3.0,5.0,6.0,5160.0,24.0,1450.0,2015.0,1.0
17279,3.0,0.0,104527.0,1.0,183.0,22.5,104925.0,1.0,188.0,20.3,3.0,2.0,41.0,745.0,3.0,4145.0,2007.0,1.0
91989,1.0,3.0,105449.0,1.0,188.0,26.4,104269.0,0.0,188.0,32.5,5.0,4.0,34.0,1190.0,52.0,855.0,2016.0,1.0
121794,3.0,0.0,106415.0,0.0,170.0,27.0,200624.0,1.0,196.0,22.2,3.0,3.0,39.0,1052.0,36.0,1125.0,2022.0,1.0
69608,3.0,4.0,105916.0,1.0,188.0,30.1,207989.0,1.0,185.0,18.8,3.0,7.0,55.0,977.0,16.0,2414.0,2022.0,1.0
137120,3.0,4.0,128034.0,1.0,196.0,25.0,126094.0,1.0,188.0,24.3,3.0,5.0,11.0,3468.0,7.0,4590.0,2022.0,1.0
151970,1.0,4.0,102450.0,1.0,185.0,29.6,103454.0,1.0,183.0,24.5,3.0,5.0,7.0,2075.0,11.0,1521.0,2004.0,0.0
103568,3.0,4.0,105453.0,1.0,178.0,22.6,105023.0,1.0,198.0,24.8,3.0,6.0,17.0,1770.0,35.0,1189.0,2012.0,1.0
182708,1.0,1.0,104898.0,1.0,190.0,30.4,106210.0,0.0,198.0,24.1,5.0,8.0,39.0,1165.0,59.0,850.0,2017.0,0.0
73128,3.0,4.0,104571.0,1.0,183.0,22.3,103507.0,1.0,183.0,27.7,3.0,7.0,22.0,1375.0,25.0,1335.0,2007.0,0.0
138424,1.0,4.0,105777.0,1.0,188.0,22.9,104745.0,0.0,185.0,27.9,3.0,9.0,14.0,2200.0,1.0,12900.0,2014.0,1.0
125528,1.0,4.0,105023.0,1.0,198.0,21.5,104312.0,1.0,190.0,25.1,3.0,7.0,60.0,1095.0,37.0,1470.0,2009.0,1.0
112888,1.0,0.0,104926.0,1.0,178.0,27.7,106210.0,0.0,198.0,21.6,3.0,6.0,28.0,1320.0,44.0,958.0,2015.0,0.0
128842,3.0,4.0,103333.0,1.0,208.0,28.6,103819.0,1.0,185.0,26.2,3.0,6.0,24.0,1365.0,1.0,7205.0,2007.0,1.0
57352,0.0,0.0,104252.0,1.0,190.0,21.0,102562.0,1.0,190.0,29.5,3.0,6.0,34.0,957.0,20.0,1225.0,2004.0,1.0
21463,1.0,4.0,103484.0,1.0,185.0,27.3,103096.0,1.0,173.0,29.4,3.0,6.0,9.0,2180.0,50.0,720.0,2007.0,0.0
161684,1.0,4.0,104597.0,1.0,183.0,22.6,104214.0,1.0,185.0,24.7,3.0,5.0,23.0,1220.0,32.0,1055.0,2008.0,1.0
64689,3.0,3.0,103428.0,1.0,190.0,24.3,103758.0,1.0,188.0,22.7,5.0,7.0,40.0,915.0,28.0,1115.0,2004.0,1.0
2100,3.0,2.0,126207.0,1.0,188.0,21.7,200282.0,1.0,183.0,20.7,3.0,9.0,47.0,1050.0,18.0,1775.0,2019.0,1.0
88846,3.0,0.0,104755.0,1.0,185.0,28.6,104312.0,1.0,190.0,31.0,3.0,6.0,27.0,1365.0,36.0,1145.0,2015.0,0.0
167953,3.0,0.0,103970.0,1.0,175.0,31.8,104731.0,1.0,203.0,27.7,3.0,3.0,4.0,5370.0,21.0,1685.0,2014.0,1.0
44860,3.0,4.0,105311.0,1.0,185.0,24.9,105208.0,1.0,190.0,25.5,3.0,7.0,45.0,991.0,22.0,1616.0,2014.0,1.0
77383,0.0,4.0,103781.0,0.0,183.0,23.4,103428.0,1.0,190.0,25.1,3.0,7.0,43.0,850.0,25.0,1155.0,2004.0,0.0
127417,3.0,4.0,102035.0,1.0,183.0,34.3,102450.0,1.0,185.0,31.9,3.0,7.0,32.0,998.0,60.0,640.0,2006.0,1.0
188160,3.0,0.0,111575.0,1.0,198.0,23.4,128034.0,1.0,196.0,22.6,3.0,6.0,9.0,2785.0,35.0,1298.0,2019.0,0.0
137481,3.0,4.0,105077.0,0.0,188.0,33.7,105932.0,1.0,185.0,29.6,3.0,6.0,48.0,1324.0,36.0,1556.0,2021.0,1.0
24862,2.0,0.0,104259.0,1.0,178.0,24.6,103163.0,1.0,188.0,30.1,3.0,5.0,40.0,875.0,37.0,895.0,2008.0,0.0
25019,3.0,0.0,106210.0,0.0,198.0,22.2,104755.0,1.0,185.0,29.3,3.0,6.0,38.0,1092.0,11.0,2580.0,2015.0,1.0
152874,3.0,1.0,104386.0,1.0,180.0,26.2,103285.0,1.0,185.0,31.7,5.0,8.0,37.0,1100.0,35.0,1150.0,2010.0,0.0
117087,2.0,3.0,103607.0,1.0,173.0,34.9,103794.0,1.0,178.0,34.0,5.0,4.0,48.0,941.0,51.0,905.0,2015.0,0.0
120085,3.0,3.0,105453.0,1.0,178.0,27.0,105723.0,1.0,185.0,25.9,5.0,4.0,5.0,5010.0,45.0,1015.0,2017.0,0.0
8503,3.0,3.0,103720.0,1.0,180.0,25.5,104755.0,1.0,185.0,20.1,5.0,5.0,17.0,1515.0,29.0,1060.0,2006.0,0.0
39655,3.0,4.0,104607.0,1.0,196.0,23.1,104068.0,1.0,183.0,26.0,3.0,7.0,22.0,1215.0,53.0,720.0,2008.0,0.0
206292,3.0,4.0,104678.0,1.0,193.0,27.0,104665.0,1.0,180.0,27.1,3.0,4.0,44.0,925.0,58.0,790.0,2013.0,0.0
121721,2.0,0.0,103781.0,0.0,183.0,33.0,104269.0,0.0,188.0,30.5,3.0,3.0,52.0,860.0,23.0,1555.0,2014.0,0.0
15119,3.0,4.0,103900.0,1.0,180.0,23.7,103344.0,1.0,193.0,26.5,3.0,9.0,9.0,1905.0,12.0,1640.0,2005.0,1.0
122525,3.0,0.0,103781.0,0.0,183.0,28.6,104926.0,1.0,178.0,22.6,3.0,6.0,28.0,1260.0,54.0,790.0,2010.0,0.0
116448,3.0,4.0,105216.0,1.0,173.0,28.9,105777.0,1.0,188.0,26.2,3.0,3.0,46.0,980.0,11.0,3070.0,2017.0,1.0
206923,3.0,4.0,105385.0,0.0,183.0,27.6,106298.0,1.0,185.0,23.0,3.0,6.0,60.0,801.0,15.0,2421.0,2017.0,0.0
122490,3.0,3.0,106378.0,1.0,188.0,22.0,105807.0,1.0,188.0,25.5,5.0,7.0,46.0,989.0,31.0,1370.0,2017.0,1.0
97982,1.0,3.0,105723.0,1.0,185.0,25.2,105453.0,1.0,178.0,26.3,5.0,7.0,40.0,1063.0,6.0,4470.0,2016.0,1.0
39983,3.0,4.0,104338.0,1.0,185.0,26.9,104660.0,1.0,193.0,25.2,3.0,7.0,35.0,1110.0,36.0,1095.0,2011.0,0.0
84507,1.0,4.0,106233.0,1.0,185.0,23.6,105676.0,1.0,180.0,26.3,3.0,5.0,9.0,3385.0,13.0,2705.0,2017.0,1.0
15823,1.0,4.0,102845.0,1.0,190.0,27.6,103252.0,1.0,175.0,25.7,3.0,7.0,9.0,1945.0,55.0,667.0,2004.0,0.0
26539,3.0,4.0,104269.0,0.0,188.0,24.3,103163.0,1.0,188.0,29.9,3.0,6.0,30.0,1050.0,36.0,925.0,2008.0,1.0
139470,1.0,4.0,103344.0,1.0,193.0,26.1,103632.0,1.0,180.0,24.6,3.0,7.0,13.0,1655.0,58.0,669.0,2005.0,0.0
70354,3.0,3.0,111575.0,1.0,198.0,22.6,105138.0,1.0,183.0,30.7,5.0,6.0,11.0,2835.0,24.0,1605.0,2019.0,1.0
51624,3.0,1.0,104559.0,1.0,188.0,30.3,104926.0,1.0,178.0,28.3,5.0,8.0,58.0,822.0,28.0,1300.0,2015.0,1.0
30404,3.0,4.0,105023.0,1.0,198.0,25.8,104386.0,1.0,180.0,29.1,3.0,7.0,28.0,1345.0,20.0,1650.0,2013.0,1.0
55817,2.0,0.0,105173.0,0.0,183.0,28.9,106432.0,1.0,188.0,20.6,3.0,6.0,62.0,766.0,42.0,966.0,2017.0,0.0
143153,1.0,4.0,104198.0,1.0,188.0,27.9,103598.0,1.0,185.0,30.8,3.0,7.0,29.0,1285.0,41.0,1045.0,2011.0,1.0
83676,3.0,3.0,106000.0,1.0,172.0,25.2,104655.0,1.0,180.0,31.6,5.0,4.0,56.0,855.0,31.0,1360.0,2017.0,0.0
132668,3.0,4.0,105453.0,1.0,178.0,28.6,126094.0,1.0,188.0,20.8,3.0,7.0,23.0,1710.0,37.0,1180.0,2018.0,0.0
172281,3.0,3.0,104076.0,1.0,190.0,22.8,103632.0,1.0,180.0,24.9,5.0,4.0,44.0,818.0,63.0,580.0,2005.0,0.0
150450,2.0,3.0,105173.0,0.0,183.0,29.0,104792.0,1.0,193.0,30.8,5.0,6.0,51.0,896.0,14.0,2695.0,2017.0,0.0
141446,3.0,0.0,102344.0,1.0,188.0,29.9,103602.0,1.0,183.0,23.5,3.0,6.0,51.0,695.0,24.0,1130.0,2004.0,1.0
97302,3.0,2.0,104918.0,1.0,190.0,22.5,105223.0,1.0,198.0,21.1,3.0,8.0,4.0,6630.0,5.0,5985.0,2009.0,0.0
56351,3.0,0.0,104607.0,1.0,196.0,22.4,103852.0,0.0,188.0,26.4,3.0,5.0,10.0,1685.0,41.0,785.0,2008.0,1.0
11178,3.0,4.0,104269.0,0.0,188.0,23.7,103428.0,1.0,190.0,27.9,3.0,7.0,35.0,820.0,20.0,1270.0,2007.0,0.0
163597,1.0,4.0,103835.0,1.0,183.0,25.6,103454.0,1.0,183.0,27.5,3.0,7.0,53.0,672.0,55.0,665.0,2007.0,1.0
82639,3.0,4.0,104269.0,0.0,188.0,20.9,102035.0,1.0,183.0,32.5,3.0,7.0,39.0,858.0,51.0,740.0,2004.0,0.0
136345,3.0,4.0,106432.0,1.0,188.0,21.3,104731.0,1.0,203.0,31.7,3.0,3.0,49.0,1026.0,9.0,3080.0,2018.0,0.0
176148,3.0,4.0,200221.0,1.0,183.0,23.1,106043.0,1.0,170.0,29.9,3.0,7.0,36.0,1210.0,15.0,2245.0,2022.0,1.0
55427,3.0,4.0,104607.0,1.0,196.0,30.5,104925.0,1.0,188.0,28.8,3.0,3.0,7.0,3810.0,1.0,16540.0,2016.0,1.0
150286,2.0,0.0,104252.0,1.0,190.0,23.6,103786.0,1.0,178.0,26.0,3.0,5.0,37.0,828.0,3.0,3040.0,2007.0,0.0
109776,3.0,0.0,103602.0,1.0,183.0,23.5,103720.0,1.0,180.0,22.9,3.0,6.0,25.0,1130.0,13.0,1625.0,2004.0,1.0
182087,3.0,3.0,111513.0,1.0,188.0,27.2,126094.0,1.0,188.0,24.8,5.0,4.0,64.0,747.0,11.0,3120.0,2022.0,1.0
111229,1.0,0.0,103786.0,1.0,178.0,25.1,103454.0,1.0,183.0,26.7,3.0,3.0,5.0,2165.0,37.0,890.0,2006.0,0.0
197532,2.0,3.0,105023.0,1.0,198.0,30.7,104792.0,1.0,193.0,31.8,5.0,6.0,13.0,2130.0,44.0,1070.0,2018.0,1.0
57644,3.0,0.0,102967.0,1.0,188.0,31.7,103970.0,1.0,175.0,26.7,3.0,5.0,52.0,1428.0,12.0,3390.0,2009.0,1.0
152323,2.0,0.0,202195.0,1.0,198.0,25.1,124187.0,1.0,211.0,24.8,3.0,6.0,60.0,913.0,18.0,2100.0,2022.0,0.0
43944,1.0,4.0,104269.0,0.0,188.0,31.4,104198.0,1.0,188.0,31.9,3.0,7.0,38.0,1100.0,28.0,1325.0,2015.0,0.0
19920,1.0,4.0,104925.0,1.0,188.0,28.9,105683.0,1.0,196.0,25.3,3.0,3.0,1.0,15550.0,10.0,2740.0,2016.0,0.0
128817,3.0,0.0,102860.0,1.0,183.0,29.9,103454.0,1.0,183.0,26.8,3.0,3.0,32.0,960.0,40.0,900.0,2006.0,0.0
155877,1.0,4.0,104792.0,1.0,193.0,25.6,104259.0,1.0,178.0,28.5,3.0,7.0,14.0,2120.0,25.0,1405.0,2012.0,0.0
93321,1.0,0.0,105948.0,1.0,180.0,30.1,144684.0,0.0,178.0,24.4,3.0,3.0,59.0,937.0,47.0,1029.0,2022.0,1.0
138135,0.0,0.0,103909.0,1.0,175.0,23.7,103252.0,1.0,175.0,27.1,3.0,6.0,7.0,2185.0,53.0,711.0,2005.0,0.0
93287,3.0,3.0,103566.0,0.0,190.0,30.2,103990.0,1.0,180.0,28.3,5.0,6.0,35.0,1185.0,41.0,1075.0,2010.0,1.0
54897,3.0,0.0,105577.0,1.0,193.0,23.3,103720.0,1.0,180.0,32.6,3.0,6.0,40.0,1065.0,53.0,870.0,2013.0,0.0
199791,3.0,0.0,105332.0,1.0,196.0,23.4,104312.0,1.0,190.0,28.6,3.0,6.0,46.0,832.0,22.0,1620.0,2012.0,0.0
20265,3.0,4.0,103720.0,1.0,180.0,22.0,102856.0,1.0,190.0,26.4,3.0,2.0,1.0,4630.0,24.0,1230.0,2003.0,0.0
60697,1.0,3.0,103602.0,1.0,183.0,24.8,103566.0,0.0,190.0,25.0,5.0,4.0,26.0,1200.0,52.0,740.0,2005.0,0.0
85818,3.0,0.0,103206.0,1.0,175.0,26.1,103344.0,1.0,193.0,25.3,3.0,3.0,12.0,1665.0,29.0,1010.0,2004.0,1.0
148244,3.0,0.0,126239.0,1.0,196.0,26.4,126952.0,1.0,180.0,24.1,3.0,5.0,58.0,1057.0,53.0,1110.0,2022.0,0.0
119348,3.0,0.0,104332.0,1.0,185.0,27.5,103997.0,1.0,190.0,29.4,3.0,6.0,64.0,751.0,61.0,767.0,2011.0,0.0
46567,3.0,0.0,105227.0,1.0,198.0,30.8,200000.0,1.0,193.0,18.9,3.0,5.0,17.0,1940.0,22.0,1707.0,2019.0,0.0
7334,3.0,0.0,103387.0,1.0,185.0,25.3,102610.0,1.0,180.0,29.2,3.0,6.0,25.0,1220.0,52.0,735.0,2004.0,0.0
52880,3.0,4.0,200282.0,1.0,183.0,22.4,105936.0,1.0,185.0,29.4,3.0,7.0,18.0,2600.0,33.0,1724.0,2021.0,0.0
105261,3.0,0.0,103970.0,1.0,175.0,28.8,103813.0,0.0,185.0,29.5,3.0,6.0,6.0,4570.0,43.0,1027.0,2011.0,1.0
46305,3.0,0.0,105138.0,1.0,183.0,27.4,104559.0,1.0,188.0,30.3,3.0,5.0,23.0,1510.0,57.0,822.0,2015.0,0.0
58666,3.0,4.0,103292.0,1.0,175.0,27.2,104019.0,1.0,193.0,23.7,3.0,7.0,8.0,1985.0,57.0,700.0,2006.0,1.0
79122,1.0,0.0,105077.0,0.0,188.0,27.3,103794.0,1.0,178.0,33.9,3.0,5.0,63.0,755.0,45.0,965.0,2015.0,0.0
8713,1.0,4.0,103333.0,1.0,208.0,36.1,104755.0,1.0,185.0,28.8,3.0,7.0,25.0,1470.0,23.0,1535.0,2015.0,1.0
68284,3.0,4.0,105583.0,1.0,180.0,28.7,106401.0,1.0,193.0,23.8,3.0,6.0,44.0,1010.0,33.0,1215.0,2019.0,1.0
173589,1.0,4.0,103786.0,1.0,178.0,26.9,103344.0,1.0,193.0,29.1,3.0,6.0,4.0,3290.0,29.0,1045.0,2008.0,0.0
174038,1.0,0.0,106432.0,1.0,188.0,19.3,106210.0,0.0,198.0,22.7,3.0,9.0,48.0,910.0,55.0,840.0,2016.0,0.0
86903,3.0,0.0,104022.0,1.0,183.0,27.6,104925.0,1.0,188.0,22.7,3.0,2.0,15.0,1975.0,2.0,8310.0,2010.0,1.0
156462,2.0,3.0,105227.0,1.0,198.0,32.7,106421.0,1.0,198.0,25.3,5.0,6.0,37.0,1660.0,2.0,10280.0,2021.0,1.0
51667,1.0,0.0,104745.0,0.0,185.0,26.6,104871.0,1.0,188.0,25.9,3.0,9.0,5.0,5400.0,26.0,1343.0,2013.0,0.0
91782,2.0,3.0,104312.0,1.0,190.0,29.3,104797.0,1.0,188.0,26.7,5.0,4.0,28.0,1380.0,47.0,915.0,2013.0,0.0
128553,3.0,4.0,104898.0,1.0,190.0,24.5,105453.0,1.0,178.0,21.7,3.0,7.0,40.0,1001.0,47.0,885.0,2011.0,1.0
151681,3.0,0.0,103206.0,1.0,175.0,26.2,103852.0,0.0,188.0,22.9,3.0,5.0,12.0,1605.0,31.0,935.0,2004.0,0.0
74037,3.0,0.0,104999.0,0.0,190.0,29.4,105777.0,1.0,188.0,25.7,3.0,6.0,34.0,1238.0,12.0,2925.0,2017.0,1.0
17910,1.0,0.0,104593.0,1.0,185.0,25.6,103808.0,1.0,188.0,29.7,3.0,7.0,60.0,839.0,43.0,1050.0,2011.0,0.0
151149,1.0,4.0,103898.0,1.0,185.0,26.3,102845.0,1.0,190.0,31.7,3.0,7.0,60.0,585.0,12.0,1440.0,2008.0,1.0
98276,1.0,4.0,104898.0,1.0,190.0,30.0,105554.0,1.0,175.0,26.9,3.0,7.0,45.0,933.0,58.0,834.0,2017.0,0.0
69613,3.0,2.0,111202.0,1.0,188.0,21.4,133430.0,0.0,185.0,18.5,3.0,8.0,55.0,889.0,49.0,971.0,2017.0,0.0
10234,1.0,0.0,105916.0,1.0,188.0,26.2,104527.0,1.0,183.0,33.1,3.0,3.0,60.0,884.0,25.0,1605.0,2018.0,0.0
29102,3.0,4.0,103781.0,0.0,183.0,31.2,105023.0,1.0,198.0,24.8,3.0,7.0,36.0,1067.0,29.0,1279.0,2012.0,1.0
15007,3.0,0.0,104386.0,1.0,180.0,25.3,104022.0,1.0,183.0,27.3,3.0,2.0,46.0,880.0,30.0,1200.0,2009.0,1.0
168087,3.0,1.0,105227.0,1.0,198.0,33.1,206173.0,1.0,188.0,20.2,3.0,8.0,30.0,1710.0,10.0,3350.0,2021.0,1.0
47803,3.0,0.0,104755.0,1.0,185.0,22.5,104468.0,1.0,183.0,24.0,3.0,5.0,25.0,2330.0,7.0,3960.0,2009.0,0.0
120233,1.0,4.0,105676.0,1.0,180.0,27.4,104898.0,1.0,190.0,31.0,3.0,6.0,10.0,3020.0,44.0,1120.0,2018.0,0.0
99932,3.0,0.0,104797.0,1.0,188.0,28.1,105668.0,1.0,203.0,23.9,3.0,6.0,55.0,825.0,36.0,1075.0,2014.0,0.0
39450,3.0,0.0,104527.0,1.0,183.0,28.5,104312.0,1.0,190.0,29.6,3.0,6.0,9.0,3150.0,22.0,1555.0,2013.0,0.0
53959,1.0,0.0,103602.0,1.0,183.0,22.9,103813.0,0.0,185.0,21.9,3.0,5.0,14.0,1421.0,28.0,1075.0,2003.0,0.0
141876,3.0,4.0,103498.0,1.0,193.0,28.4,105023.0,1.0,198.0,20.7,3.0,7.0,42.0,880.0,38.0,919.0,2008.0,0.0
204323,3.0,0.0,134770.0,1.0,183.0,22.7,132283.0,1.0,191.0,26.3,3.0,3.0,10.0,3440.0,23.0,2097.0,2021.0,0.0
69242,3.0,4.0,105208.0,1.0,190.0,22.9,103888.0,1.0,188.0,29.6,3.0,5.0,55.0,850.0,8.0,2505.0,2011.0,1.0
178685,1.0,0.0,103428.0,1.0,190.0,23.4,102860.0,1.0,183.0,26.4,3.0,5.0,26.0,1190.0,44.0,755.0,2003.0,0.0
142597,3.0,0.0,104338.0,1.0,185.0,27.5,104926.0,1.0,178.0,24.4,3.0,5.0,41.0,990.0,44.0,975.0,2011.0,0.0
61846,2.0,3.0,103720.0,1.0,180.0,26.3,103084.0,1.0,185.0,29.5,5.0,6.0,19.0,1330.0,17.0,1537.0,2007.0,0.0
206874,3.0,0.0,103656.0,1.0,175.0,29.9,103566.0,0.0,190.0,30.4,3.0,5.0,23.0,1530.0,32.0,1320.0,2010.0,0.0
115121,3.0,1.0,103163.0,1.0,188.0,28.8,103344.0,1.0,193.0,27.8,5.0,8.0,10.0,2020.0,8.0,2270.0,2007.0,0.0
191954,3.0,0.0,102257.0,0.0,193.0,31.3,104026.0,1.0,198.0,22.5,3.0,6.0,45.0,815.0,11.0,1745.0,2005.0,1.0
112291,1.0,4.0,104269.0,0.0,188.0,28.4,104797.0,1.0,188.0,25.6,3.0,7.0,19.0,1675.0,45.0,992.0,2012.0,0.0
103031,3.0,0.0,104312.0,1.0,190.0,30.8,105577.0,1.0,193.0,24.5,3.0,6.0,43.0,915.0,55.0,785.0,2015.0,1.0
64462,3.0,4.0,105227.0,1.0,198.0,30.8,106233.0,1.0,185.0,25.9,3.0,5.0,16.0,2030.0,4.0,4755.0,2019.0,1.0
124337,3.0,1.0,106401.0,1.0,193.0,22.7,100644.0,1.0,198.0,20.7,3.0,8.0,14.0,2395.0,5.0,4610.0,2018.0,1.0
189911,3.0,4.0,103018.0,1.0,196.0,27.6,103292.0,1.0,175.0,26.2,3.0,7.0,37.0,950.0,8.0,2150.0,2005.0,1.0
62588,3.0,0.0,104607.0,1.0,196.0,30.4,106401.0,1.0,193.0,20.8,3.0,3.0,7.0,3990.0,33.0,1240.0,2016.0,1.0
144823,3.0,3.0,103017.0,1.0,183.0,27.1,102450.0,1.0,185.0,29.9,5.0,5.0,20.0,1235.0,6.0,2380.0,2004.0,1.0
144716,3.0,4.0,104022.0,1.0,183.0,32.1,104926.0,1.0,178.0,27.1,3.0,7.0,23.0,1530.0,19.0,1665.0,2014.0,1.0
67329,3.0,0.0,105550.0,0.0,185.0,27.4,103333.0,1.0,208.0,38.6,3.0,6.0,64.0,792.0,51.0,910.0,2017.0,1.0
22826,3.0,0.0,104527.0,1.0,183.0,34.5,104655.0,1.0,180.0,33.8,3.0,6.0,17.0,1820.0,45.0,1102.0,2019.0,0.0
110899,2.0,3.0,103819.0,1.0,185.0,25.8,103498.0,1.0,193.0,27.4,5.0,6.0,1.0,7290.0,24.0,1125.0,2007.0,0.0
86434,1.0,4.0,106058.0,1.0,185.0,24.6,103917.0,1.0,190.0,35.2,3.0,7.0,15.0,2405.0,48.0,925.0,2017.0,1.0
136568,1.0,4.0,103018.0,1.0,196.0,26.7,103498.0,1.0,193.0,24.2,3.0,6.0,29.0,1035.0,25.0,1105.0,2004.0,1.0
566,3.0,3.0,206173.0,1.0,188.0,21.0,207989.0,1.0,185.0,19.3,5.0,3.0,13.0,3020.0,4.0,5100.0,2022.0,1.0
116732,2.0,0.0,104676.0,0.0,190.0,23.3,104259.0,1.0,178.0,25.6,3.0,3.0,53.0,1077.0,24.0,1760.0,2009.0,1.0
205037,3.0,0.0,104252.0,1.0,190.0,24.2,105023.0,1.0,198.0,20.2,3.0,6.0,56.0,611.0,63.0,588.0,2008.0,0.0
72956,2.0,3.0,105227.0,1.0,198.0,23.7,104918.0,1.0,190.0,25.1,5.0,5.0,18.0,1655.0,4.0,6980.0,2012.0,1.0
60405,3.0,4.0,104198.0,1.0,188.0,28.4,105053.0,1.0,188.0,23.9,3.0,7.0,64.0,730.0,45.0,925.0,2011.0,0.0
58319,3.0,3.0,104745.0,0.0,185.0,31.2,105238.0,1.0,180.0,28.8,5.0,5.0,1.0,7645.0,64.0,751.0,2017.0,0.0
47243,3.0,4.0,102450.0,1.0,185.0,31.5,103498.0,1.0,193.0,26.1,3.0,4.0,56.0,710.0,47.0,790.0,2006.0,0.0
58195,1.0,0.0,105064.0,0.0,188.0,28.3,100644.0,1.0,198.0,18.9,3.0,6.0,35.0,1165.0,51.0,895.0,2016.0,1.0
182740,3.0,0.0,105138.0,1.0,183.0,33.8,105932.0,1.0,185.0,29.9,3.0,2.0,16.0,2380.0,22.0,2016.0,2022.0,0.0
55080,3.0,4.0,111577.0,1.0,188.0,20.8,105138.0,1.0,183.0,29.3,3.0,7.0,60.0,793.0,14.0,2425.0,2017.0,0.0
94064,3.0,1.0,200282.0,1.0,183.0,23.0,105916.0,1.0,188.0,30.0,3.0,8.0,30.0,1486.0,35.0,1382.0,2022.0,0.0
69718,3.0,4.0,126094.0,1.0,188.0,19.9,105223.0,1.0,198.0,29.0,3.0,6.0,35.0,1247.0,23.0,1865.0,2017.0,1.0
175832,1.0,3.0,106043.0,1.0,170.0,25.7,106432.0,1.0,188.0,21.5,5.0,6.0,12.0,2165.0,40.0,1200.0,2018.0,0.0
206363,3.0,0.0,126207.0,1.0,188.0,24.7,126203.0,1.0,193.0,24.9,3.0,2.0,19.0,1940.0,11.0,3055.0,2022.0,1.0
125913,1.0,4.0,105208.0,1.0,190.0,21.6,104571.0,1.0,183.0,24.8,3.0,7.0,40.0,1009.0,33.0,1345.0,2010.0,0.0
137505,1.0,4.0,104745.0,0.0,185.0,30.9,106058.0,1.0,185.0,24.6,3.0,5.0,4.0,5195.0,14.0,2370.0,2017.0,0.0
139473,3.0,3.0,103017.0,1.0,183.0,27.5,103694.0,1.0,168.0,23.9,5.0,4.0,21.0,1240.0,53.0,750.0,2005.0,1.0
39136,3.0,0.0,104468.0,1.0,183.0,31.7,104259.0,1.0,178.0,32.9,3.0,6.0,30.0,1360.0,31.0,1350.0,2016.0,0.0
93602,3.0,4.0,104678.0,1.0,193.0,31.6,104545.0,1.0,206.0,32.4,3.0,5.0,54.0,895.0,16.0,2470.0,2017.0,0.0
84762,3.0,4.0,111202.0,1.0,188.0,21.4,104999.0,0.0,190.0,30.1,3.0,7.0,55.0,889.0,32.0,1302.0,2017.0,0.0
7611,3.0,4.0,103852.0,0.0,188.0,33.4,104655.0,1.0,180.0,29.1,3.0,6.0,12.0,2325.0,23.0,1512.0,2015.0,0.0
62852,1.0,0.0,103893.0,1.0,183.0,35.5,105379.0,1.0,181.0,27.9,3.0,5.0,34.0,1223.0,48.0,930.0,2017.0,0.0
122850,3.0,4.0,104871.0,1.0,188.0,32.0,104468.0,1.0,183.0,34.2,3.0,7.0,40.0,1100.0,27.0,1340.0,2019.0,0.0
18151,2.0,3.0,102562.0,1.0,190.0,29.2,103598.0,1.0,185.0,23.9,5.0,4.0,16.0,1340.0,51.0,730.0,2004.0,1.0
90533,3.0,4.0,104925.0,1.0,188.0,22.8,103694.0,1.0,168.0,29.1,3.0,7.0,2.0,8220.0,59.0,754.0,2010.0,1.0
73585,3.0,4.0,100644.0,1.0,198.0,21.4,105932.0,1.0,185.0,26.6,3.0,6.0,5.0,4755.0,23.0,1757.0,2018.0,0.0
162094,3.0,4.0,104745.0,0.0,185.0,20.1,103163.0,1.0,188.0,28.3,3.0,5.0,2.0,4505.0,17.0,1455.0,2006.0,0.0
181132,1.0,0.0,104312.0,1.0,190.0,29.3,104719.0,1.0,190.0,27.2,3.0,6.0,24.0,1550.0,51.0,870.0,2013.0,1.0
136740,3.0,4.0,103819.0,1.0,185.0,32.0,103163.0,1.0,188.0,35.3,3.0,5.0,5.0,5515.0,13.0,2140.0,2013.0,0.0
119142,1.0,4.0,104542.0,1.0,188.0,28.9,104926.0,1.0,178.0,26.8,3.0,5.0,12.0,2550.0,13.0,2400.0,2014.0,0.0
70550,3.0,0.0,103333.0,1.0,208.0,28.6,104607.0,1.0,196.0,22.0,3.0,3.0,25.0,1295.0,13.0,1715.0,2007.0,0.0
106514,3.0,0.0,126610.0,1.0,196.0,25.5,207989.0,1.0,185.0,18.4,3.0,3.0,7.0,4688.0,42.0,1355.0,2021.0,1.0
162505,1.0,4.0,104792.0,1.0,193.0,24.6,104593.0,1.0,185.0,25.6,3.0,6.0,10.0,2600.0,61.0,829.0,2011.0,0.0
100229,3.0,0.0,103990.0,1.0,180.0,22.8,103017.0,1.0,183.0,27.6,3.0,3.0,13.0,1485.0,30.0,1115.0,2005.0,0.0
38067,3.0,0.0,104542.0,1.0,188.0,31.8,104468.0,1.0,183.0,32.1,3.0,3.0,11.0,3230.0,23.0,1495.0,2017.0,0.0
106851,3.0,4.0,101736.0,1.0,180.0,33.8,103151.0,1.0,183.0,26.0,3.0,7.0,5.0,2995.0,43.0,870.0,2004.0,0.0
184962,3.0,0.0,103852.0,0.0,188.0,29.0,105223.0,1.0,198.0,22.0,3.0,6.0,23.0,1685.0,36.0,1170.0,2010.0,0.0
137104,1.0,4.0,103970.0,1.0,175.0,21.0,101736.0,1.0,180.0,33.0,3.0,7.0,60.0,662.0,1.0,4395.0,2003.0,0.0
204045,3.0,0.0,105916.0,1.0,188.0,29.7,111815.0,0.0,188.0,26.1,3.0,6.0,39.0,1439.0,14.0,2895.0,2021.0,1.0
109915,3.0,0.0,104797.0,1.0,188.0,27.4,104925.0,1.0,188.0,26.7,3.0,6.0,54.0,830.0,2.0,10580.0,2014.0,1.0
160388,3.0,0.0,105657.0,1.0,193.0,28.3,104269.0,0.0,188.0,35.2,3.0,5.0,56.0,858.0,26.0,1455.0,2019.0,1.0
3831,3.0,4.0,104871.0,1.0,188.0,22.5,103990.0,1.0,180.0,27.2,3.0,7.0,35.0,1222.0,16.0,2245.0,2009.0,0.0
100036,3.0,2.0,104386.0,1.0,180.0,28.3,103819.0,1.0,185.0,31.2,3.0,8.0,9.0,2990.0,2.0,9465.0,2012.0,1.0
130255,3.0,4.0,103900.0,1.0,180.0,22.5,104022.0,1.0,183.0,22.0,3.0,7.0,6.0,2475.0,46.0,775.0,2004.0,1.0
135011,3.0,0.0,104259.0,1.0,178.0,29.9,104745.0,0.0,185.0,27.3,3.0,5.0,25.0,1445.0,2.0,10860.0,2013.0,1.0
5613,1.0,4.0,104259.0,1.0,178.0,35.5,104925.0,1.0,188.0,31.9,3.0,5.0,56.0,895.0,1.0,12115.0,2019.0,1.0
174572,1.0,0.0,103598.0,1.0,185.0,23.7,103990.0,1.0,180.0,21.9,3.0,6.0,56.0,625.0,20.0,1200.0,2004.0,1.0
60774,1.0,4.0,134770.0,1.0,183.0,22.3,200000.0,1.0,193.0,20.7,3.0,7.0,22.0,2340.0,20.0,2418.0,2021.0,0.0
202062,3.0,0.0,104607.0,1.0,196.0,29.0,105373.0,0.0,190.0,25.2,3.0,9.0,6.0,4115.0,56.0,822.0,2014.0,0.0
181126,1.0,4.0,105453.0,1.0,178.0,29.3,126203.0,1.0,193.0,21.5,3.0,6.0,6.0,3860.0,52.0,954.0,2019.0,0.0
7520,3.0,3.0,105683.0,1.0,196.0,24.6,103852.0,0.0,188.0,33.9,5.0,6.0,10.0,2880.0,19.0,1665.0,2015.0,1.0
38744,3.0,0.0,105449.0,1.0,188.0,27.0,105777.0,1.0,188.0,25.6,3.0,6.0,33.0,1320.0,17.0,2035.0,2017.0,1.0
91161,1.0,0.0,106233.0,1.0,185.0,25.6,106043.0,1.0,170.0,26.6,3.0,6.0,5.0,4675.0,25.0,1485.0,2019.0,0.0
110041,0.0,0.0,103387.0,1.0,185.0,27.3,103794.0,1.0,178.0,25.3,3.0,6.0,54.0,710.0,59.0,651.0,2006.0,0.0
93920,1.0,0.0,103292.0,1.0,175.0,25.5,102562.0,1.0,190.0,29.3,3.0,3.0,11.0,1745.0,25.0,1135.0,2004.0,0.0
139183,3.0,4.0,104918.0,1.0,190.0,22.2,104871.0,1.0,188.0,22.4,3.0,6.0,3.0,8260.0,36.0,1222.0,2009.0,0.0
57383,1.0,0.0,104259.0,1.0,178.0,23.7,104745.0,0.0,185.0,21.1,3.0,5.0,37.0,820.0,2.0,5225.0,2007.0,1.0
101581,3.0,4.0,103722.0,1.0,180.0,25.4,104925.0,1.0,188.0,19.2,3.0,6.0,52.0,755.0,24.0,1168.0,2006.0,0.0
47047,3.0,0.0,104607.0,1.0,196.0,31.0,104180.0,0.0,193.0,33.4,3.0,6.0,9.0,3470.0,36.0,1175.0,2016.0,1.0
39488,3.0,0.0,104586.0,1.0,196.0,29.2,103333.0,1.0,208.0,35.6,3.0,6.0,30.0,1245.0,31.0,1220.0,2014.0,1.0
193273,1.0,3.0,103498.0,1.0,193.0,25.3,103507.0,1.0,183.0,25.2,5.0,6.0,4.0,3065.0,33.0,995.0,2005.0,0.0
11767,1.0,0.0,105138.0,1.0,183.0,29.0,105077.0,0.0,188.0,29.2,3.0,5.0,18.0,2145.0,19.0,2135.0,2017.0,1.0
20511,3.0,0.0,104571.0,1.0,183.0,23.3,104719.0,1.0,190.0,22.5,3.0,6.0,43.0,805.0,52.0,732.0,2008.0,1.0
195493,3.0,3.0,126205.0,1.0,185.0,23.7,105932.0,1.0,185.0,28.9,5.0,4.0,53.0,1080.0,40.0,1405.0,2021.0,0.0
58610,2.0,0.0,104269.0,0.0,188.0,20.5,103990.0,1.0,180.0,22.1,3.0,3.0,41.0,785.0,23.0,1255.0,2004.0,1.0
166509,3.0,0.0,103971.0,1.0,180.0,22.2,103018.0,1.0,196.0,27.0,3.0,6.0,64.0,636.0,33.0,900.0,2004.0,0.0
135552,3.0,0.0,104259.0,1.0,178.0,28.0,104180.0,0.0,193.0,28.4,3.0,5.0,49.0,900.0,50.0,888.0,2011.0,0.0
30116,3.0,4.0,104542.0,1.0,188.0,26.5,104312.0,1.0,190.0,27.7,3.0,5.0,8.0,2935.0,46.0,925.0,2011.0,0.0
17160,1.0,0.0,100644.0,1.0,198.0,21.0,111202.0,1.0,188.0,21.9,3.0,9.0,3.0,5195.0,22.0,1817.0,2018.0,0.0
52170,3.0,3.0,103819.0,1.0,185.0,24.4,103018.0,1.0,196.0,28.5,5.0,6.0,1.0,6725.0,34.0,890.0,2006.0,0.0
37930,3.0,0.0,104594.0,1.0,194.0,27.4,106071.0,1.0,193.0,20.2,3.0,6.0,49.0,845.0,64.0,740.0,2013.0,1.0
149859,3.0,0.0,104098.0,1.0,185.0,25.0,103656.0,1.0,175.0,27.0,3.0,6.0,34.0,853.0,46.0,681.0,2007.0,0.0
127611,3.0,0.0,104797.0,1.0,188.0,26.3,104731.0,1.0,203.0,26.6,3.0,3.0,46.0,897.0,36.0,1065.0,2013.0,1.0
63342,3.0,2.0,104386.0,1.0,180.0,28.3,105223.0,1.0,198.0,24.1,3.0,8.0,9.0,2990.0,7.0,4080.0,2012.0,1.0
114995,3.0,1.0,105062.0,1.0,183.0,26.2,104527.0,1.0,183.0,29.0,5.0,8.0,56.0,827.0,3.0,5740.0,2014.0,1.0
28731,1.0,3.0,128034.0,1.0,196.0,23.6,105815.0,1.0,188.0,29.1,5.0,4.0,31.0,1468.0,47.0,1068.0,2020.0,1.0
81336,3.0,0.0,102703.0,1.0,180.0,31.5,103498.0,1.0,193.0,27.4,3.0,3.0,42.0,726.0,22.0,1165.0,2007.0,0.0
52213,1.0,0.0,103507.0,1.0,183.0,30.4,104312.0,1.0,190.0,26.4,3.0,9.0,22.0,1710.0,55.0,860.0,2010.0,0.0
185721,1.0,4.0,103835.0,1.0,183.0,22.6,103017.0,1.0,183.0,26.8,3.0,7.0,54.0,679.0,32.0,1008.0,2004.0,0.0
62334,3.0,4.0,202195.0,1.0,198.0,25.4,104925.0,1.0,188.0,35.4,3.0,6.0,34.0,1254.0,7.0,4320.0,2022.0,1.0
133772,1.0,4.0,104269.0,0.0,188.0,27.4,104229.0,1.0,180.0,27.7,3.0,7.0,17.0,1700.0,55.0,888.0,2011.0,1.0
206415,3.0,4.0,104229.0,1.0,180.0,25.9,104871.0,1.0,188.0,22.4,3.0,7.0,60.0,871.0,36.0,1222.0,2009.0,1.0
199400,1.0,0.0,104919.0,1.0,188.0,30.7,104792.0,1.0,193.0,31.4,3.0,3.0,50.0,974.0,43.0,1175.0,2018.0,1.0
90861,0.0,0.0,103990.0,1.0,180.0,21.4,103694.0,1.0,168.0,22.7,3.0,5.0,19.0,1270.0,50.0,751.0,2003.0,1.0
42003,3.0,4.0,103632.0,1.0,180.0,23.8,104417.0,1.0,193.0,19.9,3.0,6.0,39.0,816.0,47.0,780.0,2004.0,1.0
148527,3.0,4.0,105807.0,1.0,188.0,29.3,105526.0,1.0,193.0,30.5,3.0,6.0,15.0,2400.0,35.0,1450.0,2020.0,0.0
201695,2.0,0.0,104180.0,0.0,193.0,29.2,104797.0,1.0,188.0,25.8,3.0,6.0,56.0,806.0,34.0,1167.0,2012.0,1.0
26799,3.0,4.0,103908.0,1.0,185.0,25.5,103084.0,1.0,185.0,29.6,3.0,7.0,23.0,1125.0,15.0,1675.0,2007.0,0.0
135260,1.0,4.0,104655.0,1.0,180.0,30.2,105683.0,1.0,196.0,25.2,3.0,6.0,25.0,1510.0,12.0,2740.0,2016.0,1.0
101393,3.0,0.0,103720.0,1.0,180.0,22.0,102374.0,1.0,180.0,28.8,3.0,3.0,1.0,4480.0,17.0,1555.0,2003.0,0.0
68871,1.0,4.0,103176.0,1.0,183.0,25.0,103292.0,1.0,175.0,24.4,3.0,6.0,53.0,748.0,29.0,1080.0,2003.0,1.0
22223,3.0,0.0,105676.0,1.0,180.0,24.8,105173.0,0.0,183.0,27.3,3.0,5.0,17.0,1715.0,40.0,1015.0,2015.0,0.0
18909,3.0,4.0,104259.0,1.0,178.0,34.3,105227.0,1.0,198.0,29.4,3.0,6.0,37.0,1290.0,3.0,4870.0,2018.0,0.0
158370,1.0,4.0,105238.0,1.0,180.0,23.4,104542.0,1.0,188.0,27.0,3.0,5.0,20.0,1575.0,5.0,4885.0,2012.0,0.0
44820,2.0,3.0,105053.0,1.0,188.0,26.5,104719.0,1.0,190.0,28.1,5.0,7.0,35.0,1118.0,30.0,1250.0,2014.0,0.0
153427,3.0,0.0,105777.0,1.0,188.0,26.6,106378.0,1.0,188.0,22.9,3.0,3.0,3.0,5150.0,50.0,992.0,2018.0,0.0
202692,3.0,3.0,103819.0,1.0,185.0,28.4,103720.0,1.0,180.0,28.8,5.0,5.0,1.0,10550.0,22.0,1600.0,2010.0,0.0
136655,1.0,4.0,103602.0,1.0,183.0,24.7,104339.0,1.0,196.0,21.0,3.0,6.0,26.0,1200.0,20.0,1275.0,2005.0,0.0
59143,3.0,0.0,106233.0,1.0,185.0,21.4,105208.0,1.0,190.0,26.4,3.0,6.0,47.0,917.0,13.0,2420.0,2015.0,0.0
28648,3.0,0.0,104792.0,1.0,193.0,23.4,104022.0,1.0,183.0,27.6,3.0,3.0,13.0,2520.0,20.0,1770.0,2010.0,1.0
158821,3.0,0.0,105064.0,0.0,188.0,25.0,105676.0,1.0,180.0,22.0,3.0,6.0,32.0,1112.0,50.0,843.0,2013.0,0.0
34629,1.0,0.0,104926.0,1.0,178.0,24.1,103808.0,1.0,188.0,30.0,3.0,3.0,38.0,1140.0,54.0,895.0,2011.0,0.0
120009,3.0,0.0,104022.0,1.0,183.0,31.2,104755.0,1.0,185.0,27.2,3.0,3.0,20.0,1780.0,9.0,3165.0,2013.0,1.0
76290,3.0,3.0,126207.0,1.0,188.0,23.6,126094.0,1.0,188.0,23.8,5.0,6.0,50.0,1312.0,7.0,6400.0,2021.0,0.0
165218,1.0,4.0,102562.0,1.0,190.0,29.1,103484.0,1.0,185.0,24.3,3.0,7.0,17.0,1375.0,43.0,860.0,2004.0,0.0
98101,3.0,0.0,104607.0,1.0,196.0,24.2,104571.0,1.0,183.0,24.5,3.0,5.0,20.0,1655.0,42.0,945.0,2010.0,0.0
18747,1.0,0.0,106415.0,0.0,170.0,25.6,200005.0,0.0,188.0,22.8,3.0,6.0,60.0,1084.0,33.0,1780.0,2021.0,0.0
81282,3.0,0.0,104745.0,0.0,185.0,21.5,102845.0,1.0,190.0,31.3,3.0,9.0,2.0,5735.0,17.0,1585.0,2007.0,0.0
145484,2.0,0.0,103812.0,1.0,198.0,29.8,104471.0,1.0,183.0,26.4,3.0,6.0,62.0,805.0,42.0,1029.0,2011.0,1.0
63857,3.0,0.0,104471.0,1.0,183.0,29.0,105227.0,1.0,198.0,25.3,3.0,3.0,34.0,1145.0,37.0,1085.0,2014.0,1.0
14039,0.0,0.0,104597.0,1.0,183.0,22.1,103888.0,1.0,188.0,25.8,3.0,6.0,26.0,1010.0,43.0,730.0,2007.0,1.0
49474,2.0,0.0,106401.0,1.0,193.0,23.1,106378.0,1.0,188.0,23.4,3.0,5.0,21.0,1675.0,17.0,1950.0,2018.0,0.0
49955,3.0,4.0,103428.0,1.0,190.0,27.1,103990.0,1.0,180.0,24.4,3.0,6.0,35.0,915.0,8.0,2175.0,2006.0,1.0
165608,1.0,4.0,103602.0,1.0,183.0,28.7,103781.0,0.0,183.0,27.9,3.0,5.0,13.0,3005.0,31.0,1655.0,2009.0,0.0
91891,3.0,4.0,126952.0,1.0,180.0,24.2,111513.0,1.0,188.0,26.7,3.0,4.0,64.0,906.0,52.0,1041.0,2022.0,1.0
46781,3.0,4.0,105554.0,1.0,175.0,31.3,105453.0,1.0,178.0,31.7,3.0,7.0,22.0,2122.0,52.0,1208.0,2021.0,0.0
197885,3.0,4.0,104607.0,1.0,196.0,25.8,105238.0,1.0,180.0,22.7,3.0,6.0,9.0,2420.0,21.0,1575.0,2011.0,0.0
42585,3.0,4.0,122330.0,1.0,196.0,24.3,134770.0,1.0,183.0,22.8,3.0,6.0,36.0,1516.0,8.0,3670.0,2021.0,1.0
129490,3.0,0.0,104542.0,1.0,188.0,26.4,105238.0,1.0,180.0,22.8,3.0,9.0,10.0,2710.0,20.0,1700.0,2011.0,0.0
10756,1.0,0.0,106043.0,1.0,170.0,29.4,134770.0,1.0,183.0,23.1,3.0,2.0,15.0,2550.0,8.0,4065.0,2022.0,1.0
119998,3.0,4.0,111575.0,1.0,198.0,21.2,106043.0,1.0,170.0,24.9,3.0,7.0,32.0,1320.0,33.0,1315.0,2017.0,0.0
24438,3.0,4.0,105064.0,0.0,188.0,23.7,104098.0,1.0,185.0,28.8,3.0,7.0,35.0,1145.0,41.0,983.0,2011.0,1.0
100792,3.0,3.0,104755.0,1.0,185.0,19.5,103163.0,1.0,188.0,27.7,5.0,4.0,16.0,1511.0,41.0,825.0,2006.0,1.0
200104,1.0,0.0,104586.0,1.0,196.0,27.9,104719.0,1.0,190.0,27.2,3.0,6.0,40.0,982.0,51.0,870.0,2013.0,1.0
163236,3.0,0.0,103344.0,1.0,193.0,28.9,104607.0,1.0,196.0,22.4,3.0,6.0,23.0,1410.0,12.0,1685.0,2008.0,1.0
81393,1.0,0.0,105238.0,1.0,180.0,22.2,104527.0,1.0,183.0,25.9,3.0,3.0,26.0,1375.0,15.0,2125.0,2011.0,0.0
49048,1.0,3.0,103971.0,1.0,180.0,23.1,103507.0,1.0,183.0,25.2,5.0,4.0,42.0,867.0,33.0,995.0,2005.0,1.0
71724,3.0,3.0,104022.0,1.0,183.0,30.1,104180.0,0.0,193.0,29.3,5.0,4.0,29.0,1290.0,53.0,821.0,2012.0,1.0
48264,3.0,0.0,106329.0,0.0,183.0,28.3,208029.0,1.0,185.0,19.4,3.0,6.0,61.0,798.0,27.0,1461.0,2022.0,1.0
202478,3.0,4.0,103852.0,0.0,188.0,34.9,105777.0,1.0,188.0,25.2,3.0,6.0,18.0,1975.0,34.0,1285.0,2016.0,1.0
87894,1.0,4.0,103852.0,0.0,188.0,34.5,105676.0,1.0,180.0,25.3,3.0,7.0,23.0,1585.0,13.0,2560.0,2016.0,1.0
28877,1.0,0.0,104545.0,1.0,206.0,32.9,105449.0,1.0,188.0,28.2,3.0,3.0,9.0,3125.0,51.0,975.0,2018.0,1.0
38875,1.0,4.0,105077.0,0.0,188.0,28.3,104607.0,1.0,196.0,30.6,3.0,6.0,57.0,853.0,8.0,2940.0,2016.0,1.0
171550,3.0,0.0,105676.0,1.0,180.0,21.8,104665.0,1.0,180.0,26.7,3.0,6.0,45.0,853.0,40.0,950.0,2012.0,0.0
138389,3.0,0.0,104269.0,0.0,188.0,28.1,103970.0,1.0,175.0,29.7,3.0,9.0,24.0,1550.0,5.0,4925.0,2012.0,1.0
138787,2.0,3.0,104053.0,1.0,188.0,25.8,104724.0,1.0,183.0,22.1,5.0,4.0,6.0,2280.0,60.0,619.0,2008.0,0.0
168988,3.0,4.0,104098.0,1.0,185.0,23.2,103819.0,1.0,185.0,24.6,3.0,5.0,36.0,870.0,1.0,6935.0,2006.0,1.0
158690,1.0,1.0,104607.0,1.0,196.0,21.3,104053.0,1.0,188.0,24.4,5.0,8.0,12.0,1785.0,4.0,2715.0,2007.0,1.0
49562,1.0,4.0,102610.0,1.0,180.0,27.8,102456.0,1.0,180.0,28.6,3.0,5.0,8.0,1960.0,47.0,790.0,2003.0,1.0
128149,3.0,4.0,104926.0,1.0,178.0,27.2,104229.0,1.0,180.0,30.9,3.0,5.0,21.0,1665.0,43.0,1003.0,2014.0,0.0
36409,3.0,0.0,105332.0,1.0,196.0,24.4,105683.0,1.0,196.0,22.7,3.0,3.0,25.0,1380.0,11.0,2860.0,2013.0,0.0
60686,3.0,0.0,104076.0,1.0,190.0,26.8,105023.0,1.0,198.0,21.8,3.0,9.0,52.0,960.0,23.0,1520.0,2009.0,1.0
102293,2.0,0.0,104026.0,1.0,198.0,21.9,104417.0,1.0,193.0,19.8,3.0,6.0,48.0,752.0,44.0,770.0,2004.0,0.0
131487,3.0,4.0,103909.0,1.0,175.0,21.1,102610.0,1.0,180.0,27.7,3.0,5.0,29.0,1125.0,9.0,2015.0,2003.0,1.0
187444,3.0,4.0,103898.0,1.0,185.0,25.2,103484.0,1.0,185.0,27.1,3.0,6.0,46.0,757.0,6.0,2585.0,2007.0,0.0
60668,1.0,1.0,103786.0,1.0,178.0,26.8,104607.0,1.0,196.0,22.5,5.0,8.0,4.0,3175.0,9.0,1875.0,2008.0,0.0
104821,2.0,0.0,105311.0,1.0,185.0,28.2,104259.0,1.0,178.0,33.6,3.0,6.0,57.0,830.0,56.0,840.0,2017.0,1.0
100927,3.0,4.0,105992.0,1.0,183.0,25.4,105777.0,1.0,188.0,26.4,3.0,6.0,46.0,990.0,9.0,3455.0,2017.0,1.0
159490,1.0,0.0,104198.0,1.0,188.0,26.8,105064.0,0.0,188.0,22.3,3.0,5.0,42.0,964.0,33.0,1322.0,2010.0,1.0
11764,1.0,3.0,104312.0,1.0,190.0,30.2,103970.0,1.0,175.0,32.1,5.0,6.0,33.0,1150.0,5.0,5030.0,2014.0,1.0
135283,1.0,0.0,103720.0,1.0,180.0,28.1,104607.0,1.0,196.0,23.6,3.0,3.0,55.0,1145.0,28.0,1685.0,2009.0,1.0
108013,3.0,4.0,103781.0,0.0,183.0,24.4,102434.0,1.0,183.0,31.2,3.0,7.0,51.0,730.0,62.0,625.0,2005.0,0.0
127729,1.0,0.0,104468.0,1.0,183.0,23.3,102967.0,1.0,188.0,31.1,3.0,3.0,36.0,900.0,59.0,604.0,2008.0,0.0
203258,1.0,3.0,104269.0,0.0,188.0,30.5,104918.0,1.0,190.0,27.0,5.0,5.0,25.0,1420.0,8.0,4120.0,2014.0,1.0
180191,1.0,4.0,102610.0,1.0,180.0,29.7,103566.0,0.0,190.0,24.8,3.0,7.0,54.0,750.0,53.0,775.0,2005.0,0.0
27359,3.0,0.0,105577.0,1.0,193.0,25.0,104571.0,1.0,183.0,30.1,3.0,3.0,29.0,1170.0,47.0,925.0,2015.0,1.0
150106,2.0,0.0,128034.0,1.0,196.0,25.3,105916.0,1.0,188.0,30.3,3.0,5.0,13.0,3258.0,55.0,990.0,2022.0,1.0
121663,3.0,0.0,103970.0,1.0,175.0,34.7,104898.0,1.0,190.0,29.7,3.0,5.0,21.0,1785.0,58.0,795.0,2017.0,1.0
163326,2.0,3.0,105554.0,1.0,175.0,31.0,200624.0,1.0,196.0,20.9,5.0,6.0,26.0,2151.0,50.0,1272.0,2021.0,1.0
131987,3.0,0.0,105077.0,0.0,188.0,29.9,105550.0,0.0,185.0,27.6,3.0,6.0,23.0,1845.0,64.0,774.0,2018.0,1.0
98271,1.0,3.0,103819.0,1.0,185.0,24.8,103900.0,1.0,180.0,24.4,5.0,9.0,1.0,7010.0,3.0,3065.0,2006.0,0.0
142515,1.0,4.0,104597.0,1.0,183.0,27.7,103898.0,1.0,185.0,31.3,3.0,7.0,12.0,2570.0,32.0,1155.0,2013.0,1.0
122218,1.0,4.0,106233.0,1.0,185.0,22.6,105311.0,1.0,185.0,27.1,3.0,6.0,15.0,2340.0,30.0,1300.0,2016.0,0.0
72514,3.0,4.0,103428.0,1.0,190.0,25.9,103900.0,1.0,180.0,23.6,3.0,7.0,52.0,675.0,12.0,1650.0,2005.0,1.0
92376,3.0,3.0,103602.0,1.0,183.0,24.4,104214.0,1.0,185.0,21.5,5.0,7.0,16.0,1335.0,52.0,756.0,2005.0,0.0
181130,3.0,4.0,104678.0,1.0,193.0,29.7,103852.0,0.0,188.0,34.1,3.0,6.0,27.0,1442.0,17.0,1725.0,2015.0,0.0
28380,1.0,4.0,103813.0,0.0,185.0,31.7,104925.0,1.0,188.0,25.9,3.0,3.0,49.0,860.0,1.0,12500.0,2013.0,1.0
172211,3.0,0.0,103344.0,1.0,193.0,30.8,103096.0,1.0,173.0,32.1,3.0,6.0,24.0,1450.0,60.0,744.0,2010.0,0.0
102888,3.0,0.0,103581.0,1.0,183.0,23.1,102610.0,1.0,180.0,28.1,3.0,6.0,48.0,738.0,25.0,1150.0,2003.0,0.0
54957,1.0,4.0,105173.0,0.0,183.0,30.7,111815.0,0.0,188.0,23.6,3.0,7.0,58.0,915.0,56.0,925.0,2019.0,1.0
205940,1.0,4.0,103970.0,1.0,175.0,25.0,104468.0,1.0,183.0,22.2,3.0,7.0,16.0,1615.0,44.0,745.0,2007.0,0.0
51303,3.0,2.0,104925.0,1.0,188.0,21.4,104468.0,1.0,183.0,23.8,3.0,9.0,3.0,4645.0,9.0,1780.0,2008.0,0.0
135938,3.0,3.0,103566.0,0.0,190.0,24.6,103206.0,1.0,175.0,26.6,5.0,4.0,51.0,765.0,14.0,1370.0,2005.0,1.0
87997,3.0,3.0,104925.0,1.0,188.0,26.2,104022.0,1.0,183.0,31.1,5.0,3.0,1.0,10980.0,24.0,1475.0,2013.0,0.0
66928,3.0,0.0,200282.0,1.0,183.0,22.8,126610.0,1.0,196.0,25.7,3.0,8.0,34.0,1561.0,7.0,4568.0,2022.0,0.0
45351,3.0,0.0,106432.0,1.0,188.0,21.2,104755.0,1.0,185.0,31.6,3.0,6.0,50.0,981.0,37.0,1305.0,2018.0,0.0
172725,3.0,4.0,104527.0,1.0,183.0,26.3,104731.0,1.0,203.0,25.2,3.0,5.0,17.0,1935.0,35.0,1200.0,2011.0,0.0
83797,1.0,0.0,104607.0,1.0,196.0,24.6,104332.0,1.0,185.0,26.1,3.0,3.0,16.0,2305.0,45.0,925.0,2010.0,1.0
132967,1.0,0.0,103484.0,1.0,185.0,23.3,102845.0,1.0,190.0,26.7,3.0,8.0,27.0,1155.0,4.0,2985.0,2003.0,1.0
59885,3.0,3.0,104327.0,1.0,178.0,24.4,103484.0,1.0,185.0,28.6,5.0,7.0,62.0,675.0,9.0,1725.0,2008.0,1.0
174033,3.0,0.0,103018.0,1.0,196.0,26.5,103280.0,1.0,196.0,25.1,3.0,5.0,24.0,1190.0,17.0,1420.0,2004.0,1.0
194448,1.0,3.0,103808.0,1.0,188.0,25.8,103819.0,1.0,185.0,25.8,5.0,6.0,57.0,619.0,1.0,7515.0,2007.0,1.0
124713,3.0,0.0,105916.0,1.0,188.0,26.6,104312.0,1.0,190.0,34.6,3.0,6.0,45.0,1022.0,46.0,1021.0,2018.0,0.0
159262,1.0,0.0,104745.0,0.0,185.0,26.8,104122.0,1.0,183.0,30.2,3.0,6.0,5.0,5985.0,63.0,740.0,2013.0,0.0
111894,3.0,0.0,105208.0,1.0,190.0,26.1,105138.0,1.0,183.0,26.4,3.0,9.0,13.0,2465.0,16.0,1935.0,2014.0,1.0
152524,1.0,4.0,105023.0,1.0,198.0,29.6,106298.0,1.0,185.0,23.2,3.0,7.0,28.0,1400.0,16.0,2330.0,2017.0,0.0
79427,2.0,3.0,103900.0,1.0,180.0,24.4,103096.0,1.0,173.0,28.5,5.0,7.0,3.0,3360.0,57.0,662.0,2006.0,0.0
88793,3.0,3.0,104053.0,1.0,188.0,28.3,104527.0,1.0,183.0,25.8,5.0,5.0,8.0,3565.0,19.0,1855.0,2011.0,1.0
50472,3.0,0.0,103900.0,1.0,180.0,24.7,103428.0,1.0,190.0,27.1,3.0,6.0,4.0,2900.0,33.0,915.0,2006.0,0.0
122102,1.0,4.0,105449.0,1.0,188.0,25.3,104926.0,1.0,178.0,27.9,3.0,7.0,50.0,905.0,31.0,1215.0,2015.0,1.0
72304,3.0,0.0,104925.0,1.0,188.0,32.6,106421.0,1.0,198.0,23.9,3.0,9.0,2.0,9055.0,5.0,5705.0,2020.0,0.0
79139,3.0,0.0,103566.0,0.0,190.0,28.7,104468.0,1.0,183.0,24.1,3.0,9.0,50.0,1365.0,8.0,4015.0,2009.0,0.0
94877,3.0,4.0,103285.0,1.0,185.0,32.7,104545.0,1.0,206.0,26.3,3.0,7.0,29.0,1338.0,27.0,1375.0,2011.0,0.0
122157,1.0,3.0,105223.0,1.0,198.0,29.6,104545.0,1.0,206.0,33.0,5.0,5.0,6.0,4450.0,10.0,2980.0,2018.0,0.0
194568,1.0,4.0,104259.0,1.0,178.0,35.5,104468.0,1.0,183.0,34.3,3.0,7.0,56.0,895.0,28.0,1375.0,2019.0,0.0
202663,3.0,3.0,144750.0,1.0,193.0,24.5,133430.0,0.0,185.0,22.3,5.0,6.0,46.0,1443.0,10.0,3580.0,2021.0,0.0
141828,3.0,0.0,103566.0,0.0,190.0,28.3,103285.0,1.0,185.0,29.8,3.0,5.0,36.0,890.0,29.0,1046.0,2008.0,1.0
69412,3.0,0.0,105227.0,1.0,198.0,27.3,106401.0,1.0,193.0,20.8,3.0,2.0,12.0,2495.0,41.0,990.0,2016.0,1.0
187375,3.0,0.0,105373.0,0.0,190.0,26.1,104468.0,1.0,183.0,30.7,3.0,9.0,35.0,1125.0,10.0,2560.0,2015.0,1.0
161794,2.0,3.0,126207.0,1.0,188.0,20.4,103898.0,1.0,185.0,36.5,5.0,7.0,52.0,985.0,63.0,876.0,2018.0,0.0
126754,1.0,3.0,104678.0,1.0,193.0,30.2,104527.0,1.0,183.0,31.1,5.0,5.0,24.0,1535.0,4.0,6315.0,2016.0,1.0
205580,3.0,4.0,103786.0,1.0,178.0,28.1,104918.0,1.0,190.0,22.2,3.0,3.0,8.0,3525.0,3.0,8260.0,2009.0,1.0
11717,3.0,0.0,200005.0,0.0,188.0,23.5,126610.0,1.0,196.0,25.7,3.0,8.0,35.0,1558.0,7.0,4568.0,2022.0,1.0
36834,3.0,4.0,104259.0,1.0,178.0,24.3,104925.0,1.0,188.0,20.8,3.0,6.0,27.0,1155.0,3.0,5130.0,2008.0,1.0
73319,3.0,0.0,104053.0,1.0,188.0,27.4,105023.0,1.0,198.0,22.3,3.0,9.0,7.0,4150.0,31.0,1240.0,2010.0,0.0
146765,1.0,4.0,105223.0,1.0,198.0,30.6,111513.0,1.0,188.0,23.9,3.0,6.0,8.0,3225.0,32.0,1246.0,2019.0,1.0
107805,3.0,4.0,104607.0,1.0,196.0,19.4,104339.0,1.0,196.0,20.9,3.0,7.0,48.0,793.0,20.0,1236.0,2005.0,0.0
46407,3.0,4.0,104755.0,1.0,185.0,30.3,105449.0,1.0,188.0,26.8,3.0,6.0,19.0,1975.0,33.0,1295.0,2016.0,0.0
135474,3.0,3.0,105023.0,1.0,198.0,32.2,106432.0,1.0,188.0,23.1,5.0,4.0,45.0,1100.0,28.0,1490.0,2020.0,0.0
35210,3.0,0.0,105554.0,1.0,175.0,31.6,106234.0,1.0,185.0,28.3,3.0,9.0,26.0,1912.0,20.0,2351.0,2022.0,1.0
99518,3.0,0.0,103694.0,1.0,168.0,24.0,103990.0,1.0,180.0,22.8,3.0,6.0,41.0,911.0,13.0,1485.0,2005.0,1.0
22720,3.0,4.0,104745.0,0.0,185.0,24.7,104925.0,1.0,188.0,23.7,3.0,2.0,1.0,12390.0,3.0,7800.0,2011.0,1.0
185617,3.0,4.0,106421.0,1.0,198.0,24.5,105379.0,1.0,181.0,31.1,3.0,5.0,5.0,5890.0,61.0,850.0,2020.0,0.0
131475,1.0,4.0,103990.0,1.0,180.0,27.0,104918.0,1.0,190.0,21.9,3.0,5.0,17.0,2350.0,3.0,8990.0,2009.0,1.0
23925,1.0,0.0,104607.0,1.0,196.0,27.5,103990.0,1.0,180.0,30.9,3.0,5.0,6.0,4760.0,43.0,930.0,2013.0,1.0
12821,3.0,4.0,104898.0,1.0,190.0,31.3,105453.0,1.0,178.0,28.6,3.0,7.0,39.0,1110.0,22.0,1710.0,2018.0,0.0
84256,3.0,4.0,105223.0,1.0,198.0,19.0,103990.0,1.0,180.0,25.4,3.0,6.0,53.0,634.0,9.0,2035.0,2007.0,0.0
80729,3.0,4.0,105676.0,1.0,180.0,25.9,105227.0,1.0,198.0,28.0,3.0,5.0,12.0,2780.0,10.0,3100.0,2016.0,1.0
186631,1.0,4.0,105173.0,0.0,183.0,28.7,106298.0,1.0,185.0,23.1,3.0,5.0,56.0,816.0,17.0,2306.0,2017.0,1.0
135781,1.0,3.0,104527.0,1.0,183.0,26.1,104542.0,1.0,188.0,26.0,5.0,6.0,14.0,1920.0,17.0,1570.0,2011.0,0.0
79140,3.0,0.0,104731.0,1.0,203.0,31.2,106233.0,1.0,185.0,23.9,3.0,5.0,45.0,960.0,7.0,4065.0,2017.0,0.0
118051,3.0,0.0,106378.0,1.0,188.0,23.7,105077.0,0.0,188.0,30.7,3.0,5.0,15.0,2125.0,64.0,805.0,2018.0,0.0
189900,3.0,0.0,102450.0,1.0,185.0,30.4,104214.0,1.0,185.0,21.6,3.0,5.0,7.0,2310.0,48.0,786.0,2005.0,0.0
94580,3.0,0.0,104269.0,0.0,188.0,25.9,104918.0,1.0,190.0,22.4,3.0,9.0,8.0,3225.0,4.0,6640.0,2009.0,1.0
36382,3.0,0.0,103852.0,0.0,188.0,38.3,104755.0,1.0,185.0,33.6,3.0,5.0,55.0,933.0,58.0,890.0,2020.0,1.0
163880,2.0,3.0,103819.0,1.0,185.0,32.8,105053.0,1.0,188.0,26.5,5.0,6.0,4.0,4945.0,35.0,1118.0,2014.0,0.0
4147,3.0,0.0,104312.0,1.0,190.0,26.6,104792.0,1.0,193.0,24.0,3.0,5.0,58.0,855.0,15.0,2160.0,2010.0,1.0
37129,1.0,4.0,103898.0,1.0,185.0,30.3,103781.0,0.0,183.0,30.9,3.0,6.0,31.0,1180.0,29.0,1192.0,2012.0,0.0
90868,2.0,3.0,103758.0,1.0,188.0,23.1,104053.0,1.0,188.0,21.8,5.0,6.0,31.0,980.0,2.0,4695.0,2004.0,1.0
33981,1.0,4.0,103484.0,1.0,185.0,23.2,103909.0,1.0,175.0,21.2,3.0,6.0,24.0,1245.0,26.0,1165.0,2003.0,1.0
119679,3.0,0.0,105936.0,1.0,185.0,29.0,200221.0,1.0,183.0,21.7,3.0,6.0,33.0,1665.0,52.0,1144.0,2021.0,0.0
99027,2.0,3.0,103970.0,1.0,175.0,30.2,104053.0,1.0,188.0,29.8,5.0,6.0,5.0,5250.0,25.0,1395.0,2012.0,0.0
86383,3.0,4.0,103970.0,1.0,175.0,30.9,104926.0,1.0,178.0,25.8,3.0,6.0,5.0,6630.0,36.0,1090.0,2013.0,0.0
6984,3.0,2.0,106421.0,1.0,198.0,23.7,100644.0,1.0,198.0,22.5,3.0,8.0,4.0,5705.0,7.0,2945.0,2019.0,1.0
46468,3.0,0.0,111442.0,1.0,183.0,25.8,104545.0,1.0,206.0,34.7,3.0,5.0,63.0,843.0,18.0,1940.0,2020.0,0.0
11184,3.0,4.0,103344.0,1.0,193.0,31.0,103794.0,1.0,178.0,28.7,3.0,7.0,13.0,2340.0,39.0,981.0,2010.0,1.0
79070,1.0,4.0,105453.0,1.0,178.0,28.3,104925.0,1.0,188.0,30.9,3.0,3.0,24.0,1665.0,18.0,1905.0,2018.0,1.0
50199,3.0,0.0,105916.0,1.0,188.0,29.6,132283.0,1.0,191.0,26.3,3.0,6.0,41.0,1459.0,24.0,2090.0,2021.0,1.0
92734,1.0,4.0,104607.0,1.0,196.0,25.6,103813.0,0.0,185.0,29.7,3.0,5.0,7.0,4035.0,59.0,855.0,2011.0,0.0
82576,3.0,0.0,104745.0,0.0,185.0,30.5,105683.0,1.0,196.0,26.0,3.0,3.0,9.0,3300.0,3.0,5450.0,2017.0,1.0
12104,3.0,4.0,134770.0,1.0,183.0,23.2,207989.0,1.0,185.0,18.8,3.0,2.0,8.0,3870.0,16.0,2414.0,2022.0,1.0
29751,1.0,0.0,103781.0,0.0,183.0,23.9,103786.0,1.0,178.0,23.9,3.0,2.0,47.0,810.0,13.0,1505.0,2005.0,1.0
93943,1.0,0.0,104597.0,1.0,183.0,24.8,104417.0,1.0,193.0,25.9,3.0,2.0,20.0,1880.0,5.0,4935.0,2010.0,0.0
53529,1.0,4.0,122330.0,1.0,196.0,24.8,106218.0,1.0,180.0,28.7,3.0,7.0,41.0,1093.0,59.0,914.0,2022.0,1.0
167925,3.0,4.0,104745.0,0.0,185.0,19.3,104068.0,1.0,183.0,23.0,3.0,9.0,2.0,4475.0,21.0,1270.0,2005.0,0.0
141831,3.0,1.0,103852.0,0.0,188.0,32.3,104259.0,1.0,178.0,30.2,3.0,8.0,26.0,1355.0,27.0,1330.0,2014.0,0.0
146231,1.0,3.0,105385.0,0.0,183.0,27.8,103970.0,1.0,175.0,35.1,5.0,4.0,51.0,910.0,33.0,1185.0,2017.0,1.0
31056,2.0,0.0,104026.0,1.0,198.0,21.9,102783.0,1.0,180.0,28.1,3.0,5.0,48.0,752.0,8.0,2225.0,2004.0,1.0
62364,1.0,4.0,105227.0,1.0,198.0,22.6,104745.0,0.0,185.0,24.9,3.0,3.0,23.0,1425.0,1.0,12470.0,2011.0,1.0
3334,2.0,0.0,104180.0,0.0,193.0,32.1,105777.0,1.0,188.0,24.0,3.0,5.0,48.0,953.0,11.0,2600.0,2015.0,0.0
60901,1.0,3.0,111513.0,1.0,188.0,23.9,105453.0,1.0,178.0,29.4,5.0,6.0,32.0,1314.0,7.0,3860.0,2019.0,1.0
159011,3.0,3.0,102882.0,1.0,196.0,27.8,103786.0,1.0,178.0,23.2,5.0,4.0,57.0,695.0,51.0,739.0,2004.0,1.0
174557,1.0,4.0,104269.0,0.0,188.0,35.4,126774.0,1.0,193.0,20.7,3.0,5.0,38.0,1155.0,9.0,3190.0,2019.0,1.0
96937,3.0,0.0,104259.0,1.0,178.0,34.3,103819.0,1.0,185.0,36.5,3.0,5.0,36.0,1335.0,2.0,9605.0,2018.0,1.0
188613,1.0,4.0,104312.0,1.0,190.0,28.2,104527.0,1.0,183.0,27.1,3.0,5.0,30.0,1220.0,20.0,1505.0,2012.0,0.0
206085,1.0,0.0,104655.0,1.0,180.0,25.3,104542.0,1.0,188.0,26.0,3.0,5.0,61.0,825.0,18.0,1625.0,2011.0,0.0
132570,3.0,0.0,102856.0,1.0,190.0,27.3,103252.0,1.0,175.0,25.3,3.0,5.0,19.0,1370.0,52.0,642.0,2004.0,0.0
48571,3.0,4.0,103970.0,1.0,175.0,32.3,103819.0,1.0,185.0,33.0,3.0,2.0,6.0,4255.0,3.0,6670.0,2014.0,1.0
42404,3.0,0.0,104166.0,1.0,178.0,28.4,104678.0,1.0,193.0,25.6,3.0,3.0,37.0,1105.0,16.0,1920.0,2011.0,1.0
37819,1.0,1.0,103498.0,1.0,193.0,27.1,103908.0,1.0,185.0,25.2,5.0,8.0,27.0,1070.0,56.0,655.0,2007.0,0.0
38281,1.0,4.0,104468.0,1.0,183.0,28.3,103819.0,1.0,185.0,31.7,3.0,5.0,17.0,1940.0,3.0,7760.0,2013.0,1.0
161923,3.0,1.0,104755.0,1.0,185.0,21.8,103484.0,1.0,185.0,28.2,3.0,8.0,10.0,1855.0,8.0,1920.0,2008.0,1.0
20847,3.0,4.0,106298.0,1.0,185.0,23.6,106421.0,1.0,198.0,21.6,3.0,7.0,24.0,1825.0,64.0,814.0,2017.0,0.0
83923,1.0,4.0,104527.0,1.0,183.0,31.1,105332.0,1.0,196.0,27.0,3.0,6.0,4.0,6380.0,21.0,1686.0,2016.0,0.0
5792,3.0,0.0,105238.0,1.0,180.0,22.1,105023.0,1.0,198.0,23.2,3.0,5.0,49.0,928.0,18.0,1860.0,2011.0,0.0
87722,1.0,4.0,103970.0,1.0,175.0,31.1,104745.0,0.0,185.0,26.9,3.0,3.0,4.0,6920.0,5.0,6895.0,2013.0,1.0
179864,3.0,0.0,103908.0,1.0,185.0,26.0,103566.0,0.0,190.0,27.7,3.0,5.0,21.0,1465.0,60.0,563.0,2008.0,0.0
114424,2.0,3.0,207989.0,1.0,185.0,19.1,206173.0,1.0,188.0,20.8,5.0,5.0,7.0,4890.0,13.0,3185.0,2022.0,1.0
150712,0.0,4.0,104053.0,1.0,188.0,23.1,103344.0,1.0,193.0,26.6,3.0,9.0,3.0,3235.0,10.0,1765.0,2005.0,1.0
85810,1.0,4.0,104925.0,1.0,188.0,23.9,104527.0,1.0,183.0,26.1,3.0,5.0,2.0,10665.0,14.0,1920.0,2011.0,0.0
127733,3.0,0.0,206173.0,1.0,188.0,20.5,128034.0,1.0,196.0,25.0,3.0,3.0,10.0,3429.0,11.0,3333.0,2022.0,1.0
171850,1.0,0.0,103970.0,1.0,175.0,29.8,104597.0,1.0,183.0,26.4,3.0,2.0,5.0,4595.0,11.0,2220.0,2012.0,0.0
79614,3.0,4.0,104745.0,0.0,185.0,23.7,103344.0,1.0,193.0,30.9,3.0,9.0,3.0,7440.0,26.0,1520.0,2010.0,1.0
28689,3.0,4.0,104542.0,1.0,188.0,26.9,104259.0,1.0,178.0,28.4,3.0,6.0,6.0,4535.0,35.0,1120.0,2012.0,0.0
70939,3.0,4.0,102998.0,1.0,190.0,26.3,103387.0,1.0,185.0,24.3,3.0,5.0,57.0,660.0,11.0,1845.0,2003.0,1.0
49356,3.0,0.0,104918.0,1.0,190.0,26.7,105777.0,1.0,188.0,22.7,3.0,9.0,7.0,4795.0,22.0,1675.0,2014.0,1.0
37185,1.0,4.0,103970.0,1.0,175.0,30.1,104269.0,0.0,188.0,28.4,3.0,6.0,6.0,4460.0,16.0,1810.0,2012.0,0.0
141067,2.0,3.0,104755.0,1.0,185.0,22.0,104468.0,1.0,183.0,23.4,5.0,6.0,10.0,1610.0,29.0,1030.0,2008.0,0.0
124744,3.0,4.0,103813.0,0.0,185.0,22.6,101774.0,1.0,198.0,33.7,3.0,7.0,31.0,1035.0,62.0,602.0,2004.0,1.0
70066,3.0,0.0,132283.0,1.0,191.0,25.4,126094.0,1.0,188.0,23.0,3.0,2.0,42.0,1253.0,8.0,3429.0,2020.0,1.0
189819,1.0,4.0,103292.0,1.0,175.0,24.4,103507.0,1.0,183.0,23.2,3.0,5.0,34.0,1010.0,3.0,3275.0,2003.0,1.0
180243,3.0,4.0,104417.0,1.0,193.0,25.0,103720.0,1.0,180.0,28.4,3.0,7.0,11.0,2905.0,42.0,1105.0,2009.0,1.0
145688,3.0,0.0,103163.0,1.0,188.0,35.3,105777.0,1.0,188.0,22.2,3.0,3.0,12.0,2395.0,32.0,1260.0,2013.0,0.0
154061,3.0,1.0,105526.0,1.0,193.0,27.7,106401.0,1.0,193.0,22.7,5.0,8.0,58.0,905.0,14.0,2395.0,2018.0,1.0
170645,3.0,3.0,103908.0,1.0,185.0,31.0,104925.0,1.0,188.0,25.6,5.0,4.0,60.0,763.0,1.0,12920.0,2013.0,1.0
136200,1.0,0.0,104593.0,1.0,185.0,27.7,104122.0,1.0,183.0,30.2,3.0,7.0,51.0,837.0,63.0,740.0,2013.0,1.0
48519,3.0,0.0,106401.0,1.0,193.0,23.4,104755.0,1.0,185.0,32.2,3.0,5.0,27.0,1425.0,25.0,1580.0,2018.0,1.0
58352,2.0,3.0,104424.0,1.0,178.0,27.8,105223.0,1.0,198.0,23.7,5.0,7.0,58.0,787.0,9.0,3180.0,2012.0,1.0
19301,3.0,4.0,126127.0,1.0,185.0,26.1,126207.0,1.0,188.0,24.5,3.0,7.0,49.0,919.0,24.0,1506.0,2022.0,1.0
70548,3.0,0.0,105936.0,1.0,185.0,27.9,126094.0,1.0,188.0,22.3,3.0,5.0,33.0,1318.0,14.0,2219.0,2020.0,1.0
3126,3.0,0.0,105062.0,1.0,183.0,27.7,104797.0,1.0,188.0,29.0,3.0,6.0,48.0,922.0,62.0,751.0,2015.0,1.0
30240,3.0,3.0,104918.0,1.0,190.0,24.6,103566.0,0.0,190.0,31.6,5.0,6.0,4.0,7380.0,46.0,915.0,2012.0,0.0
103768,1.0,0.0,105023.0,1.0,198.0,27.6,104338.0,1.0,185.0,31.1,3.0,5.0,38.0,1115.0,34.0,1170.0,2015.0,1.0
201880,1.0,4.0,103484.0,1.0,185.0,24.3,102562.0,1.0,190.0,29.1,3.0,7.0,43.0,860.0,17.0,1375.0,2004.0,1.0
97738,2.0,0.0,102106.0,1.0,188.0,32.7,103018.0,1.0,196.0,27.9,3.0,6.0,63.0,603.0,40.0,880.0,2005.0,1.0
198342,3.0,0.0,100644.0,1.0,198.0,19.4,105173.0,0.0,183.0,28.3,3.0,5.0,20.0,1745.0,53.0,846.0,2016.0,0.0
175717,3.0,3.0,103534.0,0.0,173.0,28.4,105023.0,1.0,198.0,20.8,5.0,7.0,63.0,642.0,55.0,716.0,2008.0,1.0
32773,1.0,0.0,104745.0,0.0,185.0,25.8,103970.0,1.0,175.0,30.0,3.0,2.0,2.0,9715.0,6.0,4160.0,2012.0,0.0
5416,2.0,0.0,111815.0,0.0,188.0,25.8,106234.0,1.0,185.0,27.7,3.0,5.0,41.0,1510.0,24.0,2274.0,2021.0,0.0
13200,2.0,0.0,105138.0,1.0,183.0,30.1,104898.0,1.0,190.0,31.2,3.0,5.0,16.0,2030.0,43.0,1120.0,2018.0,0.0
184899,3.0,4.0,104269.0,0.0,188.0,32.9,104918.0,1.0,190.0,29.4,3.0,6.0,46.0,1000.0,2.0,10985.0,2016.0,1.0
120518,3.0,4.0,104417.0,1.0,193.0,25.1,104542.0,1.0,188.0,24.4,3.0,5.0,11.0,3125.0,7.0,4100.0,2009.0,0.0
85484,3.0,4.0,104269.0,0.0,188.0,25.3,103819.0,1.0,185.0,27.5,3.0,3.0,10.0,3330.0,2.0,11000.0,2009.0,1.0
52697,3.0,4.0,105583.0,1.0,180.0,31.3,100644.0,1.0,198.0,24.5,3.0,6.0,34.0,1566.0,4.0,7180.0,2021.0,1.0
184286,3.0,3.0,104198.0,1.0,188.0,25.6,103498.0,1.0,193.0,28.9,5.0,7.0,62.0,1232.0,27.0,2050.0,2009.0,1.0
35521,1.0,3.0,103970.0,1.0,175.0,30.1,104918.0,1.0,190.0,25.0,5.0,3.0,6.0,4640.0,4.0,7500.0,2012.0,0.0
121742,2.0,0.0,104269.0,0.0,188.0,35.5,105173.0,0.0,183.0,30.9,3.0,5.0,34.0,1235.0,44.0,1011.0,2019.0,1.0
36709,3.0,0.0,103888.0,1.0,188.0,22.6,102035.0,1.0,183.0,32.3,3.0,7.0,35.0,865.0,33.0,900.0,2004.0,0.0
206091,1.0,3.0,104269.0,0.0,188.0,25.5,103786.0,1.0,178.0,27.9,5.0,5.0,8.0,3830.0,11.0,2945.0,2009.0,1.0
147087,3.0,4.0,106426.0,1.0,185.0,23.4,105777.0,1.0,188.0,28.4,3.0,3.0,42.0,1117.0,27.0,1477.0,2019.0,1.0
39543,3.0,4.0,104545.0,1.0,206.0,32.3,111577.0,1.0,188.0,20.8,3.0,3.0,19.0,2110.0,60.0,793.0,2017.0,0.0
64181,1.0,4.0,103813.0,0.0,185.0,21.8,103909.0,1.0,175.0,21.3,3.0,6.0,35.0,975.0,16.0,1510.0,2003.0,1.0
153516,1.0,4.0,104607.0,1.0,196.0,26.6,104269.0,0.0,188.0,28.4,3.0,3.0,7.0,3990.0,19.0,1675.0,2012.0,0.0
176304,3.0,4.0,103786.0,1.0,178.0,26.8,104745.0,0.0,185.0,21.8,3.0,2.0,4.0,2710.0,2.0,5705.0,2008.0,0.0
89807,0.0,2.0,103344.0,1.0,193.0,26.6,103900.0,1.0,180.0,23.8,3.0,8.0,8.0,2080.0,12.0,1720.0,2005.0,1.0
892,1.0,0.0,104019.0,1.0,193.0,23.8,103507.0,1.0,183.0,26.1,3.0,7.0,50.0,749.0,28.0,1160.0,2006.0,1.0
194508,3.0,0.0,105238.0,1.0,180.0,26.2,106071.0,1.0,193.0,22.3,3.0,5.0,23.0,1420.0,49.0,907.0,2015.0,1.0
77765,1.0,4.0,106234.0,1.0,185.0,27.6,106043.0,1.0,170.0,28.7,3.0,6.0,27.0,2087.0,9.0,3765.0,2021.0,0.0
198474,3.0,4.0,105064.0,0.0,188.0,22.6,104571.0,1.0,183.0,25.1,3.0,6.0,25.0,1480.0,20.0,1780.0,2010.0,1.0
69745,1.0,0.0,134770.0,1.0,183.0,22.5,105332.0,1.0,196.0,32.1,3.0,3.0,14.0,2840.0,49.0,1364.0,2021.0,0.0
123072,1.0,4.0,103428.0,1.0,190.0,25.6,103566.0,0.0,190.0,24.9,3.0,7.0,45.0,865.0,51.0,756.0,2005.0,0.0
102768,1.0,0.0,104597.0,1.0,183.0,28.6,104745.0,0.0,185.0,27.8,3.0,3.0,20.0,1750.0,1.0,13310.0,2014.0,0.0
82339,3.0,4.0,104655.0,1.0,180.0,31.1,105676.0,1.0,180.0,26.2,3.0,5.0,33.0,1190.0,12.0,3245.0,2017.0,0.0
136688,1.0,1.0,103292.0,1.0,175.0,24.3,103786.0,1.0,178.0,21.8,3.0,8.0,20.0,1335.0,63.0,653.0,2003.0,0.0
125157,3.0,4.0,106401.0,1.0,193.0,20.9,104571.0,1.0,183.0,30.7,3.0,7.0,26.0,1405.0,40.0,1026.0,2016.0,0.0
62429,3.0,0.0,105023.0,1.0,198.0,21.3,104053.0,1.0,188.0,26.4,3.0,3.0,37.0,1615.0,6.0,4510.0,2009.0,1.0
103388,1.0,0.0,104259.0,1.0,178.0,23.7,104338.0,1.0,185.0,23.3,3.0,5.0,36.0,840.0,32.0,895.0,2007.0,1.0
144952,0.0,0.0,102434.0,1.0,183.0,30.2,104214.0,1.0,185.0,21.2,3.0,6.0,22.0,1235.0,46.0,781.0,2004.0,1.0
83860,1.0,0.0,200000.0,1.0,193.0,20.6,126774.0,1.0,193.0,22.6,3.0,3.0,20.0,2373.0,5.0,7860.0,2021.0,1.0
67650,1.0,0.0,125802.0,1.0,193.0,28.1,124079.0,1.0,185.0,24.9,3.0,7.0,44.0,1109.0,43.0,1117.0,2022.0,0.0
204946,1.0,0.0,103252.0,1.0,175.0,25.9,102845.0,1.0,190.0,27.8,3.0,3.0,61.0,675.0,4.0,2610.0,2004.0,1.0
16282,2.0,3.0,104571.0,1.0,183.0,23.0,104327.0,1.0,178.0,24.2,5.0,4.0,25.0,1090.0,51.0,738.0,2008.0,0.0
143514,1.0,4.0,103484.0,1.0,185.0,26.3,104918.0,1.0,190.0,19.0,3.0,6.0,7.0,1865.0,46.0,797.0,2006.0,0.0
138615,2.0,3.0,202385.0,1.0,188.0,21.6,106426.0,1.0,185.0,26.0,5.0,6.0,34.0,1187.0,43.0,1055.0,2022.0,1.0
81931,1.0,0.0,104259.0,1.0,178.0,32.5,106233.0,1.0,185.0,22.6,3.0,2.0,27.0,1420.0,15.0,2420.0,2016.0,0.0
154729,1.0,0.0,106233.0,1.0,185.0,25.9,132283.0,1.0,191.0,24.2,3.0,9.0,4.0,4595.0,56.0,954.0,2019.0,0.0
19815,1.0,4.0,105643.0,0.0,190.0,23.6,104471.0,1.0,183.0,29.3,3.0,7.0,44.0,1004.0,40.0,1055.0,2014.0,1.0
171342,3.0,3.0,104545.0,1.0,206.0,33.3,105683.0,1.0,196.0,27.6,5.0,5.0,11.0,3200.0,24.0,1575.0,2018.0,0.0
1209,3.0,4.0,105077.0,0.0,188.0,25.1,104547.0,0.0,188.0,27.8,3.0,4.0,58.0,785.0,39.0,1025.0,2013.0,0.0
20987,3.0,0.0,200282.0,1.0,183.0,19.6,106000.0,1.0,172.0,26.3,3.0,3.0,40.0,1133.0,39.0,1190.0,2018.0,0.0
26977,3.0,0.0,106233.0,1.0,185.0,24.1,104755.0,1.0,185.0,31.3,3.0,5.0,6.0,3935.0,32.0,1375.0,2017.0,1.0
9744,3.0,4.0,103819.0,1.0,185.0,22.6,104745.0,0.0,185.0,17.8,3.0,6.0,1.0,5635.0,34.0,973.0,2004.0,1.0
123994,3.0,0.0,106058.0,1.0,185.0,24.9,104745.0,0.0,185.0,31.2,3.0,8.0,21.0,2175.0,1.0,9465.0,2017.0,1.0
136802,3.0,0.0,202385.0,1.0,188.0,21.9,207733.0,0.0,191.0,20.8,3.0,6.0,41.0,1047.0,48.0,961.0,2022.0,1.0
200493,3.0,4.0,104471.0,1.0,183.0,28.7,103781.0,0.0,183.0,32.3,3.0,7.0,29.0,1330.0,25.0,1425.0,2013.0,1.0
146992,3.0,1.0,106432.0,1.0,188.0,19.6,104545.0,1.0,206.0,31.2,5.0,8.0,54.0,900.0,16.0,2055.0,2016.0,1.0
173602,1.0,0.0,103970.0,1.0,175.0,26.2,104417.0,1.0,193.0,23.8,3.0,3.0,4.0,3045.0,46.0,815.0,2008.0,0.0
107380,3.0,3.0,103819.0,1.0,185.0,34.4,105238.0,1.0,180.0,27.1,5.0,7.0,3.0,8165.0,35.0,1160.0,2016.0,0.0
60463,3.0,0.0,103819.0,1.0,185.0,30.2,105453.0,1.0,178.0,21.8,3.0,2.0,4.0,7530.0,32.0,1225.0,2011.0,0.0
3862,1.0,4.0,103893.0,1.0,183.0,34.3,105138.0,1.0,183.0,28.0,3.0,7.0,53.0,895.0,17.0,2015.0,2016.0,1.0
30721,1.0,4.0,104607.0,1.0,196.0,26.6,104745.0,0.0,185.0,25.9,3.0,3.0,7.0,4410.0,3.0,9105.0,2012.0,1.0
50795,3.0,0.0,105526.0,1.0,193.0,24.4,104198.0,1.0,188.0,31.3,3.0,6.0,52.0,851.0,39.0,1050.0,2014.0,0.0
89756,1.0,4.0,103656.0,1.0,175.0,26.4,104607.0,1.0,196.0,21.6,3.0,6.0,57.0,638.0,12.0,1940.0,2007.0,1.0
206886,3.0,4.0,103900.0,1.0,180.0,25.1,103908.0,1.0,185.0,25.1,3.0,6.0,10.0,1995.0,63.0,585.0,2007.0,0.0
56259,1.0,0.0,105332.0,1.0,196.0,27.9,104259.0,1.0,178.0,33.4,3.0,9.0,39.0,1040.0,32.0,1270.0,2017.0,1.0
36178,2.0,3.0,105453.0,1.0,178.0,22.4,105062.0,1.0,183.0,24.4,5.0,4.0,20.0,1600.0,52.0,833.0,2012.0,0.0
169702,3.0,0.0,105138.0,1.0,183.0,31.8,105526.0,1.0,193.0,29.8,3.0,6.0,12.0,2360.0,34.0,1270.0,2020.0,1.0
72239,1.0,1.0,133430.0,0.0,185.0,19.7,105373.0,0.0,190.0,29.5,3.0,8.0,25.0,1485.0,38.0,1066.0,2019.0,0.0
71493,3.0,0.0,104926.0,1.0,178.0,22.6,103781.0,0.0,183.0,28.6,3.0,6.0,54.0,790.0,28.0,1260.0,2010.0,1.0
61477,3.0,4.0,103852.0,0.0,188.0,33.9,104312.0,1.0,190.0,31.4,3.0,6.0,23.0,1530.0,25.0,1430.0,2015.0,0.0
188435,3.0,0.0,103852.0,0.0,188.0,26.3,103333.0,1.0,208.0,28.9,3.0,6.0,37.0,840.0,23.0,1430.0,2008.0,1.0
182856,3.0,0.0,103344.0,1.0,193.0,27.5,103484.0,1.0,185.0,26.7,3.0,2.0,3.0,3245.0,9.0,2085.0,2006.0,1.0
169830,1.0,0.0,103990.0,1.0,180.0,23.9,103285.0,1.0,185.0,27.4,3.0,3.0,15.0,1525.0,16.0,1470.0,2006.0,0.0
130104,3.0,0.0,126239.0,1.0,196.0,27.2,106005.0,1.0,180.0,30.3,3.0,5.0,56.0,852.0,63.0,805.0,2022.0,0.0
87991,3.0,2.0,105223.0,1.0,198.0,24.1,103819.0,1.0,185.0,31.2,3.0,8.0,7.0,4080.0,2.0,9465.0,2012.0,0.0
187853,1.0,4.0,104386.0,1.0,180.0,28.8,105777.0,1.0,188.0,21.9,3.0,6.0,10.0,3000.0,34.0,1112.0,2013.0,1.0
106560,3.0,3.0,103819.0,1.0,185.0,36.0,105223.0,1.0,198.0,28.9,5.0,3.0,3.0,7145.0,28.0,1460.0,2017.0,1.0
41597,1.0,3.0,103819.0,1.0,185.0,26.7,104745.0,0.0,185.0,21.9,5.0,2.0,1.0,6675.0,2.0,5585.0,2008.0,1.0
13593,1.0,4.0,105227.0,1.0,198.0,22.6,103888.0,1.0,188.0,29.4,3.0,5.0,23.0,1425.0,11.0,2366.0,2011.0,0.0
28220,3.0,3.0,104338.0,1.0,185.0,27.8,104259.0,1.0,178.0,28.2,5.0,4.0,27.0,1335.0,41.0,1005.0,2012.0,1.0
163154,2.0,0.0,103598.0,1.0,185.0,32.9,105138.0,1.0,183.0,25.1,3.0,3.0,60.0,770.0,63.0,749.0,2013.0,0.0
67241,3.0,0.0,102765.0,1.0,185.0,26.8,102562.0,1.0,190.0,27.8,3.0,6.0,40.0,885.0,10.0,1921.0,2003.0,0.0
199491,3.0,4.0,103206.0,1.0,175.0,27.8,103970.0,1.0,175.0,23.9,3.0,6.0,20.0,1450.0,11.0,1700.0,2006.0,1.0
63566,3.0,0.0,104724.0,1.0,183.0,22.4,104468.0,1.0,183.0,23.7,3.0,6.0,54.0,696.0,17.0,1390.0,2008.0,0.0
112027,3.0,4.0,126774.0,1.0,193.0,23.6,207989.0,1.0,185.0,18.8,3.0,5.0,5.0,6070.0,16.0,2414.0,2022.0,1.0
104485,1.0,4.0,100644.0,1.0,198.0,21.0,106233.0,1.0,185.0,24.6,3.0,2.0,3.0,5195.0,7.0,3545.0,2018.0,0.0
186003,3.0,0.0,104925.0,1.0,188.0,22.4,104676.0,0.0,190.0,23.7,3.0,6.0,3.0,7890.0,33.0,1066.0,2009.0,0.0
116776,1.0,4.0,102227.0,1.0,180.0,30.9,103498.0,1.0,193.0,24.2,3.0,6.0,46.0,790.0,21.0,1195.0,2004.0,1.0
136404,3.0,0.0,104098.0,1.0,185.0,28.8,105223.0,1.0,198.0,23.1,3.0,6.0,39.0,993.0,14.0,2135.0,2011.0,1.0
93756,1.0,3.0,103893.0,1.0,183.0,35.4,104545.0,1.0,206.0,32.0,5.0,7.0,34.0,1153.0,22.0,2020.0,2017.0,1.0
65373,2.0,3.0,105777.0,1.0,188.0,23.1,105238.0,1.0,180.0,25.6,5.0,6.0,13.0,2595.0,19.0,1680.0,2014.0,0.0
26912,1.0,0.0,104797.0,1.0,188.0,23.8,104597.0,1.0,183.0,24.9,3.0,6.0,59.0,795.0,18.0,2085.0,2010.0,0.0
174059,3.0,0.0,105453.0,1.0,178.0,26.8,105227.0,1.0,198.0,28.0,3.0,2.0,5.0,4650.0,12.0,2690.0,2016.0,1.0
57198,3.0,4.0,104607.0,1.0,196.0,27.4,105023.0,1.0,198.0,25.4,3.0,5.0,6.0,5010.0,20.0,1760.0,2013.0,0.0
66574,3.0,4.0,104312.0,1.0,190.0,24.4,104925.0,1.0,188.0,21.1,3.0,5.0,39.0,895.0,3.0,5055.0,2008.0,1.0
91717,3.0,1.0,103103.0,1.0,183.0,28.7,103694.0,1.0,168.0,25.6,5.0,8.0,28.0,1055.0,31.0,1010.0,2006.0,1.0
62554,1.0,1.0,104053.0,1.0,188.0,23.0,103294.0,1.0,170.0,26.7,5.0,8.0,3.0,3125.0,54.0,704.0,2005.0,0.0
134731,1.0,0.0,103781.0,0.0,183.0,29.9,103656.0,1.0,175.0,30.3,3.0,5.0,8.0,2975.0,27.0,1315.0,2011.0,0.0
65738,3.0,4.0,103819.0,1.0,185.0,27.1,105223.0,1.0,198.0,20.0,3.0,3.0,2.0,5930.0,9.0,1685.0,2008.0,0.0
77114,2.0,3.0,105732.0,1.0,188.0,28.2,104731.0,1.0,203.0,33.1,5.0,4.0,39.0,1143.0,8.0,3610.0,2019.0,1.0
95815,3.0,4.0,104925.0,1.0,188.0,23.3,104198.0,1.0,188.0,27.3,3.0,3.0,2.0,7145.0,35.0,1175.0,2010.0,0.0
121809,2.0,3.0,104918.0,1.0,190.0,28.1,105577.0,1.0,193.0,25.0,5.0,3.0,3.0,7450.0,56.0,870.0,2015.0,0.0
138754,1.0,3.0,104338.0,1.0,185.0,28.1,104745.0,0.0,185.0,25.9,5.0,5.0,15.0,1945.0,2.0,10060.0,2012.0,1.0
203079,3.0,0.0,104098.0,1.0,185.0,28.8,104386.0,1.0,180.0,27.3,3.0,3.0,40.0,1028.0,14.0,2040.0,2011.0,1.0
41112,3.0,0.0,136440.0,0.0,180.0,27.3,105807.0,1.0,188.0,30.1,3.0,5.0,56.0,1171.0,12.0,3325.0,2021.0,1.0
77653,3.0,0.0,106233.0,1.0,185.0,24.3,104792.0,1.0,193.0,31.3,3.0,9.0,5.0,4015.0,46.0,1015.0,2018.0,1.0
104045,2.0,0.0,104053.0,1.0,188.0,25.7,104068.0,1.0,183.0,25.6,3.0,6.0,6.0,2405.0,59.0,640.0,2008.0,0.0
51047,1.0,0.0,103970.0,1.0,175.0,27.0,104745.0,0.0,185.0,22.8,3.0,2.0,13.0,2865.0,1.0,15390.0,2009.0,1.0
148235,3.0,3.0,111575.0,1.0,198.0,22.2,105077.0,0.0,188.0,30.6,5.0,4.0,26.0,1525.0,52.0,985.0,2018.0,0.0
63620,3.0,4.0,104607.0,1.0,196.0,23.9,104745.0,0.0,185.0,23.2,3.0,3.0,18.0,1915.0,3.0,8665.0,2009.0,1.0
168172,2.0,0.0,104871.0,1.0,188.0,25.3,104053.0,1.0,188.0,29.8,3.0,5.0,58.0,783.0,33.0,1190.0,2012.0,1.0
204114,3.0,0.0,105807.0,1.0,188.0,30.1,128034.0,1.0,196.0,24.6,3.0,2.0,16.0,2650.0,13.0,3128.0,2021.0,1.0
121005,1.0,4.0,104417.0,1.0,193.0,22.7,104925.0,1.0,188.0,19.9,3.0,6.0,27.0,1053.0,5.0,2720.0,2007.0,1.0
147841,3.0,4.0,103084.0,1.0,185.0,29.9,104312.0,1.0,190.0,23.6,3.0,6.0,14.0,1678.0,58.0,629.0,2007.0,0.0
58261,3.0,4.0,104979.0,1.0,185.0,23.2,104468.0,1.0,183.0,25.8,3.0,7.0,36.0,1145.0,43.0,1050.0,2010.0,1.0
173591,3.0,0.0,103084.0,1.0,185.0,26.8,103852.0,0.0,188.0,23.0,5.0,2.0,26.0,1199.0,31.0,995.0,2004.0,1.0
11800,3.0,0.0,105902.0,1.0,183.0,29.7,111575.0,1.0,198.0,25.4,3.0,5.0,52.0,1139.0,31.0,1718.0,2021.0,1.0
23965,3.0,0.0,103813.0,0.0,185.0,29.2,104755.0,1.0,185.0,24.3,3.0,5.0,44.0,1050.0,28.0,1385.0,2010.0,0.0
161985,3.0,1.0,104386.0,1.0,180.0,27.2,105223.0,1.0,198.0,22.9,5.0,8.0,13.0,2010.0,17.0,1890.0,2011.0,1.0
183895,1.0,4.0,105777.0,1.0,188.0,21.9,104755.0,1.0,185.0,26.9,3.0,6.0,26.0,1342.0,9.0,3180.0,2013.0,1.0
100286,1.0,3.0,104026.0,1.0,198.0,21.8,103789.0,0.0,188.0,22.9,5.0,4.0,48.0,769.0,50.0,757.0,2004.0,1.0
151269,3.0,4.0,104468.0,1.0,183.0,26.6,104386.0,1.0,180.0,27.1,3.0,6.0,12.0,2155.0,20.0,1740.0,2011.0,0.0
3001,3.0,0.0,105583.0,1.0,180.0,31.5,105138.0,1.0,183.0,33.7,3.0,8.0,33.0,1591.0,19.0,2260.0,2022.0,1.0
10642,3.0,4.0,104269.0,0.0,188.0,33.9,104731.0,1.0,203.0,31.4,3.0,6.0,39.0,1160.0,16.0,2470.0,2017.0,0.0
163893,2.0,0.0,103819.0,1.0,185.0,36.8,105051.0,1.0,188.0,30.5,3.0,3.0,1.0,8920.0,60.0,911.0,2018.0,0.0
86960,3.0,4.0,103428.0,1.0,190.0,28.1,104527.0,1.0,183.0,22.5,3.0,6.0,17.0,1455.0,36.0,780.0,2007.0,1.0
73107,3.0,4.0,202195.0,1.0,198.0,25.2,104792.0,1.0,193.0,35.9,3.0,6.0,31.0,1279.0,20.0,1615.0,2022.0,1.0
172693,1.0,3.0,104022.0,1.0,183.0,28.9,103656.0,1.0,175.0,30.4,5.0,6.0,13.0,2010.0,38.0,1110.0,2011.0,1.0
95231,2.0,3.0,104678.0,1.0,193.0,29.3,105577.0,1.0,193.0,25.0,5.0,5.0,24.0,1494.0,56.0,870.0,2015.0,1.0
2442,3.0,0.0,104542.0,1.0,188.0,22.7,103720.0,1.0,180.0,26.8,3.0,3.0,43.0,714.0,21.0,1365.0,2007.0,0.0
1434,3.0,0.0,104468.0,1.0,183.0,22.1,104259.0,1.0,178.0,23.3,3.0,6.0,42.0,790.0,57.0,670.0,2007.0,0.0
30395,3.0,4.0,111442.0,1.0,183.0,25.2,104545.0,1.0,206.0,34.2,3.0,7.0,46.0,1034.0,15.0,2085.0,2019.0,1.0
75113,3.0,0.0,111202.0,1.0,188.0,22.7,105932.0,1.0,185.0,26.9,3.0,6.0,52.0,910.0,20.0,1820.0,2019.0,1.0
194132,3.0,4.0,104755.0,1.0,185.0,25.1,104731.0,1.0,203.0,25.2,3.0,6.0,13.0,2080.0,35.0,1175.0,2011.0,0.0
187199,2.0,3.0,105077.0,0.0,188.0,28.4,104755.0,1.0,185.0,30.0,5.0,6.0,36.0,1165.0,10.0,2905.0,2016.0,1.0
24111,3.0,4.0,104098.0,1.0,185.0,23.2,104214.0,1.0,185.0,22.6,3.0,6.0,36.0,870.0,25.0,1375.0,2006.0,0.0
87366,3.0,0.0,104918.0,1.0,190.0,18.6,102202.0,0.0,190.0,32.7,3.0,6.0,62.0,582.0,61.0,590.0,2006.0,0.0
185132,1.0,4.0,103018.0,1.0,196.0,26.8,102562.0,1.0,190.0,29.1,3.0,6.0,29.0,1045.0,17.0,1375.0,2004.0,1.0
27422,1.0,1.0,103900.0,1.0,180.0,26.2,104417.0,1.0,193.0,23.6,5.0,8.0,7.0,2070.0,39.0,830.0,2008.0,0.0
136814,3.0,4.0,105053.0,1.0,188.0,27.2,105238.0,1.0,180.0,26.3,3.0,7.0,32.0,1210.0,41.0,1075.0,2015.0,1.0
163079,3.0,3.0,104925.0,1.0,188.0,33.7,100644.0,1.0,198.0,23.8,5.0,3.0,1.0,12030.0,7.0,5615.0,2021.0,0.0
35497,3.0,0.0,104339.0,1.0,196.0,21.8,103344.0,1.0,193.0,26.9,3.0,3.0,21.0,1390.0,5.0,2395.0,2006.0,0.0
53660,3.0,3.0,101736.0,1.0,180.0,34.3,102227.0,1.0,180.0,31.2,5.0,5.0,7.0,2340.0,54.0,715.0,2004.0,0.0
161881,1.0,0.0,105223.0,1.0,198.0,23.6,104527.0,1.0,183.0,27.0,3.0,9.0,12.0,2495.0,22.0,1425.0,2012.0,0.0
121293,1.0,4.0,105077.0,0.0,188.0,24.3,103900.0,1.0,180.0,30.3,3.0,7.0,39.0,1040.0,42.0,1005.0,2012.0,1.0
184091,2.0,3.0,104918.0,1.0,190.0,29.1,106401.0,1.0,193.0,21.1,5.0,5.0,2.0,8915.0,18.0,1855.0,2016.0,0.0
130114,3.0,3.0,104339.0,1.0,196.0,20.8,103498.0,1.0,193.0,24.9,5.0,6.0,29.0,1046.0,4.0,3060.0,2005.0,1.0
82155,3.0,0.0,103819.0,1.0,185.0,28.2,104312.0,1.0,190.0,25.6,3.0,5.0,1.0,10055.0,51.0,850.0,2009.0,0.0
57518,3.0,0.0,102967.0,1.0,188.0,31.3,103888.0,1.0,188.0,26.6,3.0,5.0,42.0,879.0,35.0,955.0,2008.0,1.0
143597,1.0,4.0,102562.0,1.0,190.0,28.1,103103.0,1.0,183.0,25.3,3.0,6.0,9.0,1951.0,58.0,702.0,2003.0,0.0
157119,1.0,1.0,103900.0,1.0,180.0,21.2,103786.0,1.0,178.0,21.8,5.0,8.0,10.0,1980.0,63.0,653.0,2003.0,0.0
12569,1.0,0.0,104259.0,1.0,178.0,27.5,104386.0,1.0,180.0,26.8,3.0,8.0,44.0,1045.0,32.0,1225.0,2011.0,0.0
14791,1.0,3.0,103454.0,1.0,183.0,26.6,103598.0,1.0,185.0,25.8,5.0,4.0,35.0,885.0,37.0,856.0,2006.0,0.0
50348,3.0,4.0,106298.0,1.0,185.0,23.0,105385.0,0.0,183.0,27.6,3.0,6.0,15.0,2421.0,60.0,801.0,2017.0,1.0
6718,3.0,4.0,104597.0,1.0,183.0,24.5,103333.0,1.0,208.0,31.0,3.0,7.0,40.0,960.0,29.0,1385.0,2010.0,0.0
161479,1.0,0.0,104755.0,1.0,185.0,30.8,104122.0,1.0,183.0,34.2,3.0,5.0,23.0,1740.0,64.0,792.0,2017.0,0.0
113770,1.0,4.0,103835.0,1.0,183.0,25.6,104607.0,1.0,196.0,21.6,3.0,3.0,53.0,682.0,12.0,1940.0,2007.0,0.0
205340,1.0,4.0,103990.0,1.0,180.0,24.0,103970.0,1.0,175.0,24.1,3.0,3.0,12.0,1560.0,20.0,1385.0,2006.0,0.0
176619,1.0,0.0,106210.0,0.0,198.0,22.7,104198.0,1.0,188.0,32.8,3.0,3.0,55.0,840.0,38.0,1115.0,2016.0,0.0
74900,1.0,4.0,102703.0,1.0,180.0,31.2,103819.0,1.0,185.0,25.6,3.0,5.0,49.0,720.0,1.0,7290.0,2007.0,1.0
47969,3.0,4.0,111575.0,1.0,198.0,25.2,200000.0,1.0,193.0,21.0,3.0,6.0,30.0,2055.0,17.0,2693.0,2021.0,1.0
168922,1.0,4.0,104312.0,1.0,190.0,29.1,104926.0,1.0,178.0,25.8,3.0,7.0,18.0,1895.0,32.0,1135.0,2013.0,1.0
200846,3.0,0.0,105173.0,0.0,183.0,32.7,105777.0,1.0,188.0,29.8,3.0,6.0,34.0,1661.0,16.0,2620.0,2021.0,1.0
96868,3.0,1.0,104620.0,1.0,183.0,29.3,105062.0,1.0,183.0,27.1,5.0,8.0,49.0,919.0,58.0,827.0,2015.0,1.0
159229,1.0,0.0,103294.0,1.0,170.0,30.3,104745.0,0.0,185.0,22.8,3.0,5.0,61.0,1104.0,1.0,15390.0,2009.0,1.0
29250,3.0,4.0,105916.0,1.0,188.0,29.7,104926.0,1.0,178.0,34.4,3.0,7.0,40.0,1439.0,37.0,1484.0,2021.0,0.0
41072,3.0,3.0,106233.0,1.0,185.0,22.9,105807.0,1.0,188.0,25.1,5.0,6.0,10.0,3205.0,39.0,1110.0,2016.0,0.0
201750,3.0,0.0,105311.0,1.0,185.0,28.7,105385.0,0.0,183.0,28.4,3.0,6.0,59.0,850.0,63.0,816.0,2018.0,0.0
65912,3.0,4.0,103898.0,1.0,185.0,32.8,104229.0,1.0,180.0,31.2,3.0,7.0,28.0,1330.0,39.0,1003.0,2014.0,0.0
97487,3.0,0.0,103819.0,1.0,185.0,23.1,104417.0,1.0,193.0,20.1,3.0,3.0,1.0,6760.0,50.0,740.0,2004.0,0.0
154853,3.0,0.0,106432.0,1.0,188.0,20.7,104545.0,1.0,206.0,32.3,3.0,5.0,62.0,751.0,14.0,2425.0,2017.0,0.0
47740,1.0,4.0,104724.0,1.0,183.0,24.0,103908.0,1.0,185.0,28.3,3.0,7.0,52.0,825.0,56.0,805.0,2010.0,0.0
181944,3.0,0.0,105723.0,1.0,185.0,24.9,105227.0,1.0,198.0,27.3,3.0,3.0,54.0,828.0,12.0,2495.0,2016.0,1.0
2108,1.0,4.0,103694.0,1.0,168.0,26.2,104022.0,1.0,183.0,24.8,3.0,6.0,52.0,700.0,16.0,1645.0,2007.0,1.0
118603,3.0,0.0,104918.0,1.0,190.0,35.4,105138.0,1.0,183.0,34.5,3.0,5.0,49.0,955.0,22.0,1805.0,2022.0,1.0
21689,0.0,4.0,103206.0,1.0,175.0,28.4,103990.0,1.0,180.0,24.4,3.0,6.0,32.0,935.0,7.0,2175.0,2006.0,1.0
204590,3.0,0.0,126207.0,1.0,188.0,24.7,128034.0,1.0,196.0,25.6,3.0,6.0,17.0,2240.0,11.0,3130.0,2022.0,1.0
183776,1.0,0.0,105807.0,1.0,188.0,26.8,126207.0,1.0,188.0,20.2,3.0,9.0,11.0,2440.0,64.0,823.0,2018.0,1.0
178993,3.0,4.0,103484.0,1.0,185.0,30.1,103970.0,1.0,175.0,27.9,3.0,7.0,52.0,835.0,16.0,2125.0,2010.0,0.0
133399,3.0,4.0,103786.0,1.0,178.0,24.2,103720.0,1.0,180.0,24.4,3.0,3.0,7.0,2150.0,3.0,3460.0,2005.0,1.0
56925,3.0,4.0,128034.0,1.0,196.0,24.7,136440.0,0.0,180.0,27.5,3.0,5.0,10.0,3366.0,58.0,1015.0,2021.0,0.0
165878,1.0,0.0,105238.0,1.0,180.0,27.2,105064.0,0.0,188.0,28.1,3.0,6.0,33.0,1195.0,32.0,1200.0,2016.0,0.0
27542,3.0,3.0,104745.0,0.0,185.0,23.6,104918.0,1.0,190.0,22.6,5.0,3.0,2.0,9310.0,4.0,6780.0,2010.0,1.0
48052,3.0,0.0,104273.0,1.0,188.0,30.0,104527.0,1.0,183.0,28.7,3.0,2.0,52.0,908.0,8.0,3730.0,2013.0,1.0
125016,1.0,4.0,106233.0,1.0,185.0,27.6,100644.0,1.0,198.0,24.0,3.0,9.0,4.0,8365.0,6.0,6125.0,2021.0,1.0
2983,1.0,1.0,102338.0,1.0,190.0,29.1,103292.0,1.0,175.0,24.3,5.0,8.0,28.0,1145.0,20.0,1335.0,2003.0,1.0
96042,3.0,0.0,106298.0,1.0,185.0,23.9,105332.0,1.0,196.0,28.7,3.0,3.0,17.0,2235.0,44.0,1110.0,2018.0,0.0
78738,1.0,4.0,104019.0,1.0,193.0,24.8,104745.0,0.0,185.0,20.8,3.0,5.0,52.0,675.0,2.0,4875.0,2007.0,1.0
87850,3.0,4.0,104259.0,1.0,178.0,27.8,104792.0,1.0,193.0,24.9,3.0,5.0,47.0,910.0,8.0,2995.0,2011.0,1.0
179401,3.0,0.0,103566.0,0.0,190.0,32.7,105223.0,1.0,198.0,24.4,3.0,5.0,51.0,833.0,7.0,4410.0,2013.0,1.0
103599,3.0,3.0,101962.0,1.0,193.0,31.9,104745.0,0.0,185.0,17.2,5.0,7.0,21.0,1260.0,45.0,786.0,2003.0,0.0
140391,0.0,4.0,103484.0,1.0,185.0,23.8,103602.0,1.0,183.0,23.2,3.0,7.0,36.0,975.0,34.0,1025.0,2003.0,0.0
121103,3.0,4.0,103672.0,0.0,175.0,24.6,104745.0,0.0,185.0,19.1,3.0,6.0,56.0,648.0,2.0,4030.0,2005.0,1.0
101458,3.0,4.0,105227.0,1.0,198.0,33.4,200175.0,1.0,183.0,22.5,3.0,7.0,24.0,1785.0,61.0,921.0,2022.0,1.0
114408,3.0,4.0,144817.0,0.0,196.0,26.3,111575.0,1.0,198.0,26.4,3.0,6.0,61.0,784.0,19.0,1945.0,2022.0,1.0
5538,3.0,4.0,104607.0,1.0,196.0,26.1,104386.0,1.0,180.0,27.3,3.0,5.0,7.0,3230.0,13.0,2305.0,2011.0,0.0
193619,3.0,4.0,104076.0,1.0,190.0,23.3,104053.0,1.0,188.0,23.5,3.0,7.0,36.0,888.0,3.0,2685.0,2006.0,1.0
121781,3.0,4.0,105311.0,1.0,185.0,26.9,105643.0,0.0,190.0,25.4,3.0,7.0,37.0,1146.0,53.0,855.0,2016.0,1.0
192752,3.0,3.0,104607.0,1.0,196.0,32.3,104926.0,1.0,178.0,30.6,5.0,5.0,20.0,2050.0,25.0,1715.0,2018.0,0.0
199197,3.0,2.0,104053.0,1.0,188.0,25.2,103819.0,1.0,185.0,26.2,3.0,8.0,5.0,2330.0,1.0,6530.0,2007.0,1.0
67360,3.0,0.0,132283.0,1.0,191.0,24.3,106298.0,1.0,185.0,25.5,3.0,5.0,51.0,1013.0,26.0,1430.0,2019.0,1.0
188698,3.0,4.0,104607.0,1.0,196.0,30.0,104468.0,1.0,183.0,30.7,3.0,5.0,5.0,4910.0,14.0,2020.0,2015.0,0.0
45000,2.0,0.0,125802.0,1.0,193.0,28.3,200325.0,1.0,188.0,23.2,3.0,6.0,40.0,1082.0,48.0,1015.0,2022.0,0.0
184956,1.0,4.0,200000.0,1.0,193.0,21.7,106218.0,1.0,180.0,28.7,3.0,5.0,9.0,3760.0,59.0,914.0,2022.0,0.0
6849,3.0,0.0,105683.0,1.0,196.0,28.7,100644.0,1.0,198.0,22.4,3.0,8.0,24.0,1450.0,6.0,4095.0,2019.0,1.0
68922,3.0,4.0,104022.0,1.0,183.0,25.3,103096.0,1.0,173.0,29.8,3.0,7.0,18.0,1445.0,53.0,650.0,2007.0,0.0
73037,3.0,0.0,103582.0,0.0,193.0,30.0,104269.0,0.0,188.0,26.7,3.0,6.0,47.0,932.0,10.0,3475.0,2010.0,1.0
2688,3.0,0.0,105807.0,1.0,188.0,28.6,126774.0,1.0,193.0,21.5,3.0,6.0,27.0,1500.0,6.0,4745.0,2020.0,1.0
118490,1.0,3.0,103096.0,1.0,173.0,25.4,102610.0,1.0,180.0,27.9,5.0,5.0,36.0,940.0,9.0,1920.0,2003.0,1.0
145048,3.0,3.0,111202.0,1.0,188.0,21.6,100644.0,1.0,198.0,20.7,5.0,6.0,58.0,857.0,4.0,4610.0,2018.0,0.0
104019,3.0,0.0,103990.0,1.0,180.0,27.7,104252.0,1.0,190.0,26.3,3.0,5.0,15.0,2005.0,63.0,739.0,2010.0,1.0
191516,1.0,4.0,103344.0,1.0,193.0,28.0,103285.0,1.0,185.0,28.3,3.0,6.0,8.0,2270.0,25.0,1070.0,2007.0,0.0
131889,1.0,0.0,106043.0,1.0,170.0,24.5,105643.0,0.0,190.0,26.3,3.0,5.0,51.0,865.0,52.0,860.0,2017.0,0.0
54735,1.0,4.0,104926.0,1.0,178.0,27.9,104607.0,1.0,196.0,29.6,3.0,5.0,31.0,1215.0,5.0,5140.0,2015.0,1.0
187384,1.0,0.0,104597.0,1.0,183.0,28.5,105643.0,0.0,190.0,23.3,3.0,5.0,17.0,1930.0,61.0,744.0,2014.0,1.0
160117,3.0,0.0,104332.0,1.0,185.0,27.8,103781.0,0.0,183.0,30.6,3.0,6.0,56.0,815.0,41.0,1000.0,2012.0,1.0
144466,3.0,4.0,103898.0,1.0,185.0,32.7,106058.0,1.0,185.0,22.0,3.0,5.0,30.0,1205.0,60.0,801.0,2014.0,0.0
19458,1.0,0.0,104755.0,1.0,185.0,19.9,103103.0,1.0,183.0,28.3,3.0,6.0,43.0,825.0,24.0,1250.0,2006.0,0.0
15770,1.0,0.0,105311.0,1.0,185.0,26.3,105676.0,1.0,180.0,24.6,3.0,3.0,43.0,986.0,14.0,2145.0,2015.0,1.0
48020,3.0,3.0,104745.0,0.0,185.0,31.2,126094.0,1.0,188.0,19.8,5.0,3.0,1.0,7645.0,53.0,890.0,2017.0,0.0
167091,1.0,0.0,103720.0,1.0,180.0,23.2,103280.0,1.0,196.0,25.5,3.0,8.0,12.0,1525.0,19.0,1330.0,2004.0,0.0
99021,3.0,0.0,106298.0,1.0,185.0,23.9,126094.0,1.0,188.0,20.3,3.0,6.0,16.0,2335.0,34.0,1355.0,2018.0,1.0
129944,3.0,0.0,104607.0,1.0,196.0,25.0,104797.0,1.0,188.0,24.0,3.0,5.0,7.0,3760.0,43.0,1051.0,2010.0,0.0
39761,3.0,3.0,103888.0,1.0,188.0,21.7,102344.0,1.0,188.0,29.4,5.0,7.0,26.0,1145.0,37.0,968.0,2003.0,1.0
105689,3.0,0.0,111815.0,0.0,188.0,26.0,126094.0,1.0,188.0,23.9,3.0,9.0,28.0,1930.0,5.0,6130.0,2021.0,0.0
125161,1.0,3.0,104338.0,1.0,185.0,28.1,105683.0,1.0,196.0,21.4,5.0,6.0,15.0,1945.0,22.0,1460.0,2012.0,0.0
182206,3.0,2.0,104925.0,1.0,188.0,25.4,103819.0,1.0,185.0,31.2,3.0,2.0,1.0,11420.0,2.0,9465.0,2012.0,0.0
60945,1.0,0.0,104076.0,1.0,190.0,22.8,103428.0,1.0,190.0,26.0,3.0,6.0,43.0,848.0,53.0,735.0,2005.0,0.0
60963,1.0,3.0,106378.0,1.0,188.0,23.3,105916.0,1.0,188.0,26.2,5.0,7.0,17.0,1950.0,45.0,1122.0,2018.0,0.0
121297,3.0,0.0,104731.0,1.0,203.0,26.4,105223.0,1.0,198.0,24.0,3.0,3.0,39.0,1020.0,8.0,3740.0,2012.0,1.0
167329,3.0,4.0,105062.0,1.0,183.0,31.7,200175.0,1.0,183.0,20.1,3.0,7.0,57.0,996.0,50.0,1033.0,2019.0,0.0
49707,3.0,3.0,104745.0,0.0,185.0,32.2,111575.0,1.0,198.0,22.2,5.0,6.0,1.0,10040.0,26.0,1525.0,2018.0,0.0
130928,2.0,0.0,104022.0,1.0,183.0,30.9,104593.0,1.0,185.0,27.8,3.0,6.0,29.0,1355.0,50.0,892.0,2013.0,0.0
38259,2.0,3.0,104417.0,1.0,193.0,22.8,103206.0,1.0,175.0,29.0,5.0,7.0,28.0,965.0,62.0,573.0,2007.0,0.0
35278,3.0,0.0,104919.0,1.0,188.0,30.6,105332.0,1.0,196.0,28.6,3.0,5.0,52.0,909.0,42.0,1155.0,2018.0,1.0
111598,3.0,0.0,100644.0,1.0,198.0,19.4,103970.0,1.0,175.0,34.5,3.0,3.0,24.0,1655.0,13.0,2455.0,2016.0,1.0
48836,3.0,0.0,105077.0,0.0,188.0,33.7,105526.0,1.0,193.0,31.4,3.0,6.0,45.0,1294.0,50.0,1201.0,2021.0,1.0
188914,3.0,0.0,103018.0,1.0,196.0,26.2,103852.0,0.0,188.0,22.0,3.0,3.0,28.0,1075.0,38.0,980.0,2003.0,0.0
147593,2.0,0.0,104198.0,1.0,188.0,27.0,103566.0,0.0,190.0,30.0,3.0,2.0,41.0,1000.0,46.0,914.0,2010.0,1.0
63971,1.0,0.0,104076.0,1.0,190.0,25.8,104468.0,1.0,183.0,23.6,3.0,9.0,51.0,736.0,17.0,1390.0,2008.0,1.0
50437,1.0,0.0,103428.0,1.0,190.0,24.5,102845.0,1.0,190.0,27.5,3.0,9.0,39.0,915.0,7.0,2290.0,2004.0,1.0
44850,2.0,3.0,134770.0,1.0,183.0,23.5,105077.0,0.0,188.0,34.4,5.0,4.0,6.0,5050.0,39.0,1080.0,2022.0,0.0
82080,3.0,4.0,104545.0,1.0,206.0,30.5,103819.0,1.0,185.0,34.2,3.0,5.0,13.0,2360.0,2.0,8250.0,2015.0,0.0
55943,3.0,0.0,103813.0,0.0,185.0,30.1,104166.0,1.0,178.0,28.4,3.0,6.0,62.0,746.0,38.0,1060.0,2011.0,1.0
4237,3.0,0.0,104259.0,1.0,178.0,30.2,105807.0,1.0,188.0,22.4,3.0,6.0,22.0,1525.0,61.0,739.0,2014.0,0.0
195270,3.0,3.0,103786.0,1.0,178.0,26.2,103163.0,1.0,188.0,29.3,5.0,3.0,4.0,3255.0,10.0,1880.0,2007.0,0.0
47145,3.0,3.0,133430.0,0.0,185.0,22.7,111513.0,1.0,188.0,26.6,5.0,4.0,14.0,2593.0,51.0,1156.0,2022.0,0.0
135483,3.0,0.0,106000.0,1.0,172.0,25.3,104926.0,1.0,178.0,30.3,3.0,2.0,55.0,891.0,29.0,1545.0,2017.0,0.0
100509,3.0,0.0,128034.0,1.0,196.0,25.6,200325.0,1.0,188.0,23.5,3.0,5.0,11.0,3130.0,43.0,986.0,2022.0,0.0
155135,3.0,0.0,105217.0,1.0,193.0,22.1,103285.0,1.0,185.0,31.9,3.0,6.0,45.0,985.0,38.0,1155.0,2010.0,1.0
150327,3.0,0.0,101965.0,1.0,185.0,31.8,102882.0,1.0,196.0,26.7,3.0,9.0,25.0,1135.0,20.0,1285.0,2003.0,0.0
88107,1.0,4.0,106043.0,1.0,170.0,22.6,104871.0,1.0,188.0,28.1,3.0,7.0,64.0,759.0,35.0,1155.0,2015.0,1.0
85549,1.0,4.0,104597.0,1.0,183.0,26.7,104719.0,1.0,190.0,26.0,3.0,6.0,13.0,2255.0,29.0,1250.0,2012.0,0.0
114751,1.0,1.0,104542.0,1.0,188.0,26.4,104745.0,0.0,185.0,25.2,5.0,8.0,10.0,2710.0,2.0,10620.0,2011.0,1.0
11202,3.0,0.0,103387.0,1.0,185.0,26.3,103813.0,0.0,185.0,24.1,3.0,5.0,57.0,700.0,35.0,912.0,2005.0,1.0
78986,3.0,4.0,105311.0,1.0,185.0,30.5,105936.0,1.0,185.0,27.6,3.0,7.0,63.0,916.0,60.0,963.0,2019.0,0.0
145950,0.0,0.0,103344.0,1.0,193.0,25.5,102434.0,1.0,183.0,30.2,3.0,5.0,29.0,1050.0,25.0,1175.0,2004.0,1.0
35376,3.0,0.0,106071.0,1.0,193.0,24.3,104327.0,1.0,178.0,32.9,3.0,6.0,31.0,1285.0,57.0,842.0,2017.0,1.0
169889,1.0,0.0,104542.0,1.0,188.0,26.0,104655.0,1.0,180.0,25.3,3.0,5.0,18.0,1625.0,61.0,825.0,2011.0,1.0
80337,3.0,3.0,104053.0,1.0,188.0,23.9,103720.0,1.0,180.0,25.5,5.0,3.0,10.0,1890.0,17.0,1515.0,2006.0,0.0
147485,2.0,3.0,104098.0,1.0,185.0,31.5,104797.0,1.0,188.0,27.7,5.0,4.0,31.0,1200.0,45.0,985.0,2014.0,1.0
139611,3.0,4.0,105332.0,1.0,196.0,23.4,104665.0,1.0,180.0,26.7,3.0,7.0,44.0,902.0,40.0,950.0,2012.0,0.0
159133,1.0,0.0,104660.0,1.0,193.0,25.2,103808.0,1.0,188.0,29.7,3.0,5.0,39.0,1075.0,43.0,1050.0,2011.0,1.0
157841,3.0,0.0,105227.0,1.0,198.0,23.0,103344.0,1.0,193.0,32.5,3.0,9.0,25.0,1435.0,26.0,1375.0,2011.0,0.0
72087,3.0,3.0,126094.0,1.0,188.0,19.8,105777.0,1.0,188.0,26.2,5.0,7.0,53.0,890.0,9.0,3710.0,2017.0,0.0
64578,3.0,0.0,104269.0,0.0,188.0,24.2,103813.0,0.0,185.0,26.5,3.0,6.0,30.0,1050.0,27.0,1240.0,2008.0,0.0
154116,3.0,3.0,104597.0,1.0,183.0,24.4,104542.0,1.0,188.0,24.7,5.0,5.0,25.0,1305.0,10.0,2875.0,2010.0,1.0
32718,3.0,0.0,206173.0,1.0,188.0,20.1,104792.0,1.0,193.0,35.0,3.0,2.0,14.0,2895.0,20.0,2278.0,2021.0,0.0
90412,3.0,0.0,104797.0,1.0,188.0,24.0,104607.0,1.0,196.0,25.0,3.0,5.0,43.0,1051.0,7.0,3760.0,2010.0,1.0
132406,3.0,0.0,104594.0,1.0,194.0,28.3,103819.0,1.0,185.0,32.3,3.0,3.0,61.0,774.0,6.0,4205.0,2013.0,1.0
197807,0.0,4.0,103103.0,1.0,183.0,28.8,104607.0,1.0,196.0,21.1,3.0,3.0,27.0,1003.0,10.0,2080.0,2006.0,0.0
176644,3.0,4.0,103786.0,1.0,178.0,30.2,104660.0,1.0,193.0,25.6,3.0,7.0,31.0,1250.0,42.0,1030.0,2011.0,0.0
95327,3.0,4.0,102845.0,1.0,190.0,26.5,103484.0,1.0,185.0,23.1,3.0,5.0,5.0,2555.0,25.0,1165.0,2003.0,1.0
115760,3.0,3.0,105023.0,1.0,198.0,22.8,104527.0,1.0,183.0,25.4,5.0,5.0,22.0,1705.0,27.0,1510.0,2010.0,1.0
178556,2.0,3.0,105777.0,1.0,188.0,30.1,122330.0,1.0,196.0,24.0,5.0,7.0,21.0,2431.0,38.0,1641.0,2021.0,1.0
6573,1.0,4.0,104678.0,1.0,193.0,23.2,103786.0,1.0,178.0,27.9,3.0,7.0,41.0,1457.0,11.0,3265.0,2009.0,1.0
27104,3.0,4.0,104925.0,1.0,188.0,26.2,104252.0,1.0,190.0,29.8,3.0,6.0,1.0,12040.0,50.0,905.0,2013.0,0.0
115553,1.0,0.0,104338.0,1.0,185.0,28.2,104871.0,1.0,188.0,25.4,3.0,3.0,14.0,2240.0,51.0,829.0,2012.0,0.0
32369,1.0,4.0,103103.0,1.0,183.0,27.3,104755.0,1.0,185.0,18.8,3.0,5.0,18.0,1331.0,56.0,686.0,2005.0,1.0
139555,1.0,3.0,105023.0,1.0,198.0,23.6,103344.0,1.0,193.0,32.1,5.0,7.0,28.0,1325.0,37.0,1120.0,2011.0,1.0
23041,3.0,0.0,102562.0,1.0,190.0,29.4,104022.0,1.0,183.0,22.1,3.0,6.0,24.0,1130.0,45.0,765.0,2004.0,1.0
97506,1.0,0.0,104026.0,1.0,198.0,21.8,103280.0,1.0,196.0,25.4,3.0,6.0,48.0,739.0,17.0,1365.0,2004.0,1.0
124081,3.0,4.0,104925.0,1.0,188.0,26.8,104918.0,1.0,190.0,26.8,3.0,3.0,2.0,10900.0,6.0,4795.0,2014.0,0.0
141202,3.0,2.0,103819.0,1.0,185.0,37.2,105453.0,1.0,178.0,28.8,3.0,8.0,3.0,6020.0,9.0,3390.0,2018.0,1.0
63962,3.0,0.0,106378.0,1.0,188.0,22.7,103970.0,1.0,175.0,35.5,3.0,6.0,63.0,807.0,29.0,1470.0,2017.0,0.0
19037,1.0,0.0,103990.0,1.0,180.0,31.1,105077.0,0.0,188.0,25.4,3.0,5.0,28.0,1365.0,63.0,755.0,2013.0,1.0
35287,3.0,0.0,104719.0,1.0,190.0,30.5,106058.0,1.0,185.0,24.0,3.0,5.0,39.0,1081.0,22.0,1675.0,2016.0,0.0
98177,1.0,0.0,104665.0,1.0,180.0,28.0,104745.0,0.0,185.0,27.7,3.0,9.0,40.0,1006.0,1.0,14085.0,2014.0,1.0
28464,3.0,3.0,105357.0,1.0,183.0,29.2,103819.0,1.0,185.0,37.0,5.0,5.0,55.0,963.0,2.0,7080.0,2018.0,0.0
153059,3.0,4.0,111815.0,0.0,188.0,25.9,111575.0,1.0,198.0,25.2,3.0,7.0,28.0,1975.0,29.0,1920.0,2021.0,1.0
71930,3.0,4.0,102148.0,1.0,178.0,34.2,102845.0,1.0,190.0,30.5,3.0,7.0,56.0,640.0,32.0,940.0,2007.0,0.0
187941,1.0,0.0,104527.0,1.0,183.0,26.8,104597.0,1.0,183.0,26.4,3.0,9.0,26.0,1300.0,11.0,2220.0,2012.0,1.0
107946,3.0,4.0,105453.0,1.0,178.0,23.2,103598.0,1.0,185.0,32.6,3.0,6.0,15.0,2135.0,53.0,811.0,2013.0,0.0
27065,3.0,4.0,103294.0,1.0,170.0,26.6,102318.0,1.0,183.0,31.5,3.0,7.0,48.0,739.0,38.0,855.0,2005.0,1.0
48662,3.0,4.0,106432.0,1.0,188.0,20.3,106233.0,1.0,185.0,23.5,3.0,7.0,62.0,780.0,8.0,3465.0,2017.0,0.0
32822,1.0,4.0,105676.0,1.0,180.0,22.4,104269.0,0.0,188.0,29.4,3.0,7.0,59.0,760.0,46.0,920.0,2013.0,1.0
1729,3.0,0.0,105676.0,1.0,180.0,22.2,103566.0,0.0,190.0,32.7,3.0,6.0,49.0,852.0,51.0,833.0,2013.0,1.0
153403,3.0,0.0,105676.0,1.0,180.0,24.1,106233.0,1.0,185.0,21.4,3.0,5.0,20.0,1659.0,48.0,897.0,2015.0,1.0
49203,3.0,0.0,103507.0,1.0,183.0,23.0,101885.0,0.0,190.0,31.9,3.0,6.0,3.0,3070.0,45.0,750.0,2003.0,0.0
165009,3.0,4.0,103990.0,1.0,180.0,28.2,103813.0,0.0,185.0,29.0,3.0,7.0,38.0,1075.0,60.0,815.0,2010.0,0.0
9420,3.0,4.0,104607.0,1.0,196.0,20.8,104755.0,1.0,185.0,20.1,3.0,3.0,14.0,1600.0,51.0,775.0,2006.0,1.0
202026,3.0,3.0,105332.0,1.0,196.0,26.3,104542.0,1.0,188.0,30.3,5.0,5.0,41.0,1052.0,18.0,1675.0,2015.0,1.0
15552,3.0,3.0,103819.0,1.0,185.0,27.0,103285.0,1.0,185.0,29.7,5.0,6.0,2.0,5930.0,30.0,1006.0,2008.0,0.0
111015,3.0,3.0,103428.0,1.0,190.0,27.3,104918.0,1.0,190.0,19.6,5.0,6.0,33.0,920.0,16.0,1505.0,2007.0,1.0
103446,3.0,0.0,104022.0,1.0,183.0,28.6,105217.0,1.0,193.0,22.3,3.0,5.0,10.0,2920.0,50.0,950.0,2011.0,0.0
100904,3.0,4.0,105173.0,0.0,183.0,28.1,104755.0,1.0,185.0,30.1,3.0,7.0,58.0,810.0,15.0,2320.0,2016.0,1.0
12119,0.0,0.0,103908.0,1.0,185.0,23.7,104068.0,1.0,183.0,23.0,3.0,6.0,57.0,663.0,18.0,1460.0,2005.0,0.0
60872,3.0,4.0,104098.0,1.0,185.0,23.6,103163.0,1.0,188.0,28.3,3.0,6.0,27.0,1095.0,17.0,1420.0,2006.0,0.0
118885,3.0,0.0,104755.0,1.0,185.0,33.2,105332.0,1.0,196.0,30.3,3.0,5.0,41.0,1200.0,23.0,1508.0,2019.0,1.0
133876,3.0,0.0,104559.0,1.0,188.0,30.6,104678.0,1.0,193.0,29.9,3.0,9.0,50.0,863.0,22.0,1487.0,2016.0,1.0
36765,1.0,0.0,103786.0,1.0,178.0,22.1,103835.0,1.0,183.0,21.8,3.0,5.0,36.0,980.0,60.0,649.0,2003.0,1.0
14781,1.0,0.0,103454.0,1.0,183.0,23.9,103908.0,1.0,185.0,21.6,3.0,2.0,28.0,1049.0,51.0,706.0,2003.0,0.0
79834,3.0,0.0,106298.0,1.0,185.0,24.6,104259.0,1.0,178.0,35.0,3.0,6.0,23.0,1780.0,34.0,1260.0,2018.0,0.0
92031,3.0,0.0,104022.0,1.0,183.0,24.6,103813.0,0.0,185.0,25.5,3.0,6.0,18.0,1440.0,19.0,1300.0,2007.0,0.0
94758,3.0,0.0,103598.0,1.0,185.0,32.5,104545.0,1.0,206.0,27.7,3.0,3.0,53.0,826.0,16.0,2125.0,2013.0,1.0
68062,3.0,4.0,104898.0,1.0,190.0,31.3,105936.0,1.0,185.0,26.4,3.0,7.0,55.0,930.0,31.0,1312.0,2018.0,0.0
52582,1.0,0.0,106065.0,1.0,185.0,25.5,104926.0,1.0,178.0,30.9,3.0,6.0,59.0,891.0,19.0,1840.0,2018.0,0.0
122410,3.0,3.0,103566.0,0.0,190.0,24.2,104026.0,1.0,198.0,22.1,5.0,5.0,56.0,706.0,30.0,1024.0,2004.0,1.0
15317,1.0,3.0,103786.0,1.0,178.0,22.9,103909.0,1.0,175.0,22.3,5.0,4.0,57.0,675.0,3.0,3490.0,2004.0,1.0
122003,3.0,0.0,104755.0,1.0,185.0,25.6,104022.0,1.0,183.0,29.6,3.0,6.0,16.0,1765.0,34.0,1140.0,2012.0,1.0
112086,3.0,4.0,104026.0,1.0,198.0,22.0,103017.0,1.0,183.0,27.0,3.0,7.0,31.0,1014.0,18.0,1250.0,2004.0,1.0
15422,1.0,3.0,104527.0,1.0,183.0,25.1,103819.0,1.0,185.0,28.7,5.0,5.0,24.0,1600.0,1.0,10030.0,2010.0,1.0
146602,2.0,0.0,126610.0,1.0,196.0,26.1,105936.0,1.0,185.0,30.2,3.0,2.0,10.0,3570.0,48.0,1010.0,2022.0,0.0
15777,3.0,0.0,103970.0,1.0,175.0,28.7,104259.0,1.0,178.0,27.2,3.0,3.0,7.0,3735.0,34.0,1215.0,2011.0,0.0
33937,3.0,0.0,105449.0,1.0,188.0,24.5,105023.0,1.0,198.0,26.7,3.0,6.0,64.0,766.0,61.0,790.0,2014.0,1.0
14109,1.0,3.0,103507.0,1.0,183.0,30.2,104655.0,1.0,180.0,24.3,5.0,4.0,18.0,2050.0,55.0,837.0,2010.0,0.0
132630,3.0,0.0,207989.0,1.0,185.0,19.4,207733.0,0.0,191.0,20.8,3.0,6.0,1.0,6730.0,45.0,981.0,2022.0,0.0
3417,1.0,0.0,103498.0,1.0,193.0,26.2,104214.0,1.0,185.0,22.7,3.0,6.0,50.0,760.0,28.0,1225.0,2006.0,0.0
19621,3.0,4.0,103813.0,0.0,185.0,22.0,103900.0,1.0,180.0,21.5,3.0,7.0,27.0,1055.0,21.0,1235.0,2003.0,1.0
202260,2.0,0.0,122298.0,1.0,188.0,26.6,200221.0,1.0,183.0,23.0,3.0,3.0,29.0,1364.0,44.0,1050.0,2022.0,0.0
134157,1.0,0.0,103454.0,1.0,183.0,24.6,102882.0,1.0,196.0,27.5,3.0,2.0,11.0,1633.0,18.0,1350.0,2004.0,0.0
115091,2.0,3.0,102882.0,1.0,196.0,26.6,101736.0,1.0,180.0,33.1,5.0,5.0,48.0,735.0,1.0,3975.0,2003.0,0.0
16357,3.0,4.0,104607.0,1.0,196.0,29.5,106071.0,1.0,193.0,22.4,3.0,6.0,9.0,4510.0,29.0,1330.0,2015.0,0.0
58922,3.0,0.0,104542.0,1.0,188.0,26.5,105223.0,1.0,198.0,23.0,3.0,2.0,9.0,2880.0,15.0,2030.0,2011.0,0.0
127433,2.0,0.0,105332.0,1.0,196.0,29.1,105449.0,1.0,188.0,28.4,3.0,6.0,48.0,1010.0,44.0,1110.0,2018.0,0.0
78149,1.0,4.0,103498.0,1.0,193.0,24.2,103387.0,1.0,185.0,24.8,3.0,6.0,25.0,1120.0,13.0,1475.0,2004.0,0.0
7903,3.0,0.0,103898.0,1.0,185.0,28.1,104792.0,1.0,193.0,23.4,3.0,3.0,39.0,1004.0,13.0,2430.0,2010.0,0.0
181759,1.0,0.0,105053.0,1.0,188.0,23.1,103990.0,1.0,180.0,28.7,3.0,2.0,57.0,846.0,40.0,1060.0,2011.0,1.0
101590,3.0,0.0,105676.0,1.0,180.0,29.0,105430.0,1.0,175.0,30.1,3.0,8.0,11.0,2335.0,46.0,1067.0,2020.0,0.0
84653,1.0,4.0,105668.0,1.0,203.0,23.4,104259.0,1.0,178.0,30.5,3.0,7.0,22.0,1680.0,29.0,1280.0,2014.0,1.0
37095,1.0,4.0,103813.0,0.0,185.0,24.7,103206.0,1.0,175.0,27.9,3.0,7.0,16.0,1455.0,22.0,1340.0,2006.0,0.0
13847,1.0,0.0,104259.0,1.0,178.0,23.5,103096.0,1.0,173.0,29.3,3.0,6.0,49.0,740.0,51.0,720.0,2007.0,0.0
6133,3.0,4.0,104545.0,1.0,206.0,29.8,104925.0,1.0,188.0,27.7,3.0,5.0,20.0,1720.0,1.0,13205.0,2015.0,1.0
162757,3.0,0.0,104792.0,1.0,193.0,26.9,104269.0,0.0,188.0,29.7,3.0,3.0,43.0,950.0,30.0,1290.0,2013.0,0.0
94658,1.0,0.0,104919.0,1.0,188.0,27.7,105077.0,0.0,188.0,27.0,3.0,5.0,30.0,1239.0,61.0,780.0,2015.0,0.0
136697,1.0,4.0,104607.0,1.0,196.0,28.6,104745.0,0.0,185.0,27.9,3.0,3.0,6.0,4780.0,1.0,12900.0,2014.0,1.0
167695,3.0,3.0,104269.0,0.0,188.0,29.7,104471.0,1.0,183.0,28.6,5.0,4.0,30.0,1325.0,38.0,1125.0,2013.0,1.0
102830,3.0,2.0,103819.0,1.0,185.0,30.2,104542.0,1.0,188.0,26.5,3.0,8.0,4.0,6670.0,6.0,3535.0,2011.0,0.0
28155,1.0,1.0,103819.0,1.0,185.0,28.1,104620.0,1.0,183.0,23.9,5.0,8.0,1.0,11240.0,64.0,816.0,2009.0,0.0
119714,3.0,0.0,102434.0,1.0,183.0,32.5,103598.0,1.0,185.0,26.5,3.0,9.0,63.0,574.0,31.0,935.0,2007.0,1.0
2539,3.0,4.0,103990.0,1.0,180.0,22.4,104068.0,1.0,183.0,22.0,3.0,6.0,13.0,1450.0,60.0,635.0,2004.0,0.0
81967,3.0,0.0,104607.0,1.0,196.0,29.3,104755.0,1.0,185.0,28.5,3.0,3.0,7.0,4600.0,26.0,1350.0,2015.0,0.0
10254,3.0,4.0,105376.0,1.0,185.0,29.2,106000.0,1.0,172.0,26.4,3.0,7.0,61.0,881.0,52.0,940.0,2018.0,1.0
70534,3.0,3.0,104053.0,1.0,188.0,29.9,105223.0,1.0,198.0,23.9,5.0,5.0,22.0,1600.0,8.0,3620.0,2012.0,1.0
78032,3.0,4.0,104545.0,1.0,206.0,31.5,103970.0,1.0,175.0,34.5,3.0,6.0,27.0,1430.0,16.0,2135.0,2016.0,0.0
129976,2.0,3.0,104053.0,1.0,188.0,24.8,104269.0,0.0,188.0,23.6,5.0,6.0,3.0,3055.0,41.0,805.0,2007.0,0.0
74582,3.0,0.0,103598.0,1.0,185.0,32.4,105373.0,0.0,190.0,23.4,3.0,6.0,62.0,746.0,30.0,1175.0,2013.0,0.0
49494,3.0,0.0,103898.0,1.0,185.0,27.8,104468.0,1.0,183.0,24.8,3.0,3.0,51.0,854.0,12.0,2655.0,2009.0,1.0
72953,3.0,0.0,105023.0,1.0,198.0,25.9,104925.0,1.0,188.0,26.3,3.0,3.0,30.0,1265.0,1.0,11120.0,2013.0,1.0
19159,2.0,3.0,105311.0,1.0,185.0,25.2,104527.0,1.0,183.0,29.2,5.0,4.0,41.0,1030.0,3.0,5420.0,2014.0,1.0
84941,3.0,2.0,104417.0,1.0,193.0,26.2,104918.0,1.0,190.0,23.5,3.0,8.0,4.0,5380.0,5.0,5360.0,2010.0,1.0
94111,3.0,4.0,104180.0,0.0,193.0,21.8,103151.0,1.0,183.0,27.0,3.0,4.0,61.0,601.0,52.0,770.0,2005.0,1.0
155024,3.0,4.0,104269.0,0.0,188.0,34.7,105777.0,1.0,188.0,27.2,3.0,6.0,31.0,1305.0,5.0,4610.0,2018.0,1.0
201963,3.0,0.0,104792.0,1.0,193.0,19.3,102720.0,1.0,178.0,29.9,3.0,6.0,30.0,979.0,59.0,611.0,2006.0,0.0
21606,1.0,3.0,104926.0,1.0,178.0,30.0,104527.0,1.0,183.0,32.1,5.0,6.0,29.0,1350.0,3.0,5695.0,2017.0,1.0
21727,2.0,3.0,128034.0,1.0,196.0,24.3,122330.0,1.0,196.0,24.0,5.0,6.0,18.0,2533.0,38.0,1641.0,2021.0,0.0
197357,3.0,0.0,103794.0,1.0,178.0,33.2,105453.0,1.0,178.0,24.7,3.0,9.0,62.0,778.0,7.0,4025.0,2014.0,1.0
35217,1.0,3.0,104792.0,1.0,193.0,22.7,103781.0,0.0,183.0,28.0,5.0,6.0,10.0,3150.0,26.0,1735.0,2009.0,0.0
23818,3.0,4.0,105023.0,1.0,198.0,29.0,106401.0,1.0,193.0,21.4,3.0,7.0,29.0,1375.0,14.0,2460.0,2016.0,1.0
10405,3.0,3.0,103819.0,1.0,185.0,25.0,102450.0,1.0,185.0,31.9,5.0,7.0,1.0,7295.0,62.0,640.0,2006.0,0.0
84181,3.0,0.0,126094.0,1.0,188.0,22.2,105554.0,1.0,175.0,29.6,3.0,3.0,18.0,1799.0,33.0,1324.0,2020.0,0.0
101484,3.0,4.0,103900.0,1.0,180.0,29.5,104527.0,1.0,183.0,26.3,3.0,7.0,51.0,885.0,17.0,1935.0,2011.0,1.0
5969,1.0,3.0,103900.0,1.0,180.0,22.3,103292.0,1.0,175.0,25.4,5.0,9.0,8.0,2210.0,44.0,780.0,2004.0,1.0
80152,1.0,0.0,104731.0,1.0,203.0,25.8,104338.0,1.0,185.0,28.0,3.0,3.0,33.0,1170.0,16.0,1810.0,2012.0,1.0
92895,3.0,3.0,104542.0,1.0,188.0,30.7,105453.0,1.0,178.0,26.0,5.0,5.0,10.0,2725.0,7.0,4235.0,2016.0,1.0
179249,3.0,1.0,207518.0,1.0,185.0,20.7,200000.0,1.0,193.0,22.2,3.0,8.0,23.0,1865.0,6.0,4195.0,2022.0,1.0
158884,3.0,4.0,104925.0,1.0,188.0,21.1,104417.0,1.0,193.0,23.9,3.0,5.0,3.0,4945.0,49.0,815.0,2008.0,0.0
47888,1.0,0.0,103781.0,0.0,183.0,30.1,105053.0,1.0,188.0,23.6,3.0,6.0,12.0,2085.0,61.0,790.0,2011.0,1.0
172871,3.0,0.0,104731.0,1.0,203.0,28.7,105449.0,1.0,188.0,25.1,3.0,5.0,15.0,2125.0,44.0,971.0,2015.0,0.0
65860,3.0,0.0,125802.0,1.0,193.0,27.6,111513.0,1.0,188.0,26.3,3.0,6.0,46.0,1253.0,52.0,1137.0,2021.0,0.0
95218,2.0,0.0,132283.0,1.0,191.0,27.1,200282.0,1.0,183.0,23.3,3.0,5.0,32.0,1215.0,24.0,1633.0,2022.0,1.0
103027,3.0,4.0,111815.0,0.0,188.0,25.5,126203.0,1.0,193.0,23.3,3.0,6.0,56.0,1140.0,32.0,1775.0,2021.0,1.0
95905,1.0,4.0,104979.0,1.0,185.0,26.8,104269.0,0.0,188.0,30.4,3.0,7.0,59.0,827.0,25.0,1455.0,2014.0,0.0
177489,3.0,4.0,103084.0,1.0,185.0,30.2,104925.0,1.0,188.0,20.8,3.0,5.0,16.0,1468.0,3.0,5130.0,2008.0,1.0
124246,1.0,4.0,103819.0,1.0,185.0,22.7,102610.0,1.0,180.0,28.8,3.0,6.0,1.0,5430.0,39.0,885.0,2004.0,1.0
172781,1.0,0.0,104252.0,1.0,190.0,26.7,104792.0,1.0,193.0,23.8,3.0,3.0,56.0,827.0,17.0,2055.0,2010.0,1.0
114682,3.0,4.0,104731.0,1.0,203.0,26.7,104607.0,1.0,196.0,27.4,3.0,3.0,37.0,1055.0,6.0,4740.0,2013.0,1.0
41249,3.0,2.0,106421.0,1.0,198.0,25.7,100644.0,1.0,198.0,24.5,3.0,8.0,2.0,7640.0,3.0,6540.0,2021.0,0.0
197442,3.0,0.0,105676.0,1.0,180.0,26.1,105723.0,1.0,185.0,25.9,3.0,6.0,11.0,3035.0,54.0,835.0,2017.0,0.0
127353,1.0,3.0,104269.0,0.0,188.0,26.5,104259.0,1.0,178.0,26.6,5.0,6.0,9.0,3645.0,35.0,1320.0,2010.0,0.0
157777,1.0,0.0,103428.0,1.0,190.0,32.4,104122.0,1.0,183.0,28.9,3.0,9.0,25.0,1350.0,55.0,836.0,2012.0,1.0
66859,3.0,4.0,104339.0,1.0,196.0,21.9,103344.0,1.0,193.0,26.9,3.0,5.0,23.0,1355.0,6.0,2245.0,2006.0,1.0
73839,3.0,4.0,106233.0,1.0,185.0,24.0,104678.0,1.0,193.0,31.6,3.0,6.0,7.0,3925.0,54.0,895.0,2017.0,1.0
41742,2.0,0.0,100644.0,1.0,198.0,21.1,106432.0,1.0,188.0,21.5,3.0,6.0,3.0,5965.0,34.0,1245.0,2018.0,1.0
132209,3.0,4.0,104198.0,1.0,188.0,26.2,104022.0,1.0,183.0,27.1,3.0,6.0,53.0,914.0,64.0,840.0,2009.0,0.0
8447,3.0,4.0,104918.0,1.0,190.0,27.8,104731.0,1.0,203.0,28.8,3.0,5.0,4.0,5695.0,17.0,1870.0,2015.0,0.0
172384,3.0,3.0,102839.0,1.0,188.0,27.0,103581.0,1.0,183.0,23.1,5.0,7.0,57.0,655.0,49.0,733.0,2003.0,1.0
16477,3.0,0.0,126203.0,1.0,193.0,21.9,124187.0,1.0,211.0,22.0,3.0,6.0,31.0,1385.0,53.0,1014.0,2019.0,1.0
123875,2.0,0.0,104607.0,1.0,196.0,21.7,102148.0,1.0,178.0,34.5,3.0,5.0,13.0,1875.0,53.0,621.0,2007.0,0.0
7813,3.0,3.0,103781.0,0.0,183.0,28.6,103722.0,1.0,180.0,28.8,5.0,4.0,27.0,1260.0,64.0,665.0,2010.0,1.0
39585,3.0,0.0,103602.0,1.0,183.0,24.4,103694.0,1.0,168.0,23.9,3.0,2.0,23.0,1235.0,58.0,645.0,2005.0,0.0
96892,1.0,3.0,111797.0,1.0,198.0,23.6,105223.0,1.0,198.0,30.6,5.0,4.0,58.0,855.0,9.0,3235.0,2019.0,1.0
150148,3.0,3.0,104527.0,1.0,183.0,21.4,104417.0,1.0,193.0,22.0,5.0,7.0,46.0,803.0,34.0,968.0,2006.0,0.0
149761,3.0,4.0,105385.0,0.0,183.0,27.6,104926.0,1.0,178.0,29.8,3.0,5.0,51.0,881.0,40.0,1025.0,2017.0,1.0
127415,3.0,3.0,103484.0,1.0,185.0,25.6,102257.0,0.0,193.0,31.9,5.0,4.0,49.0,740.0,30.0,1063.0,2005.0,0.0
3761,3.0,0.0,105311.0,1.0,185.0,27.5,104655.0,1.0,180.0,30.8,3.0,6.0,34.0,1235.0,21.0,1700.0,2016.0,0.0
59150,1.0,4.0,104745.0,0.0,185.0,32.9,104527.0,1.0,183.0,34.1,3.0,3.0,2.0,7765.0,34.0,1230.0,2019.0,0.0
99025,2.0,0.0,104797.0,1.0,188.0,26.7,104997.0,1.0,190.0,25.8,3.0,6.0,45.0,935.0,60.0,772.0,2013.0,1.0
175093,3.0,2.0,106233.0,1.0,185.0,25.1,105453.0,1.0,178.0,28.8,3.0,8.0,8.0,3895.0,9.0,3390.0,2018.0,0.0
126075,3.0,4.0,105683.0,1.0,196.0,23.1,104918.0,1.0,190.0,26.8,3.0,5.0,11.0,2485.0,6.0,4885.0,2014.0,0.0
72852,0.0,0.0,103103.0,1.0,183.0,25.7,104745.0,0.0,185.0,17.3,3.0,6.0,62.0,626.0,47.0,800.0,2003.0,0.0
127089,3.0,4.0,103292.0,1.0,175.0,26.6,101736.0,1.0,180.0,35.2,3.0,3.0,8.0,1875.0,7.0,1915.0,2005.0,1.0
85416,2.0,0.0,103018.0,1.0,196.0,27.9,104755.0,1.0,185.0,18.9,3.0,2.0,40.0,880.0,27.0,1170.0,2005.0,1.0
120474,2.0,0.0,132283.0,1.0,191.0,26.1,200282.0,1.0,183.0,22.3,3.0,2.0,27.0,2042.0,18.0,2485.0,2021.0,1.0
38887,3.0,0.0,104918.0,1.0,190.0,23.4,103852.0,0.0,188.0,29.1,3.0,6.0,4.0,6125.0,31.0,1335.0,2010.0,0.0
67755,1.0,0.0,104259.0,1.0,178.0,32.5,105807.0,1.0,188.0,24.7,3.0,6.0,27.0,1330.0,49.0,919.0,2016.0,0.0
111192,3.0,0.0,103813.0,0.0,185.0,26.2,103084.0,1.0,185.0,29.9,3.0,5.0,29.0,935.0,12.0,1718.0,2007.0,0.0
44233,1.0,4.0,103888.0,1.0,188.0,29.4,103344.0,1.0,193.0,32.1,3.0,6.0,11.0,2366.0,39.0,1075.0,2011.0,0.0
99644,3.0,0.0,105668.0,1.0,203.0,23.7,105023.0,1.0,198.0,26.8,3.0,9.0,52.0,855.0,56.0,820.0,2014.0,0.0
111727,0.0,0.0,103454.0,1.0,183.0,26.0,104076.0,1.0,190.0,23.0,3.0,6.0,51.0,740.0,49.0,748.0,2005.0,1.0
26337,2.0,0.0,104022.0,1.0,183.0,30.0,103898.0,1.0,185.0,30.5,3.0,7.0,29.0,1300.0,32.0,1255.0,2012.0,1.0
105397,3.0,0.0,105064.0,0.0,188.0,27.7,103970.0,1.0,175.0,33.5,3.0,6.0,31.0,1205.0,7.0,3945.0,2015.0,1.0
110722,3.0,0.0,103898.0,1.0,185.0,26.7,103498.0,1.0,193.0,28.6,3.0,5.0,52.0,710.0,40.0,865.0,2008.0,1.0
18127,2.0,0.0,104676.0,0.0,190.0,23.3,103294.0,1.0,170.0,30.4,3.0,6.0,53.0,1077.0,61.0,998.0,2009.0,0.0
91692,1.0,4.0,102854.0,1.0,193.0,27.6,103835.0,1.0,183.0,22.6,3.0,6.0,16.0,1385.0,54.0,679.0,2004.0,1.0
119071,3.0,0.0,104542.0,1.0,188.0,26.7,104792.0,1.0,193.0,25.3,3.0,2.0,6.0,4335.0,16.0,1910.0,2012.0,0.0
96686,3.0,0.0,105676.0,1.0,180.0,30.2,104871.0,1.0,188.0,34.0,3.0,5.0,14.0,2760.0,64.0,1020.0,2021.0,1.0
200774,1.0,0.0,104620.0,1.0,183.0,22.6,103852.0,0.0,188.0,26.6,3.0,8.0,47.0,721.0,34.0,950.0,2008.0,0.0
191487,3.0,0.0,105577.0,1.0,193.0,25.3,105379.0,1.0,181.0,26.2,3.0,5.0,43.0,995.0,48.0,857.0,2015.0,0.0
107558,3.0,0.0,106426.0,1.0,185.0,24.4,106233.0,1.0,185.0,27.1,3.0,5.0,22.0,2135.0,3.0,9125.0,2020.0,1.0
47802,3.0,4.0,104918.0,1.0,190.0,27.8,105385.0,0.0,183.0,25.6,3.0,7.0,4.0,5695.0,44.0,964.0,2015.0,0.0
132451,1.0,0.0,106378.0,1.0,188.0,24.2,200005.0,0.0,188.0,20.7,3.0,6.0,22.0,1680.0,63.0,819.0,2019.0,0.0
66284,3.0,4.0,103970.0,1.0,175.0,26.9,104871.0,1.0,188.0,22.0,3.0,6.0,12.0,3025.0,48.0,1342.0,2009.0,0.0
139786,3.0,0.0,103344.0,1.0,193.0,31.6,103656.0,1.0,175.0,29.9,3.0,9.0,17.0,2100.0,23.0,1530.0,2010.0,0.0
89276,3.0,4.0,105223.0,1.0,198.0,20.0,103813.0,0.0,185.0,27.2,3.0,6.0,9.0,1685.0,33.0,1030.0,2008.0,0.0
33223,3.0,4.0,202104.0,1.0,170.0,21.6,106401.0,1.0,193.0,27.2,3.0,7.0,32.0,1263.0,37.0,1205.0,2022.0,1.0
123286,2.0,0.0,104259.0,1.0,178.0,32.6,103333.0,1.0,208.0,37.2,3.0,5.0,25.0,1555.0,28.0,1405.0,2016.0,0.0
4158,1.0,4.0,104925.0,1.0,188.0,20.9,103344.0,1.0,193.0,29.0,3.0,6.0,3.0,4725.0,29.0,1070.0,2008.0,0.0
6858,3.0,0.0,200221.0,1.0,183.0,21.3,106043.0,1.0,170.0,28.1,3.0,3.0,64.0,928.0,9.0,3180.0,2020.0,1.0
100416,2.0,0.0,104019.0,1.0,193.0,23.9,104607.0,1.0,196.0,20.7,3.0,9.0,42.0,822.0,15.0,1505.0,2006.0,1.0
199457,1.0,1.0,104607.0,1.0,196.0,26.5,104678.0,1.0,193.0,26.1,5.0,8.0,7.0,3725.0,27.0,1295.0,2012.0,0.0
182953,3.0,4.0,104745.0,0.0,185.0,17.8,103819.0,1.0,185.0,22.6,3.0,6.0,34.0,973.0,1.0,5635.0,2004.0,0.0
163168,2.0,0.0,106214.0,1.0,196.0,28.9,111575.0,1.0,198.0,26.0,3.0,3.0,51.0,1000.0,23.0,1710.0,2022.0,0.0
203583,1.0,0.0,105453.0,1.0,178.0,25.3,105373.0,0.0,190.0,25.7,3.0,9.0,5.0,5280.0,28.0,1272.0,2015.0,0.0
135666,3.0,0.0,208029.0,1.0,185.0,19.4,200282.0,1.0,183.0,23.6,3.0,6.0,25.0,1703.0,24.0,1745.0,2022.0,0.0
42864,1.0,0.0,104655.0,1.0,180.0,32.1,104792.0,1.0,193.0,31.4,3.0,6.0,32.0,1380.0,43.0,1175.0,2018.0,1.0
9074,3.0,4.0,105332.0,1.0,196.0,26.4,104468.0,1.0,183.0,30.8,3.0,6.0,23.0,1528.0,15.0,2100.0,2015.0,1.0
36331,3.0,4.0,103843.0,1.0,185.0,28.5,104252.0,1.0,190.0,26.4,3.0,4.0,57.0,764.0,49.0,879.0,2010.0,1.0
21658,3.0,0.0,111575.0,1.0,198.0,26.4,105554.0,1.0,175.0,32.4,3.0,5.0,18.0,1945.0,26.0,1515.0,2022.0,1.0
196978,1.0,3.0,103018.0,1.0,196.0,27.8,104076.0,1.0,190.0,22.5,5.0,4.0,40.0,880.0,62.0,631.0,2005.0,1.0
186825,1.0,0.0,104999.0,0.0,190.0,29.7,104545.0,1.0,206.0,32.0,3.0,5.0,33.0,1165.0,22.0,2020.0,2017.0,0.0
847,1.0,0.0,104198.0,1.0,188.0,25.2,104597.0,1.0,183.0,23.0,3.0,5.0,64.0,636.0,18.0,1305.0,2008.0,0.0
128101,3.0,4.0,104417.0,1.0,193.0,22.5,103602.0,1.0,183.0,26.5,3.0,6.0,27.0,1058.0,5.0,2685.0,2007.0,1.0
205749,3.0,4.0,105453.0,1.0,178.0,31.6,128034.0,1.0,196.0,24.4,3.0,6.0,55.0,1173.0,13.0,3118.0,2021.0,1.0
97011,1.0,3.0,102703.0,1.0,180.0,29.3,103970.0,1.0,175.0,23.1,5.0,6.0,58.0,681.0,21.0,1225.0,2005.0,1.0
92167,3.0,4.0,104792.0,1.0,193.0,22.9,103498.0,1.0,193.0,29.5,3.0,7.0,13.0,2640.0,61.0,865.0,2009.0,0.0
162232,3.0,0.0,104925.0,1.0,188.0,28.3,104620.0,1.0,183.0,29.9,3.0,6.0,1.0,15645.0,59.0,790.0,2015.0,0.0
63954,3.0,0.0,104542.0,1.0,188.0,31.8,105227.0,1.0,198.0,28.3,3.0,3.0,14.0,2730.0,7.0,3470.0,2017.0,0.0
185335,2.0,0.0,104417.0,1.0,193.0,22.8,104571.0,1.0,183.0,21.9,3.0,5.0,28.0,965.0,18.0,1490.0,2007.0,1.0
29816,3.0,1.0,104259.0,1.0,178.0,33.2,104327.0,1.0,178.0,32.8,5.0,8.0,29.0,1405.0,58.0,787.0,2017.0,1.0
80426,2.0,0.0,104755.0,1.0,185.0,26.9,104252.0,1.0,190.0,29.6,3.0,3.0,9.0,3090.0,33.0,1175.0,2013.0,0.0
172016,1.0,0.0,103507.0,1.0,183.0,25.1,103852.0,0.0,188.0,23.5,3.0,6.0,58.0,685.0,27.0,1155.0,2005.0,0.0
107573,2.0,3.0,105373.0,0.0,190.0,25.9,104269.0,0.0,188.0,31.6,5.0,4.0,39.0,1100.0,43.0,1045.0,2015.0,1.0
43988,3.0,4.0,103507.0,1.0,183.0,23.6,101965.0,1.0,185.0,32.0,3.0,6.0,1.0,4195.0,28.0,1090.0,2003.0,0.0
151579,2.0,0.0,105932.0,1.0,185.0,27.3,126610.0,1.0,196.0,23.1,3.0,6.0,17.0,1970.0,22.0,1505.0,2019.0,1.0
42089,1.0,0.0,104252.0,1.0,190.0,26.7,103507.0,1.0,183.0,30.4,3.0,3.0,54.0,852.0,21.0,1745.0,2010.0,0.0
55858,3.0,4.0,103720.0,1.0,180.0,23.4,104745.0,0.0,185.0,18.1,3.0,7.0,10.0,1990.0,62.0,664.0,2004.0,0.0
90984,3.0,3.0,103835.0,1.0,183.0,21.9,102035.0,1.0,183.0,31.4,5.0,4.0,47.0,775.0,44.0,813.0,2003.0,1.0
23834,3.0,3.0,104527.0,1.0,183.0,31.8,105449.0,1.0,188.0,27.0,5.0,7.0,4.0,5155.0,30.0,1390.0,2017.0,0.0
22416,1.0,0.0,104745.0,0.0,185.0,21.1,104527.0,1.0,183.0,22.2,3.0,2.0,2.0,5225.0,50.0,690.0,2007.0,0.0
36784,1.0,3.0,106058.0,1.0,185.0,22.6,104745.0,0.0,185.0,28.9,5.0,5.0,37.0,1125.0,7.0,4570.0,2015.0,1.0
54315,3.0,3.0,104053.0,1.0,188.0,22.0,103084.0,1.0,185.0,26.7,5.0,6.0,2.0,4520.0,31.0,989.0,2004.0,0.0
33251,3.0,0.0,200000.0,1.0,193.0,21.2,111815.0,0.0,188.0,26.1,3.0,5.0,12.0,3196.0,14.0,2895.0,2021.0,0.0
94618,1.0,4.0,104527.0,1.0,183.0,30.1,103819.0,1.0,185.0,33.7,3.0,9.0,9.0,3575.0,2.0,8645.0,2015.0,1.0
11341,1.0,4.0,105554.0,1.0,175.0,30.3,128034.0,1.0,196.0,23.5,3.0,7.0,33.0,1384.0,31.0,1398.0,2020.0,1.0
40013,3.0,0.0,104607.0,1.0,196.0,28.3,103917.0,1.0,190.0,32.0,3.0,5.0,7.0,4540.0,44.0,968.0,2014.0,0.0
96963,3.0,4.0,105311.0,1.0,185.0,26.9,104925.0,1.0,188.0,28.8,3.0,6.0,38.0,1146.0,1.0,16540.0,2016.0,1.0
140774,3.0,0.0,104471.0,1.0,183.0,29.7,105453.0,1.0,178.0,24.7,3.0,6.0,61.0,780.0,7.0,4025.0,2014.0,1.0
919,3.0,0.0,105777.0,1.0,188.0,22.7,105208.0,1.0,190.0,25.4,3.0,3.0,22.0,1675.0,18.0,1788.0,2014.0,0.0
58679,1.0,4.0,104166.0,1.0,178.0,29.0,104792.0,1.0,193.0,25.7,3.0,7.0,44.0,961.0,14.0,2210.0,2012.0,1.0
64467,1.0,4.0,104259.0,1.0,178.0,34.5,105216.0,1.0,173.0,29.6,3.0,7.0,28.0,1450.0,46.0,1070.0,2018.0,0.0
107448,3.0,0.0,103970.0,1.0,175.0,32.8,105453.0,1.0,178.0,25.1,3.0,2.0,9.0,4185.0,5.0,5205.0,2015.0,0.0
143768,1.0,3.0,103720.0,1.0,180.0,25.2,104745.0,0.0,185.0,19.9,5.0,5.0,14.0,1580.0,2.0,4545.0,2006.0,1.0
119008,3.0,0.0,106401.0,1.0,193.0,23.8,105357.0,1.0,183.0,29.6,3.0,6.0,64.0,750.0,37.0,1088.0,2019.0,0.0
204482,3.0,0.0,105332.0,1.0,196.0,28.4,105449.0,1.0,188.0,27.8,3.0,6.0,40.0,1155.0,43.0,1090.0,2017.0,0.0
115181,3.0,4.0,105526.0,1.0,193.0,29.2,106421.0,1.0,198.0,23.4,3.0,5.0,36.0,1235.0,8.0,3230.0,2019.0,1.0
180556,1.0,4.0,124187.0,1.0,211.0,23.6,136440.0,0.0,180.0,27.0,3.0,7.0,46.0,1417.0,53.0,1177.0,2021.0,1.0
140605,3.0,0.0,105332.0,1.0,196.0,23.4,104607.0,1.0,196.0,27.0,3.0,6.0,52.0,803.0,6.0,4965.0,2012.0,1.0
10551,3.0,4.0,104338.0,1.0,185.0,27.6,104468.0,1.0,183.0,26.8,3.0,6.0,34.0,1200.0,14.0,2200.0,2011.0,0.0
33949,3.0,3.0,104545.0,1.0,206.0,32.3,104999.0,0.0,190.0,30.0,5.0,6.0,15.0,2425.0,27.0,1484.0,2017.0,1.0
122904,2.0,3.0,105932.0,1.0,185.0,27.3,105554.0,1.0,175.0,29.1,5.0,7.0,16.0,1960.0,61.0,860.0,2019.0,1.0
54149,1.0,4.0,105379.0,1.0,181.0,28.7,104745.0,0.0,185.0,31.8,3.0,6.0,58.0,877.0,1.0,8770.0,2018.0,1.0
63558,1.0,0.0,103018.0,1.0,196.0,27.7,102845.0,1.0,190.0,28.6,3.0,5.0,44.0,870.0,7.0,2185.0,2005.0,0.0
15021,1.0,3.0,105668.0,1.0,203.0,24.5,104919.0,1.0,188.0,28.0,5.0,7.0,50.0,940.0,22.0,1580.0,2015.0,1.0
90877,2.0,0.0,104312.0,1.0,190.0,24.3,104724.0,1.0,183.0,22.1,3.0,5.0,30.0,990.0,61.0,609.0,2008.0,0.0
152512,3.0,0.0,105668.0,1.0,203.0,23.2,103163.0,1.0,188.0,35.8,3.0,5.0,20.0,1705.0,12.0,2495.0,2014.0,0.0
157838,3.0,3.0,200282.0,1.0,183.0,21.5,106233.0,1.0,185.0,26.9,5.0,3.0,28.0,1485.0,3.0,7135.0,2020.0,1.0
85528,3.0,4.0,103566.0,0.0,190.0,30.8,105053.0,1.0,188.0,23.2,3.0,7.0,27.0,1370.0,44.0,1016.0,2011.0,0.0
58832,3.0,4.0,103602.0,1.0,183.0,28.6,103819.0,1.0,185.0,27.5,3.0,5.0,17.0,2650.0,2.0,11000.0,2009.0,1.0
191542,3.0,4.0,105064.0,0.0,188.0,24.7,105373.0,0.0,190.0,23.2,3.0,7.0,39.0,967.0,34.0,1148.0,2012.0,1.0
5324,3.0,0.0,103781.0,0.0,183.0,32.2,104792.0,1.0,193.0,26.9,3.0,2.0,32.0,1220.0,43.0,950.0,2013.0,0.0
138401,1.0,4.0,104542.0,1.0,188.0,27.9,104527.0,1.0,183.0,28.0,3.0,3.0,8.0,3695.0,17.0,2005.0,2013.0,0.0
58327,3.0,0.0,105223.0,1.0,198.0,25.2,104098.0,1.0,185.0,31.0,3.0,9.0,5.0,5255.0,32.0,1244.0,2014.0,0.0
124058,3.0,4.0,103908.0,1.0,185.0,26.7,104214.0,1.0,185.0,25.2,3.0,7.0,32.0,1000.0,20.0,1260.0,2008.0,1.0
119372,3.0,0.0,105526.0,1.0,193.0,28.4,133430.0,0.0,185.0,19.4,3.0,3.0,56.0,910.0,31.0,1295.0,2018.0,1.0
160292,1.0,4.0,104269.0,0.0,188.0,35.4,111575.0,1.0,198.0,22.9,3.0,6.0,38.0,1155.0,13.0,2685.0,2019.0,0.0
152090,3.0,0.0,105023.0,1.0,198.0,24.8,104731.0,1.0,203.0,26.2,3.0,3.0,38.0,1029.0,34.0,1180.0,2012.0,0.0
100176,2.0,0.0,105173.0,0.0,183.0,28.9,104542.0,1.0,188.0,32.1,3.0,6.0,62.0,766.0,10.0,3040.0,2017.0,1.0
60722,1.0,4.0,104527.0,1.0,183.0,24.0,105223.0,1.0,198.0,20.5,3.0,5.0,12.0,3015.0,5.0,4580.0,2009.0,1.0
8105,1.0,0.0,136440.0,0.0,180.0,27.0,105332.0,1.0,196.0,32.0,3.0,6.0,59.0,1105.0,36.0,1669.0,2021.0,0.0
177192,3.0,0.0,103852.0,0.0,188.0,30.9,105023.0,1.0,198.0,24.8,3.0,5.0,31.0,1220.0,28.0,1295.0,2012.0,1.0
174055,1.0,0.0,104417.0,1.0,193.0,21.9,102860.0,1.0,183.0,29.8,3.0,3.0,39.0,848.0,54.0,680.0,2006.0,1.0
112421,3.0,0.0,102450.0,1.0,185.0,30.4,102257.0,0.0,193.0,31.4,3.0,6.0,7.0,2310.0,46.0,845.0,2005.0,0.0
21975,3.0,4.0,103898.0,1.0,185.0,28.6,103566.0,0.0,190.0,30.2,3.0,7.0,32.0,1239.0,35.0,1215.0,2010.0,0.0
65452,3.0,0.0,103819.0,1.0,185.0,26.2,103333.0,1.0,208.0,28.6,3.0,9.0,1.0,7205.0,25.0,1295.0,2007.0,0.0
151651,2.0,3.0,104918.0,1.0,190.0,26.1,103990.0,1.0,180.0,31.1,5.0,6.0,2.0,8560.0,29.0,1355.0,2013.0,0.0
58887,3.0,4.0,103507.0,1.0,183.0,30.0,104338.0,1.0,185.0,25.9,3.0,6.0,14.0,2220.0,27.0,1430.0,2010.0,1.0
37007,2.0,3.0,104542.0,1.0,188.0,29.1,103781.0,0.0,183.0,33.0,5.0,4.0,17.0,1775.0,49.0,940.0,2014.0,0.0
128767,3.0,4.0,102845.0,1.0,190.0,26.9,102148.0,1.0,178.0,30.6,3.0,7.0,7.0,2640.0,60.0,626.0,2003.0,1.0
77139,3.0,0.0,105777.0,1.0,188.0,23.6,105373.0,0.0,190.0,25.4,3.0,3.0,11.0,3645.0,34.0,1094.0,2015.0,0.0
73827,1.0,0.0,101736.0,1.0,180.0,34.9,103206.0,1.0,175.0,26.8,3.0,3.0,10.0,2005.0,30.0,1045.0,2005.0,1.0
136422,1.0,0.0,104547.0,0.0,188.0,28.2,104122.0,1.0,183.0,30.4,3.0,5.0,58.0,817.0,43.0,920.0,2013.0,0.0
138321,3.0,0.0,106210.0,0.0,198.0,23.2,105676.0,1.0,180.0,25.8,3.0,5.0,52.0,863.0,14.0,2390.0,2016.0,1.0
189576,3.0,4.0,104312.0,1.0,190.0,27.7,104597.0,1.0,183.0,26.2,3.0,6.0,46.0,925.0,11.0,2380.0,2011.0,0.0
117508,3.0,4.0,104731.0,1.0,203.0,32.2,105676.0,1.0,180.0,27.6,3.0,5.0,6.0,4535.0,11.0,3085.0,2018.0,1.0
161252,3.0,0.0,106000.0,1.0,172.0,26.7,105916.0,1.0,188.0,27.0,3.0,6.0,50.0,950.0,35.0,1150.0,2019.0,1.0
127564,3.0,3.0,103163.0,1.0,188.0,28.4,103786.0,1.0,178.0,25.2,5.0,3.0,16.0,1525.0,6.0,2175.0,2006.0,1.0
161966,3.0,0.0,103169.0,1.0,180.0,29.7,103970.0,1.0,175.0,25.7,3.0,6.0,60.0,602.0,5.0,2750.0,2008.0,1.0
58650,3.0,4.0,104527.0,1.0,183.0,22.9,104607.0,1.0,196.0,22.4,3.0,7.0,35.0,955.0,10.0,1685.0,2008.0,0.0
148686,1.0,0.0,103908.0,1.0,185.0,34.2,106432.0,1.0,188.0,19.3,3.0,3.0,63.0,774.0,48.0,910.0,2016.0,1.0
185761,1.0,4.0,103917.0,1.0,190.0,26.3,104542.0,1.0,188.0,23.0,3.0,7.0,42.0,781.0,18.0,1385.0,2008.0,1.0
92225,3.0,4.0,103819.0,1.0,185.0,35.5,105449.0,1.0,188.0,27.1,3.0,6.0,10.0,3305.0,27.0,1415.0,2017.0,0.0
129101,3.0,0.0,106298.0,1.0,185.0,24.0,105138.0,1.0,183.0,29.8,3.0,2.0,15.0,2335.0,23.0,1845.0,2018.0,1.0
19887,3.0,0.0,103819.0,1.0,185.0,37.2,105936.0,1.0,185.0,26.6,3.0,6.0,3.0,6260.0,35.0,1235.0,2018.0,0.0
22414,1.0,3.0,103566.0,0.0,190.0,28.0,104620.0,1.0,183.0,22.6,5.0,6.0,41.0,831.0,47.0,721.0,2008.0,0.0
65905,1.0,0.0,104926.0,1.0,178.0,30.7,105379.0,1.0,181.0,28.5,3.0,3.0,21.0,1850.0,43.0,1098.0,2018.0,0.0
174506,1.0,0.0,104122.0,1.0,183.0,30.4,105373.0,0.0,190.0,24.0,3.0,6.0,46.0,895.0,38.0,1055.0,2013.0,0.0
185498,1.0,4.0,104338.0,1.0,185.0,26.1,104597.0,1.0,183.0,24.7,3.0,5.0,27.0,1425.0,35.0,1315.0,2010.0,1.0
55346,0.0,0.0,103387.0,1.0,185.0,27.3,103428.0,1.0,190.0,27.1,3.0,5.0,54.0,710.0,35.0,900.0,2006.0,0.0
26102,3.0,3.0,126610.0,1.0,196.0,23.3,104755.0,1.0,185.0,33.1,5.0,4.0,25.0,1535.0,36.0,1280.0,2019.0,0.0
159766,3.0,3.0,104468.0,1.0,183.0,27.0,103898.0,1.0,185.0,30.0,5.0,7.0,14.0,2005.0,39.0,1030.0,2012.0,1.0
37808,1.0,1.0,103813.0,0.0,185.0,25.6,104571.0,1.0,183.0,21.7,5.0,8.0,19.0,1250.0,18.0,1315.0,2007.0,1.0
198762,3.0,4.0,104068.0,1.0,183.0,22.8,103264.0,0.0,180.0,26.9,3.0,7.0,58.0,645.0,9.0,1762.0,2005.0,0.0
185663,3.0,4.0,102148.0,1.0,178.0,31.6,103507.0,1.0,183.0,24.4,3.0,7.0,58.0,692.0,7.0,2365.0,2004.0,0.0
86896,3.0,0.0,104053.0,1.0,188.0,22.0,102563.0,1.0,180.0,29.5,3.0,3.0,2.0,3770.0,48.0,753.0,2004.0,0.0
80987,3.0,0.0,106043.0,1.0,170.0,25.5,105992.0,1.0,183.0,25.8,3.0,5.0,18.0,2220.0,60.0,875.0,2018.0,1.0
61090,3.0,0.0,103898.0,1.0,185.0,30.7,104312.0,1.0,190.0,28.6,3.0,6.0,33.0,1205.0,25.0,1495.0,2012.0,1.0
25798,3.0,0.0,126094.0,1.0,188.0,22.3,105932.0,1.0,185.0,27.9,3.0,6.0,15.0,2174.0,28.0,1440.0,2020.0,0.0
206856,3.0,0.0,103484.0,1.0,185.0,23.5,101736.0,1.0,180.0,33.2,3.0,3.0,27.0,1075.0,1.0,3940.0,2003.0,1.0
43077,3.0,4.0,104745.0,0.0,185.0,27.7,104797.0,1.0,188.0,27.5,3.0,6.0,1.0,13130.0,57.0,810.0,2014.0,0.0
74248,3.0,0.0,104542.0,1.0,188.0,31.8,100644.0,1.0,198.0,19.8,3.0,9.0,14.0,2685.0,21.0,1735.0,2017.0,1.0
58056,3.0,0.0,104678.0,1.0,193.0,30.0,104571.0,1.0,183.0,30.6,3.0,6.0,22.0,1625.0,57.0,805.0,2016.0,1.0
74604,1.0,4.0,104269.0,0.0,188.0,26.4,104198.0,1.0,188.0,26.8,3.0,5.0,9.0,3555.0,42.0,989.0,2010.0,0.0
168662,3.0,0.0,105311.0,1.0,185.0,27.7,105077.0,0.0,188.0,28.9,3.0,6.0,44.0,1030.0,26.0,1435.0,2017.0,0.0
94535,1.0,3.0,144750.0,1.0,193.0,24.2,111815.0,0.0,188.0,25.7,5.0,7.0,54.0,1198.0,45.0,1430.0,2021.0,1.0
186570,1.0,3.0,103970.0,1.0,175.0,30.1,104719.0,1.0,190.0,26.1,5.0,5.0,6.0,4640.0,23.0,1385.0,2012.0,0.0
126142,3.0,0.0,104755.0,1.0,185.0,24.3,104678.0,1.0,193.0,24.7,3.0,3.0,27.0,1385.0,32.0,1225.0,2010.0,1.0
9647,3.0,0.0,105526.0,1.0,193.0,24.3,105583.0,1.0,180.0,24.2,3.0,6.0,61.0,773.0,59.0,780.0,2014.0,0.0
39995,3.0,4.0,105223.0,1.0,198.0,20.4,104386.0,1.0,180.0,24.7,3.0,6.0,7.0,4470.0,46.0,1350.0,2009.0,0.0
129948,3.0,4.0,134770.0,1.0,183.0,23.2,111815.0,0.0,188.0,26.5,3.0,5.0,8.0,3870.0,12.0,3395.0,2022.0,0.0
95900,3.0,0.0,126610.0,1.0,196.0,22.8,111575.0,1.0,198.0,22.7,3.0,5.0,53.0,904.0,11.0,2880.0,2019.0,0.0
17861,3.0,0.0,103819.0,1.0,185.0,38.2,126774.0,1.0,193.0,21.1,3.0,9.0,3.0,6950.0,7.0,3740.0,2019.0,0.0
61464,3.0,0.0,104417.0,1.0,193.0,24.4,105223.0,1.0,198.0,20.3,3.0,9.0,17.0,2650.0,9.0,3890.0,2009.0,1.0
62753,1.0,4.0,105668.0,1.0,203.0,22.4,105023.0,1.0,198.0,25.5,3.0,7.0,24.0,1389.0,18.0,1870.0,2013.0,0.0
137248,3.0,0.0,105777.0,1.0,188.0,28.4,126610.0,1.0,196.0,23.5,3.0,5.0,29.0,1432.0,11.0,2545.0,2019.0,1.0
8315,3.0,4.0,103151.0,1.0,183.0,25.4,103581.0,1.0,183.0,23.1,3.0,5.0,30.0,1048.0,56.0,668.0,2003.0,0.0
175699,3.0,4.0,104468.0,1.0,183.0,27.6,103163.0,1.0,188.0,34.3,3.0,6.0,14.0,2070.0,25.0,1418.0,2012.0,1.0
129440,3.0,1.0,103852.0,0.0,188.0,29.7,103888.0,1.0,188.0,29.5,5.0,8.0,31.0,1290.0,8.0,2650.0,2011.0,0.0
6218,1.0,4.0,103812.0,1.0,198.0,28.8,104214.0,1.0,185.0,26.8,3.0,7.0,38.0,1105.0,45.0,885.0,2010.0,0.0
201022,3.0,3.0,111575.0,1.0,198.0,26.2,134770.0,1.0,183.0,23.6,5.0,9.0,31.0,1315.0,7.0,4695.0,2022.0,1.0
125591,1.0,0.0,104259.0,1.0,178.0,32.5,103852.0,0.0,188.0,34.5,3.0,5.0,27.0,1330.0,23.0,1585.0,2016.0,0.0
136822,3.0,0.0,104053.0,1.0,188.0,29.4,104731.0,1.0,203.0,25.7,3.0,3.0,30.0,1290.0,36.0,1065.0,2012.0,1.0
205319,3.0,0.0,103163.0,1.0,188.0,29.5,103333.0,1.0,208.0,28.6,3.0,9.0,12.0,1880.0,25.0,1069.0,2007.0,1.0
21460,3.0,4.0,105077.0,0.0,188.0,33.5,105227.0,1.0,198.0,32.8,3.0,7.0,48.0,1378.0,39.0,1593.0,2021.0,1.0
30503,3.0,4.0,104559.0,1.0,188.0,28.7,104755.0,1.0,185.0,27.7,3.0,7.0,60.0,761.0,9.0,2950.0,2014.0,1.0
171624,1.0,3.0,106426.0,1.0,185.0,24.3,111575.0,1.0,198.0,24.3,5.0,6.0,19.0,2090.0,16.0,2200.0,2020.0,1.0
55343,3.0,4.0,103990.0,1.0,180.0,27.8,104571.0,1.0,183.0,24.7,3.0,5.0,23.0,1595.0,33.0,1235.0,2010.0,0.0
30245,3.0,3.0,104792.0,1.0,193.0,32.9,126610.0,1.0,196.0,23.3,5.0,3.0,13.0,2140.0,25.0,1535.0,2019.0,1.0
89323,1.0,0.0,102562.0,1.0,190.0,30.3,102845.0,1.0,190.0,28.9,3.0,9.0,24.0,1215.0,29.0,1130.0,2005.0,1.0
74204,3.0,0.0,103852.0,0.0,188.0,26.4,103970.0,1.0,175.0,25.9,3.0,3.0,41.0,785.0,4.0,2695.0,2008.0,0.0
13083,1.0,0.0,103507.0,1.0,183.0,23.2,102860.0,1.0,183.0,26.6,3.0,3.0,3.0,3210.0,28.0,1125.0,2003.0,0.0
153186,3.0,4.0,200282.0,1.0,183.0,19.6,100644.0,1.0,198.0,21.4,3.0,5.0,33.0,1238.0,5.0,4755.0,2018.0,1.0
35450,3.0,4.0,103909.0,1.0,175.0,22.1,101736.0,1.0,180.0,33.8,3.0,3.0,4.0,3240.0,5.0,2770.0,2004.0,1.0
140752,3.0,4.0,104214.0,1.0,185.0,25.0,104792.0,1.0,193.0,21.8,3.0,7.0,26.0,1065.0,39.0,913.0,2008.0,0.0
181143,3.0,0.0,103428.0,1.0,190.0,26.9,104076.0,1.0,190.0,23.8,3.0,5.0,35.0,940.0,27.0,1105.0,2006.0,0.0
106157,3.0,4.0,104022.0,1.0,183.0,20.7,103285.0,1.0,185.0,24.3,3.0,7.0,26.0,1155.0,50.0,737.0,2003.0,1.0
187504,1.0,0.0,102845.0,1.0,190.0,29.9,104925.0,1.0,188.0,19.1,3.0,9.0,42.0,830.0,28.0,1071.0,2006.0,1.0
160108,1.0,3.0,103507.0,1.0,183.0,27.2,104022.0,1.0,183.0,24.9,5.0,6.0,20.0,1355.0,15.0,1685.0,2007.0,1.0
158843,3.0,4.0,103917.0,1.0,190.0,34.7,105676.0,1.0,180.0,25.9,3.0,6.0,41.0,1057.0,12.0,2780.0,2016.0,1.0
19263,3.0,0.0,105732.0,1.0,188.0,27.7,106233.0,1.0,185.0,25.3,3.0,6.0,55.0,903.0,8.0,4095.0,2018.0,0.0
135559,2.0,0.0,104607.0,1.0,196.0,27.7,105227.0,1.0,198.0,24.6,3.0,3.0,6.0,4515.0,12.0,2570.0,2013.0,1.0
48415,3.0,4.0,105227.0,1.0,198.0,33.4,207989.0,1.0,185.0,18.8,3.0,6.0,23.0,1785.0,16.0,2414.0,2022.0,1.0
43630,3.0,1.0,105077.0,0.0,188.0,30.6,104755.0,1.0,185.0,32.2,3.0,8.0,55.0,950.0,24.0,1615.0,2018.0,0.0
199101,3.0,2.0,103909.0,1.0,175.0,21.8,102845.0,1.0,190.0,27.2,3.0,8.0,4.0,3230.0,7.0,2180.0,2003.0,0.0
129088,3.0,0.0,103598.0,1.0,185.0,31.1,105238.0,1.0,180.0,22.8,3.0,3.0,47.0,875.0,20.0,1700.0,2011.0,1.0
162582,3.0,4.0,103908.0,1.0,185.0,24.5,104068.0,1.0,183.0,23.8,3.0,7.0,57.0,690.0,18.0,1355.0,2006.0,1.0
75386,1.0,1.0,103694.0,1.0,168.0,29.1,104607.0,1.0,196.0,24.4,5.0,8.0,59.0,752.0,25.0,1590.0,2010.0,1.0
26804,1.0,4.0,103428.0,1.0,190.0,31.6,104545.0,1.0,206.0,26.0,3.0,7.0,42.0,1035.0,35.0,1150.0,2011.0,0.0
13505,3.0,0.0,103917.0,1.0,190.0,34.0,104871.0,1.0,188.0,28.9,3.0,5.0,54.0,812.0,28.0,1255.0,2016.0,0.0
80240,1.0,3.0,104755.0,1.0,185.0,29.9,106401.0,1.0,193.0,21.0,5.0,6.0,12.0,2725.0,19.0,1855.0,2016.0,0.0
177251,2.0,3.0,103285.0,1.0,185.0,27.5,102035.0,1.0,183.0,34.2,5.0,3.0,13.0,1710.0,59.0,638.0,2006.0,1.0
192225,2.0,3.0,104925.0,1.0,188.0,24.0,104571.0,1.0,183.0,26.0,5.0,6.0,2.0,12005.0,30.0,1295.0,2011.0,0.0
118706,3.0,0.0,104268.0,0.0,185.0,28.9,105223.0,1.0,198.0,24.0,3.0,6.0,54.0,794.0,8.0,3740.0,2012.0,1.0
181101,3.0,0.0,103852.0,0.0,188.0,34.8,103333.0,1.0,208.0,37.4,3.0,2.0,18.0,1835.0,24.0,1490.0,2016.0,1.0
58978,3.0,3.0,100644.0,1.0,198.0,22.7,104269.0,0.0,188.0,36.1,5.0,6.0,7.0,3345.0,51.0,1050.0,2020.0,0.0
45615,1.0,4.0,103018.0,1.0,196.0,28.8,104068.0,1.0,183.0,23.5,3.0,7.0,61.0,665.0,17.0,1450.0,2006.0,1.0
53484,3.0,0.0,105023.0,1.0,198.0,29.3,104745.0,0.0,185.0,30.7,3.0,2.0,40.0,1000.0,6.0,4115.0,2017.0,0.0
199399,3.0,4.0,104925.0,1.0,188.0,24.2,104792.0,1.0,193.0,24.9,3.0,3.0,1.0,13500.0,8.0,2995.0,2011.0,0.0
179210,1.0,3.0,103484.0,1.0,185.0,23.4,103758.0,1.0,188.0,22.0,5.0,4.0,27.0,1155.0,40.0,872.0,2003.0,0.0
178659,3.0,2.0,103819.0,1.0,185.0,25.2,103900.0,1.0,180.0,24.8,3.0,8.0,1.0,7620.0,7.0,2195.0,2006.0,0.0
50949,3.0,3.0,200282.0,1.0,183.0,22.9,207518.0,1.0,185.0,19.8,5.0,4.0,42.0,1316.0,60.0,1004.0,2022.0,0.0
169815,1.0,4.0,105453.0,1.0,178.0,26.3,106401.0,1.0,193.0,21.0,3.0,3.0,6.0,4290.0,21.0,1705.0,2016.0,0.0
33250,3.0,4.0,104269.0,0.0,188.0,23.9,103333.0,1.0,208.0,28.6,3.0,7.0,27.0,1050.0,24.0,1365.0,2007.0,1.0
101225,1.0,0.0,105373.0,0.0,190.0,23.7,104259.0,1.0,178.0,29.5,3.0,5.0,31.0,1205.0,21.0,1690.0,2013.0,1.0
182594,3.0,4.0,104678.0,1.0,193.0,31.7,106043.0,1.0,170.0,25.2,3.0,7.0,53.0,915.0,25.0,1720.0,2017.0,1.0
155756,1.0,0.0,103852.0,0.0,188.0,21.6,102950.0,1.0,180.0,26.1,3.0,6.0,56.0,722.0,57.0,706.0,2003.0,1.0
93137,3.0,4.0,105173.0,0.0,183.0,27.1,106058.0,1.0,185.0,22.8,3.0,7.0,30.0,1210.0,35.0,1115.0,2015.0,1.0
162676,1.0,3.0,105053.0,1.0,188.0,24.5,104918.0,1.0,190.0,25.0,5.0,6.0,50.0,868.0,4.0,7500.0,2012.0,1.0
106242,3.0,3.0,106298.0,1.0,185.0,23.5,106043.0,1.0,170.0,25.0,5.0,5.0,20.0,2210.0,33.0,1280.0,2017.0,1.0
152695,3.0,0.0,104797.0,1.0,188.0,29.3,104312.0,1.0,190.0,31.8,3.0,6.0,61.0,781.0,29.0,1270.0,2016.0,1.0
177111,1.0,0.0,104755.0,1.0,185.0,22.0,102860.0,1.0,183.0,31.8,3.0,9.0,15.0,1310.0,52.0,745.0,2008.0,0.0
81702,3.0,4.0,105683.0,1.0,196.0,22.6,104545.0,1.0,206.0,28.2,3.0,5.0,10.0,2645.0,22.0,1585.0,2013.0,1.0
173412,1.0,0.0,105676.0,1.0,180.0,24.6,105064.0,0.0,188.0,27.5,3.0,9.0,14.0,2145.0,39.0,1065.0,2015.0,0.0
188578,3.0,4.0,105385.0,0.0,183.0,27.6,105453.0,1.0,178.0,27.1,3.0,5.0,60.0,801.0,5.0,4730.0,2017.0,1.0
144988,3.0,3.0,104925.0,1.0,188.0,31.2,105916.0,1.0,188.0,26.5,5.0,4.0,6.0,4445.0,41.0,1072.0,2018.0,0.0
58653,1.0,4.0,103908.0,1.0,185.0,24.3,102563.0,1.0,180.0,31.1,3.0,7.0,38.0,860.0,14.0,1490.0,2006.0,0.0
69307,3.0,4.0,104745.0,0.0,185.0,21.4,103900.0,1.0,180.0,25.8,3.0,2.0,2.0,5385.0,21.0,1375.0,2007.0,1.0
87988,3.0,0.0,104269.0,0.0,188.0,24.1,103852.0,0.0,188.0,26.2,3.0,6.0,27.0,1050.0,36.0,840.0,2008.0,0.0
98466,3.0,3.0,104792.0,1.0,193.0,29.3,105683.0,1.0,196.0,25.0,5.0,3.0,25.0,1485.0,14.0,2270.0,2016.0,1.0
146997,3.0,4.0,105077.0,0.0,188.0,34.5,104926.0,1.0,178.0,35.2,3.0,7.0,40.0,1085.0,61.0,756.0,2022.0,1.0
21449,3.0,4.0,105554.0,1.0,175.0,30.2,105683.0,1.0,196.0,29.6,3.0,6.0,28.0,1359.0,30.0,1350.0,2020.0,1.0
205052,3.0,4.0,103602.0,1.0,183.0,27.6,103084.0,1.0,185.0,30.3,3.0,6.0,18.0,1445.0,15.0,1505.0,2008.0,1.0
178751,2.0,0.0,103908.0,1.0,185.0,21.4,104022.0,1.0,183.0,20.9,3.0,6.0,56.0,691.0,29.0,1130.0,2003.0,1.0
155575,0.0,0.0,104269.0,0.0,188.0,23.9,104918.0,1.0,190.0,20.4,3.0,2.0,30.0,935.0,16.0,1480.0,2007.0,1.0
77843,3.0,4.0,103852.0,0.0,188.0,29.4,104745.0,0.0,185.0,24.7,3.0,6.0,41.0,1050.0,1.0,12630.0,2011.0,1.0
33224,3.0,3.0,103498.0,1.0,193.0,24.9,103720.0,1.0,180.0,23.8,5.0,2.0,4.0,3060.0,3.0,3590.0,2005.0,0.0
189896,3.0,2.0,104745.0,0.0,185.0,33.4,126774.0,1.0,193.0,21.2,3.0,8.0,1.0,9585.0,6.0,4000.0,2019.0,0.0
124664,3.0,4.0,104068.0,1.0,183.0,26.0,103786.0,1.0,178.0,27.3,3.0,6.0,63.0,660.0,6.0,2260.0,2008.0,0.0
125956,0.0,0.0,102450.0,1.0,185.0,31.4,104755.0,1.0,185.0,19.6,3.0,5.0,43.0,800.0,17.0,1516.0,2006.0,0.0
118353,3.0,4.0,124187.0,1.0,211.0,21.5,105526.0,1.0,193.0,28.8,3.0,4.0,58.0,858.0,45.0,990.0,2019.0,0.0
56712,2.0,3.0,103970.0,1.0,175.0,34.2,104534.0,1.0,175.0,31.2,5.0,4.0,14.0,2605.0,63.0,781.0,2016.0,0.0
51924,2.0,3.0,104607.0,1.0,196.0,24.7,104925.0,1.0,188.0,23.0,5.0,9.0,13.0,2825.0,3.0,6545.0,2010.0,0.0
92018,3.0,3.0,105430.0,1.0,175.0,29.7,100644.0,1.0,198.0,22.3,5.0,4.0,41.0,1137.0,6.0,4005.0,2019.0,1.0
62640,3.0,4.0,101736.0,1.0,180.0,34.2,103781.0,0.0,183.0,23.1,3.0,6.0,11.0,1945.0,61.0,672.0,2004.0,1.0
104165,2.0,0.0,103786.0,1.0,178.0,31.1,105453.0,1.0,178.0,22.5,3.0,6.0,48.0,885.0,18.0,1680.0,2012.0,1.0
85119,3.0,4.0,104719.0,1.0,190.0,27.4,104925.0,1.0,188.0,26.3,3.0,6.0,36.0,1110.0,2.0,11120.0,2013.0,1.0
112767,1.0,0.0,104755.0,1.0,185.0,24.1,103656.0,1.0,175.0,29.6,3.0,3.0,47.0,930.0,23.0,1600.0,2010.0,0.0
175733,2.0,3.0,103813.0,0.0,185.0,31.9,103566.0,0.0,190.0,33.1,5.0,4.0,38.0,1075.0,53.0,844.0,2013.0,1.0
159797,0.0,0.0,104327.0,1.0,178.0,24.6,103898.0,1.0,185.0,26.8,3.0,3.0,58.0,693.0,56.0,704.0,2008.0,1.0
170174,2.0,3.0,104545.0,1.0,206.0,31.1,104542.0,1.0,188.0,31.1,5.0,6.0,17.0,2055.0,12.0,2725.0,2016.0,1.0
158695,3.0,0.0,104719.0,1.0,190.0,27.7,106071.0,1.0,193.0,21.2,3.0,6.0,36.0,1155.0,52.0,910.0,2014.0,1.0
188614,3.0,0.0,104332.0,1.0,185.0,26.7,103852.0,0.0,188.0,29.2,3.0,6.0,57.0,839.0,32.0,1300.0,2011.0,1.0
180235,3.0,0.0,106065.0,1.0,185.0,26.0,105173.0,0.0,183.0,30.2,3.0,5.0,19.0,1838.0,49.0,1030.0,2018.0,1.0
180687,3.0,3.0,103970.0,1.0,175.0,22.7,103900.0,1.0,180.0,23.0,5.0,4.0,50.0,790.0,9.0,1945.0,2005.0,1.0
78355,2.0,3.0,104571.0,1.0,183.0,21.0,104745.0,0.0,185.0,20.0,5.0,9.0,16.0,1494.0,2.0,4545.0,2006.0,1.0
35777,1.0,0.0,103428.0,1.0,190.0,27.4,103252.0,1.0,175.0,28.5,3.0,8.0,35.0,880.0,57.0,636.0,2007.0,0.0
11100,3.0,0.0,106432.0,1.0,188.0,20.7,105385.0,0.0,183.0,28.0,3.0,6.0,62.0,751.0,57.0,830.0,2017.0,0.0
117431,1.0,0.0,105676.0,1.0,180.0,28.3,126774.0,1.0,193.0,20.7,3.0,9.0,25.0,1450.0,10.0,3030.0,2019.0,1.0
2978,3.0,3.0,102845.0,1.0,190.0,29.0,102106.0,1.0,188.0,33.0,5.0,7.0,33.0,1030.0,59.0,639.0,2005.0,1.0
54855,1.0,4.0,103835.0,1.0,183.0,23.6,103852.0,0.0,188.0,23.6,3.0,6.0,31.0,1020.0,26.0,1170.0,2005.0,0.0
144451,3.0,0.0,104792.0,1.0,193.0,23.4,103898.0,1.0,185.0,28.1,3.0,3.0,13.0,2430.0,39.0,1004.0,2010.0,1.0
169605,3.0,4.0,102148.0,1.0,178.0,34.2,103344.0,1.0,193.0,28.0,3.0,6.0,56.0,640.0,7.0,2395.0,2007.0,1.0
677,0.0,0.0,102783.0,1.0,180.0,28.5,104745.0,0.0,185.0,18.3,3.0,6.0,23.0,1205.0,48.0,775.0,2004.0,0.0
86587,3.0,4.0,103781.0,0.0,183.0,32.3,104471.0,1.0,183.0,28.7,3.0,7.0,25.0,1425.0,29.0,1330.0,2013.0,0.0
43278,3.0,0.0,105676.0,1.0,180.0,30.2,126203.0,1.0,193.0,23.3,3.0,5.0,14.0,2760.0,33.0,1695.0,2021.0,1.0
198202,3.0,3.0,104527.0,1.0,183.0,20.8,103900.0,1.0,180.0,24.0,5.0,7.0,46.0,735.0,4.0,2370.0,2006.0,1.0
165067,3.0,0.0,105807.0,1.0,188.0,24.2,106058.0,1.0,185.0,23.0,3.0,6.0,60.0,789.0,32.0,1210.0,2015.0,1.0
159711,1.0,3.0,103598.0,1.0,185.0,30.8,104269.0,0.0,188.0,27.5,5.0,7.0,40.0,1070.0,20.0,1515.0,2011.0,1.0
98639,3.0,3.0,103813.0,0.0,185.0,33.0,103333.0,1.0,208.0,35.4,5.0,4.0,54.0,838.0,30.0,1220.0,2014.0,1.0
132533,3.0,4.0,105227.0,1.0,198.0,30.0,104259.0,1.0,178.0,35.0,3.0,6.0,7.0,4050.0,43.0,1080.0,2018.0,0.0
155405,3.0,2.0,103484.0,1.0,185.0,26.8,103819.0,1.0,185.0,25.2,5.0,2.0,8.0,2130.0,1.0,7620.0,2006.0,1.0
76529,2.0,0.0,200325.0,1.0,188.0,23.1,125802.0,1.0,193.0,28.2,3.0,5.0,62.0,945.0,49.0,1035.0,2022.0,1.0
20071,3.0,0.0,102703.0,1.0,180.0,30.7,104098.0,1.0,185.0,23.8,3.0,5.0,57.0,671.0,20.0,1280.0,2006.0,0.0
132867,3.0,2.0,200000.0,1.0,193.0,22.2,126203.0,1.0,193.0,25.0,3.0,8.0,6.0,3995.0,9.0,2955.0,2022.0,1.0
45533,1.0,4.0,106421.0,1.0,198.0,23.1,104925.0,1.0,188.0,31.8,3.0,3.0,14.0,2295.0,1.0,11070.0,2019.0,0.0
130119,3.0,3.0,104745.0,0.0,185.0,31.6,106043.0,1.0,170.0,25.4,5.0,5.0,1.0,10600.0,26.0,1675.0,2018.0,0.0
7405,3.0,3.0,104731.0,1.0,203.0,26.6,104607.0,1.0,196.0,27.3,5.0,5.0,31.0,1170.0,6.0,4680.0,2013.0,1.0
131952,1.0,0.0,111815.0,0.0,188.0,25.6,106426.0,1.0,185.0,24.9,3.0,3.0,50.0,1200.0,22.0,2318.0,2021.0,0.0
92108,3.0,4.0,103819.0,1.0,185.0,28.0,103720.0,1.0,180.0,28.4,3.0,3.0,1.0,11040.0,42.0,1105.0,2009.0,0.0
40195,3.0,0.0,105227.0,1.0,198.0,31.3,133430.0,0.0,185.0,20.8,3.0,5.0,39.0,1205.0,15.0,2075.0,2020.0,1.0
110339,1.0,4.0,104755.0,1.0,185.0,20.9,103781.0,0.0,183.0,25.9,3.0,6.0,13.0,1870.0,35.0,865.0,2007.0,1.0
143894,1.0,3.0,106298.0,1.0,185.0,23.2,105077.0,0.0,188.0,29.3,5.0,6.0,17.0,2320.0,20.0,2065.0,2017.0,1.0
175899,3.0,0.0,104259.0,1.0,178.0,24.9,102967.0,1.0,188.0,31.5,3.0,6.0,32.0,1015.0,37.0,884.0,2008.0,0.0
181960,1.0,4.0,104745.0,0.0,185.0,32.9,126207.0,1.0,188.0,21.2,3.0,5.0,2.0,7765.0,37.0,1185.0,2019.0,0.0
64287,3.0,0.0,104468.0,1.0,183.0,32.1,106233.0,1.0,185.0,23.4,3.0,5.0,24.0,1470.0,8.0,3405.0,2017.0,1.0
163008,3.0,3.0,104597.0,1.0,183.0,25.0,103808.0,1.0,188.0,29.1,5.0,4.0,16.0,2150.0,55.0,870.0,2010.0,0.0
22325,0.0,0.0,103835.0,1.0,183.0,22.1,103344.0,1.0,193.0,24.5,3.0,6.0,49.0,772.0,47.0,795.0,2003.0,1.0
152648,3.0,4.0,104607.0,1.0,196.0,25.9,104338.0,1.0,185.0,27.3,3.0,6.0,9.0,2420.0,39.0,1135.0,2011.0,0.0
153788,3.0,4.0,104022.0,1.0,183.0,31.1,103781.0,0.0,183.0,32.2,3.0,7.0,25.0,1440.0,33.0,1220.0,2013.0,0.0
129568,3.0,4.0,104417.0,1.0,193.0,22.1,103507.0,1.0,183.0,26.6,3.0,6.0,29.0,988.0,22.0,1175.0,2006.0,0.0
165722,3.0,4.0,103819.0,1.0,185.0,21.6,102854.0,1.0,193.0,26.5,3.0,5.0,4.0,2740.0,14.0,1630.0,2003.0,0.0
6931,2.0,0.0,103344.0,1.0,193.0,25.2,102562.0,1.0,190.0,29.2,3.0,6.0,29.0,1040.0,19.0,1310.0,2004.0,1.0
34598,1.0,0.0,126774.0,1.0,193.0,23.6,125802.0,1.0,193.0,28.1,3.0,6.0,5.0,5980.0,44.0,1109.0,2022.0,0.0
93795,2.0,0.0,104755.0,1.0,185.0,31.0,126207.0,1.0,188.0,19.4,3.0,6.0,27.0,1515.0,63.0,756.0,2017.0,0.0
190087,3.0,4.0,102998.0,1.0,190.0,25.7,102783.0,1.0,180.0,26.8,3.0,7.0,40.0,900.0,12.0,1670.0,2003.0,1.0
69833,1.0,4.0,104898.0,1.0,190.0,27.0,104098.0,1.0,185.0,31.3,3.0,7.0,50.0,947.0,33.0,1200.0,2014.0,1.0
84896,3.0,4.0,104022.0,1.0,183.0,26.0,103017.0,1.0,183.0,31.0,3.0,6.0,16.0,1270.0,37.0,920.0,2008.0,1.0
70077,3.0,4.0,104731.0,1.0,203.0,24.8,104198.0,1.0,188.0,27.7,3.0,7.0,40.0,1058.0,26.0,1345.0,2011.0,0.0
111656,3.0,4.0,128034.0,1.0,196.0,25.4,200325.0,1.0,188.0,23.3,3.0,6.0,10.0,3015.0,44.0,991.0,2022.0,0.0
204751,1.0,0.0,104542.0,1.0,188.0,23.0,104468.0,1.0,183.0,23.3,3.0,9.0,15.0,1420.0,36.0,900.0,2008.0,1.0
8483,1.0,4.0,103598.0,1.0,185.0,22.7,103344.0,1.0,193.0,24.1,3.0,7.0,26.0,1140.0,46.0,795.0,2003.0,1.0
49242,2.0,3.0,104571.0,1.0,183.0,30.0,105385.0,0.0,183.0,25.9,5.0,4.0,54.0,880.0,58.0,830.0,2015.0,0.0
155758,3.0,0.0,103819.0,1.0,185.0,34.4,105683.0,1.0,196.0,25.0,3.0,2.0,3.0,8265.0,14.0,2170.0,2016.0,1.0
115210,1.0,4.0,105077.0,0.0,188.0,30.3,104655.0,1.0,180.0,32.3,3.0,6.0,42.0,1145.0,47.0,1060.0,2018.0,1.0
139168,1.0,4.0,126774.0,1.0,193.0,20.7,104269.0,0.0,188.0,35.4,3.0,5.0,9.0,3190.0,38.0,1155.0,2019.0,0.0
113311,3.0,4.0,111575.0,1.0,198.0,22.3,126774.0,1.0,193.0,20.1,3.0,6.0,27.0,1605.0,15.0,1987.0,2018.0,1.0
54906,1.0,3.0,103812.0,1.0,198.0,31.8,106071.0,1.0,193.0,20.5,5.0,4.0,54.0,815.0,61.0,775.0,2013.0,0.0
174424,3.0,0.0,111575.0,1.0,198.0,21.7,104999.0,0.0,190.0,30.4,3.0,5.0,47.0,1030.0,53.0,952.0,2018.0,0.0
194122,1.0,4.0,104745.0,0.0,185.0,21.9,104925.0,1.0,188.0,20.9,3.0,9.0,2.0,5435.0,3.0,5125.0,2008.0,0.0
91542,3.0,3.0,102783.0,1.0,180.0,26.7,101736.0,1.0,180.0,32.7,5.0,2.0,36.0,945.0,2.0,3395.0,2003.0,1.0
129356,3.0,4.0,104745.0,0.0,185.0,33.4,133430.0,0.0,185.0,20.5,3.0,9.0,2.0,9225.0,28.0,1460.0,2019.0,1.0
162518,3.0,4.0,106415.0,0.0,170.0,27.0,207989.0,1.0,185.0,19.4,3.0,6.0,38.0,1105.0,1.0,6730.0,2022.0,1.0
101111,3.0,0.0,103582.0,0.0,193.0,30.3,104198.0,1.0,188.0,27.3,3.0,6.0,53.0,915.0,29.0,1345.0,2010.0,0.0
88256,2.0,0.0,104417.0,1.0,193.0,19.8,103387.0,1.0,185.0,25.0,3.0,9.0,44.0,770.0,14.0,1535.0,2004.0,1.0
133037,3.0,0.0,104597.0,1.0,183.0,22.9,104792.0,1.0,193.0,21.9,3.0,7.0,12.0,1390.0,43.0,863.0,2008.0,1.0
35660,3.0,4.0,104527.0,1.0,183.0,22.3,102703.0,1.0,180.0,31.5,3.0,7.0,53.0,665.0,36.0,806.0,2007.0,0.0
144956,1.0,0.0,104745.0,0.0,185.0,29.1,104312.0,1.0,190.0,31.4,3.0,9.0,10.0,3000.0,26.0,1355.0,2015.0,0.0
44938,3.0,0.0,103598.0,1.0,185.0,25.9,103484.0,1.0,185.0,26.5,3.0,9.0,42.0,826.0,6.0,2155.0,2006.0,1.0
174656,1.0,3.0,207989.0,1.0,185.0,19.0,200624.0,1.0,196.0,21.8,5.0,6.0,6.0,4648.0,30.0,1326.0,2022.0,0.0
176217,1.0,0.0,104719.0,1.0,190.0,27.9,105643.0,0.0,190.0,23.5,3.0,9.0,36.0,1110.0,43.0,1009.0,2014.0,0.0
124691,3.0,0.0,104745.0,0.0,185.0,19.2,103507.0,1.0,183.0,25.5,3.0,9.0,2.0,4360.0,23.0,1225.0,2005.0,0.0
29206,0.0,0.0,103602.0,1.0,183.0,25.2,103103.0,1.0,183.0,27.8,3.0,9.0,17.0,1480.0,22.0,1311.0,2005.0,0.0
71337,1.0,0.0,106234.0,1.0,185.0,28.8,202103.0,1.0,185.0,23.9,3.0,3.0,40.0,1062.0,39.0,1064.0,2022.0,1.0
47572,1.0,4.0,126094.0,1.0,188.0,24.5,126774.0,1.0,193.0,23.7,3.0,3.0,8.0,4025.0,5.0,5690.0,2022.0,1.0
158628,3.0,4.0,104731.0,1.0,203.0,28.2,104527.0,1.0,183.0,29.3,3.0,5.0,21.0,1605.0,4.0,5770.0,2014.0,0.0
52381,1.0,4.0,100644.0,1.0,198.0,21.0,106378.0,1.0,188.0,23.3,3.0,5.0,3.0,6015.0,19.0,1905.0,2018.0,0.0
204724,3.0,0.0,103786.0,1.0,178.0,27.3,103722.0,1.0,180.0,27.6,3.0,6.0,5.0,2400.0,53.0,703.0,2008.0,0.0
92365,3.0,0.0,104198.0,1.0,188.0,26.3,103752.0,1.0,185.0,28.5,3.0,5.0,49.0,859.0,59.0,767.0,2009.0,0.0
139851,1.0,0.0,104792.0,1.0,193.0,22.4,104076.0,1.0,190.0,26.3,3.0,9.0,10.0,3340.0,43.0,1490.0,2009.0,0.0
9127,3.0,4.0,102845.0,1.0,190.0,28.5,102563.0,1.0,180.0,29.9,3.0,6.0,6.0,2295.0,27.0,1163.0,2005.0,1.0
61732,3.0,4.0,103017.0,1.0,183.0,27.0,103498.0,1.0,193.0,24.4,3.0,7.0,25.0,1100.0,14.0,1425.0,2004.0,0.0
176383,3.0,4.0,106432.0,1.0,188.0,18.9,105227.0,1.0,198.0,27.0,3.0,6.0,40.0,1051.0,12.0,2350.0,2015.0,1.0
85694,1.0,3.0,126774.0,1.0,193.0,22.1,126094.0,1.0,188.0,22.9,5.0,3.0,6.0,5385.0,12.0,2614.0,2020.0,0.0
166539,2.0,3.0,104731.0,1.0,203.0,29.1,104919.0,1.0,188.0,28.1,5.0,6.0,14.0,2090.0,21.0,1605.0,2015.0,0.0
9893,1.0,0.0,103163.0,1.0,188.0,34.2,104468.0,1.0,183.0,27.5,3.0,5.0,48.0,838.0,12.0,2480.0,2012.0,0.0
30413,2.0,3.0,104607.0,1.0,196.0,23.7,103786.0,1.0,178.0,28.0,5.0,6.0,20.0,1910.0,11.0,2855.0,2009.0,0.0
113,3.0,0.0,104098.0,1.0,185.0,24.7,102381.0,1.0,188.0,33.4,3.0,6.0,29.0,950.0,62.0,584.0,2007.0,0.0
191481,2.0,0.0,104545.0,1.0,206.0,30.1,104678.0,1.0,193.0,29.3,3.0,3.0,18.0,1845.0,25.0,1354.0,2015.0,1.0
132824,1.0,4.0,105550.0,0.0,185.0,28.9,111513.0,1.0,188.0,23.8,3.0,7.0,35.0,1205.0,32.0,1246.0,2019.0,0.0
204657,1.0,4.0,104925.0,1.0,188.0,25.9,104926.0,1.0,178.0,25.8,3.0,9.0,1.0,12500.0,32.0,1135.0,2013.0,0.0
29448,3.0,0.0,103794.0,1.0,178.0,33.3,104259.0,1.0,178.0,30.9,3.0,3.0,45.0,938.0,23.0,1460.0,2014.0,1.0
168950,1.0,4.0,103835.0,1.0,183.0,25.6,104918.0,1.0,190.0,19.9,3.0,7.0,34.0,872.0,10.0,2120.0,2007.0,0.0
142002,3.0,0.0,106378.0,1.0,188.0,22.6,105449.0,1.0,188.0,27.6,3.0,3.0,45.0,1007.0,46.0,1000.0,2017.0,0.0
18939,3.0,0.0,104792.0,1.0,193.0,24.9,104098.0,1.0,185.0,28.6,3.0,5.0,7.0,2695.0,45.0,969.0,2011.0,0.0
73127,1.0,0.0,103917.0,1.0,190.0,32.3,104122.0,1.0,183.0,31.2,3.0,5.0,38.0,1067.0,48.0,950.0,2014.0,1.0
37473,3.0,0.0,104198.0,1.0,188.0,31.6,104527.0,1.0,183.0,29.8,3.0,5.0,27.0,1360.0,8.0,4050.0,2015.0,1.0
18516,3.0,0.0,106298.0,1.0,185.0,22.6,103852.0,0.0,188.0,35.0,3.0,6.0,17.0,2106.0,30.0,1375.0,2016.0,1.0
172180,3.0,0.0,103908.0,1.0,185.0,27.0,104925.0,1.0,188.0,21.6,3.0,5.0,29.0,2000.0,3.0,10590.0,2009.0,1.0
74125,3.0,0.0,104468.0,1.0,183.0,30.7,106210.0,0.0,198.0,22.2,3.0,5.0,10.0,2530.0,40.0,1042.0,2015.0,0.0
90921,2.0,0.0,126127.0,1.0,185.0,26.0,127157.0,1.0,191.0,23.7,3.0,3.0,56.0,946.0,64.0,868.0,2022.0,0.0
87818,3.0,4.0,126610.0,1.0,196.0,24.3,124187.0,1.0,211.0,22.9,3.0,5.0,8.0,2860.0,39.0,1177.0,2020.0,1.0
179296,3.0,4.0,104918.0,1.0,190.0,20.4,104755.0,1.0,185.0,21.3,3.0,3.0,12.0,1705.0,13.0,1680.0,2007.0,1.0
97436,3.0,3.0,105526.0,1.0,193.0,28.3,103898.0,1.0,185.0,36.6,5.0,7.0,58.0,905.0,60.0,891.0,2018.0,0.0
63409,3.0,4.0,103507.0,1.0,183.0,23.6,103819.0,1.0,185.0,22.1,3.0,9.0,1.0,4195.0,3.0,3825.0,2003.0,0.0
145955,3.0,4.0,104053.0,1.0,188.0,24.1,104607.0,1.0,196.0,21.0,3.0,5.0,6.0,2635.0,11.0,1860.0,2006.0,1.0
106760,2.0,0.0,103566.0,0.0,190.0,30.0,104198.0,1.0,188.0,27.0,3.0,2.0,46.0,914.0,41.0,1000.0,2010.0,0.0
129423,3.0,0.0,103909.0,1.0,175.0,20.9,102950.0,1.0,180.0,25.8,3.0,5.0,45.0,778.0,57.0,671.0,2003.0,0.0
90095,3.0,4.0,128034.0,1.0,196.0,22.7,105227.0,1.0,198.0,31.0,3.0,7.0,37.0,1198.0,24.0,1500.0,2019.0,1.0
36159,3.0,0.0,133430.0,0.0,185.0,21.4,126094.0,1.0,188.0,22.9,3.0,9.0,12.0,2695.0,10.0,2974.0,2020.0,1.0
148086,3.0,0.0,103781.0,0.0,183.0,29.7,105227.0,1.0,198.0,22.3,3.0,5.0,11.0,2910.0,28.0,1395.0,2011.0,1.0
132479,3.0,1.0,105227.0,1.0,198.0,33.1,106421.0,1.0,198.0,25.7,3.0,8.0,30.0,1710.0,2.0,8640.0,2021.0,1.0
32089,3.0,0.0,105332.0,1.0,196.0,32.3,200221.0,1.0,183.0,22.3,3.0,6.0,49.0,1295.0,43.0,1420.0,2021.0,0.0
54359,1.0,0.0,103900.0,1.0,180.0,30.3,104312.0,1.0,190.0,28.1,3.0,9.0,49.0,905.0,46.0,980.0,2012.0,1.0
24538,3.0,4.0,106401.0,1.0,193.0,20.9,105723.0,1.0,185.0,25.0,3.0,5.0,26.0,1405.0,51.0,890.0,2016.0,0.0
169287,1.0,3.0,104098.0,1.0,185.0,30.4,103812.0,1.0,198.0,31.8,5.0,7.0,60.0,794.0,54.0,815.0,2013.0,1.0
22474,3.0,0.0,105550.0,0.0,185.0,27.6,105077.0,0.0,188.0,29.9,3.0,6.0,64.0,774.0,23.0,1845.0,2018.0,0.0
143303,3.0,0.0,103852.0,0.0,188.0,29.2,104731.0,1.0,203.0,24.6,3.0,5.0,32.0,1300.0,61.0,813.0,2011.0,1.0
153779,2.0,0.0,104919.0,1.0,188.0,31.0,126207.0,1.0,188.0,20.4,3.0,5.0,38.0,1182.0,62.0,903.0,2018.0,1.0
129393,3.0,4.0,104022.0,1.0,183.0,25.1,103103.0,1.0,183.0,29.6,3.0,7.0,10.0,1880.0,31.0,915.0,2007.0,0.0
40547,3.0,4.0,105208.0,1.0,190.0,21.9,104918.0,1.0,190.0,23.2,3.0,5.0,27.0,1445.0,4.0,5305.0,2010.0,1.0
124233,3.0,0.0,105332.0,1.0,196.0,29.7,105676.0,1.0,180.0,28.1,3.0,5.0,59.0,795.0,24.0,1560.0,2019.0,1.0
177966,3.0,3.0,103720.0,1.0,180.0,23.5,103163.0,1.0,188.0,26.4,5.0,3.0,5.0,2605.0,45.0,780.0,2004.0,0.0
181284,3.0,0.0,111815.0,0.0,188.0,24.4,126203.0,1.0,193.0,22.3,3.0,6.0,60.0,885.0,38.0,1255.0,2020.0,0.0
19088,1.0,4.0,111815.0,0.0,188.0,26.6,105077.0,0.0,188.0,34.2,3.0,6.0,10.0,3440.0,37.0,1221.0,2022.0,1.0
23697,3.0,3.0,104607.0,1.0,196.0,21.3,102703.0,1.0,180.0,31.0,5.0,4.0,13.0,1670.0,49.0,747.0,2007.0,0.0
200055,3.0,0.0,104019.0,1.0,193.0,24.5,104597.0,1.0,183.0,21.3,3.0,5.0,39.0,875.0,32.0,925.0,2007.0,0.0
178110,3.0,4.0,104755.0,1.0,185.0,24.7,103781.0,0.0,183.0,29.7,3.0,6.0,21.0,1495.0,10.0,2740.0,2011.0,0.0
10315,3.0,0.0,105777.0,1.0,188.0,26.2,106421.0,1.0,198.0,21.4,3.0,5.0,11.0,3070.0,50.0,902.0,2017.0,1.0
120865,3.0,0.0,104468.0,1.0,183.0,30.1,104918.0,1.0,190.0,27.7,3.0,3.0,19.0,1755.0,4.0,5460.0,2015.0,0.0
87544,2.0,0.0,103206.0,1.0,175.0,25.0,103720.0,1.0,180.0,22.2,3.0,3.0,20.0,1360.0,1.0,4135.0,2003.0,0.0
109858,1.0,4.0,103819.0,1.0,185.0,29.7,104542.0,1.0,188.0,26.0,3.0,6.0,3.0,8900.0,18.0,1535.0,2011.0,0.0
34510,3.0,0.0,104755.0,1.0,185.0,22.5,103285.0,1.0,185.0,30.1,3.0,9.0,23.0,2320.0,26.0,2260.0,2009.0,1.0
152379,3.0,4.0,103602.0,1.0,183.0,28.6,103857.0,1.0,180.0,27.4,3.0,7.0,13.0,2850.0,37.0,1539.0,2009.0,0.0
195854,3.0,0.0,105373.0,0.0,190.0,26.6,106401.0,1.0,193.0,20.8,3.0,6.0,25.0,1420.0,33.0,1240.0,2016.0,1.0
105306,3.0,0.0,104386.0,1.0,180.0,26.3,103819.0,1.0,185.0,29.2,3.0,5.0,46.0,980.0,2.0,7495.0,2010.0,1.0
123447,3.0,0.0,104607.0,1.0,196.0,30.4,106401.0,1.0,193.0,20.8,3.0,9.0,8.0,3990.0,41.0,990.0,2016.0,1.0
80884,1.0,4.0,102783.0,1.0,180.0,27.9,103909.0,1.0,175.0,22.2,5.0,2.0,6.0,2270.0,4.0,3230.0,2004.0,1.0
167475,3.0,4.0,103819.0,1.0,185.0,29.5,104527.0,1.0,183.0,25.9,3.0,3.0,2.0,7965.0,14.0,2175.0,2011.0,0.0
164994,3.0,4.0,104339.0,1.0,196.0,21.3,104755.0,1.0,185.0,19.1,3.0,6.0,27.0,1175.0,15.0,1459.0,2005.0,0.0
204120,2.0,0.0,103720.0,1.0,180.0,22.2,103206.0,1.0,175.0,25.0,3.0,3.0,1.0,4135.0,20.0,1360.0,2003.0,1.0
59833,3.0,4.0,105430.0,1.0,175.0,29.7,106043.0,1.0,170.0,26.9,3.0,6.0,39.0,1132.0,24.0,1645.0,2019.0,1.0
94377,1.0,0.0,101736.0,1.0,180.0,32.9,104053.0,1.0,188.0,20.6,3.0,2.0,2.0,4295.0,6.0,2360.0,2003.0,0.0
171695,3.0,0.0,126094.0,1.0,188.0,21.9,105575.0,1.0,175.0,29.2,3.0,5.0,38.0,1236.0,63.0,892.0,2019.0,0.0
36511,3.0,3.0,134868.0,1.0,188.0,25.5,105807.0,1.0,188.0,30.5,5.0,7.0,62.0,1001.0,21.0,2305.0,2022.0,1.0
149965,3.0,4.0,124187.0,1.0,211.0,21.9,200282.0,1.0,183.0,20.4,3.0,6.0,42.0,1047.0,38.0,1225.0,2019.0,1.0
111415,2.0,0.0,103812.0,1.0,198.0,23.8,103344.0,1.0,193.0,26.2,3.0,6.0,57.0,670.0,17.0,1435.0,2005.0,1.0
197403,1.0,4.0,105777.0,1.0,188.0,29.9,144750.0,1.0,193.0,24.1,3.0,7.0,17.0,2576.0,54.0,1173.0,2021.0,1.0
16579,3.0,0.0,104926.0,1.0,178.0,31.3,126203.0,1.0,193.0,20.9,3.0,9.0,13.0,2120.0,62.0,825.0,2018.0,0.0
55785,3.0,4.0,103888.0,1.0,188.0,22.6,101736.0,1.0,180.0,34.2,3.0,7.0,19.0,1175.0,11.0,1890.0,2004.0,1.0
81989,3.0,0.0,104338.0,1.0,185.0,28.5,105777.0,1.0,188.0,21.3,3.0,6.0,10.0,2775.0,60.0,731.0,2012.0,0.0
38024,3.0,4.0,103970.0,1.0,175.0,25.9,102703.0,1.0,180.0,32.1,3.0,6.0,5.0,2730.0,52.0,657.0,2008.0,1.0
112254,1.0,4.0,105238.0,1.0,180.0,23.5,104269.0,0.0,188.0,28.4,3.0,7.0,18.0,1745.0,16.0,1810.0,2012.0,1.0
157197,3.0,3.0,103852.0,0.0,188.0,32.9,104471.0,1.0,183.0,29.6,5.0,4.0,21.0,1770.0,53.0,850.0,2014.0,0.0
12623,1.0,0.0,126207.0,1.0,188.0,20.2,104180.0,0.0,193.0,34.9,3.0,5.0,64.0,823.0,28.0,1465.0,2018.0,0.0
141410,3.0,3.0,103252.0,1.0,175.0,28.4,104918.0,1.0,190.0,19.6,5.0,4.0,60.0,641.0,16.0,1505.0,2007.0,1.0
36434,1.0,4.0,106415.0,0.0,170.0,25.5,105936.0,1.0,185.0,29.1,3.0,7.0,60.0,1052.0,36.0,1619.0,2021.0,0.0
70734,3.0,0.0,103917.0,1.0,190.0,26.0,103507.0,1.0,183.0,27.9,3.0,5.0,44.0,714.0,15.0,1515.0,2008.0,0.0
15774,3.0,3.0,104655.0,1.0,180.0,30.0,106401.0,1.0,193.0,20.7,5.0,7.0,41.0,1065.0,30.0,1260.0,2016.0,1.0
152348,3.0,3.0,103428.0,1.0,190.0,27.9,103344.0,1.0,193.0,28.4,5.0,6.0,22.0,1220.0,12.0,1780.0,2007.0,0.0
44238,1.0,4.0,103017.0,1.0,183.0,27.8,103909.0,1.0,175.0,23.2,3.0,6.0,30.0,1070.0,11.0,1915.0,2005.0,1.0
10441,1.0,4.0,103990.0,1.0,180.0,24.0,104339.0,1.0,196.0,22.1,3.0,9.0,12.0,1560.0,13.0,1505.0,2006.0,0.0
157661,3.0,4.0,105223.0,1.0,198.0,20.4,104745.0,0.0,185.0,22.7,3.0,3.0,6.0,4290.0,1.0,14360.0,2009.0,1.0
47389,3.0,3.0,106401.0,1.0,193.0,19.7,104918.0,1.0,190.0,27.6,5.0,3.0,53.0,830.0,6.0,4675.0,2015.0,1.0
127696,3.0,0.0,104022.0,1.0,183.0,23.5,103163.0,1.0,188.0,27.7,3.0,3.0,43.0,775.0,45.0,755.0,2006.0,1.0
21907,3.0,4.0,102035.0,1.0,183.0,32.3,103789.0,0.0,188.0,23.1,3.0,7.0,38.0,840.0,43.0,805.0,2004.0,0.0
17255,3.0,4.0,103888.0,1.0,188.0,27.2,104871.0,1.0,188.0,22.0,3.0,7.0,20.0,2505.0,48.0,1342.0,2009.0,1.0
54652,3.0,4.0,104545.0,1.0,206.0,31.3,104926.0,1.0,178.0,29.2,3.0,7.0,22.0,1610.0,38.0,1155.0,2016.0,0.0
187057,3.0,4.0,105643.0,0.0,190.0,26.4,105723.0,1.0,185.0,26.0,3.0,4.0,49.0,905.0,62.0,790.0,2017.0,0.0
27018,1.0,0.0,104417.0,1.0,193.0,26.7,104979.0,1.0,185.0,23.8,3.0,8.0,5.0,5435.0,45.0,1025.0,2011.0,0.0
162186,3.0,3.0,102905.0,0.0,175.0,30.6,105023.0,1.0,198.0,19.8,5.0,4.0,63.0,580.0,48.0,679.0,2007.0,0.0
72206,1.0,0.0,104620.0,1.0,183.0,22.5,104312.0,1.0,190.0,24.1,3.0,5.0,58.0,601.0,46.0,743.0,2008.0,0.0
36246,3.0,4.0,102610.0,1.0,180.0,28.7,103598.0,1.0,185.0,23.6,3.0,7.0,23.0,1145.0,63.0,595.0,2004.0,1.0
28407,1.0,0.0,105077.0,0.0,188.0,33.4,105643.0,0.0,190.0,30.7,3.0,5.0,41.0,1608.0,48.0,1345.0,2021.0,1.0
156748,1.0,0.0,104926.0,1.0,178.0,27.1,105138.0,1.0,183.0,26.2,3.0,9.0,15.0,2235.0,23.0,1625.0,2014.0,1.0
181630,3.0,3.0,103970.0,1.0,175.0,25.7,104925.0,1.0,188.0,20.6,5.0,3.0,5.0,2615.0,3.0,4315.0,2008.0,1.0
162892,1.0,4.0,106421.0,1.0,198.0,22.1,105916.0,1.0,188.0,26.1,3.0,7.0,49.0,984.0,59.0,864.0,2018.0,0.0
124220,3.0,4.0,102148.0,1.0,178.0,34.8,103656.0,1.0,175.0,26.9,3.0,7.0,39.0,731.0,44.0,690.0,2007.0,0.0
190514,3.0,0.0,104792.0,1.0,193.0,22.4,103566.0,0.0,190.0,28.7,3.0,5.0,12.0,3190.0,51.0,1350.0,2009.0,0.0
6999,3.0,3.0,104792.0,1.0,193.0,30.9,105676.0,1.0,180.0,26.7,5.0,6.0,22.0,1915.0,14.0,2525.0,2017.0,1.0
6192,3.0,0.0,126952.0,1.0,180.0,24.1,126239.0,1.0,196.0,26.4,3.0,5.0,53.0,1110.0,58.0,1057.0,2022.0,1.0
151018,1.0,0.0,104259.0,1.0,178.0,33.5,104547.0,0.0,188.0,32.0,3.0,5.0,39.0,1035.0,63.0,796.0,2017.0,1.0
77463,1.0,4.0,102642.0,1.0,190.0,29.7,103970.0,1.0,175.0,23.0,3.0,7.0,49.0,798.0,25.0,1210.0,2005.0,1.0
194206,1.0,4.0,103908.0,1.0,185.0,26.2,104386.0,1.0,180.0,23.8,3.0,7.0,12.0,1555.0,37.0,878.0,2008.0,1.0
143349,3.0,4.0,103280.0,1.0,196.0,25.3,102839.0,1.0,188.0,27.5,3.0,7.0,18.0,1350.0,62.0,588.0,2004.0,1.0
109775,3.0,0.0,103786.0,1.0,178.0,31.5,104022.0,1.0,183.0,30.5,3.0,5.0,44.0,885.0,25.0,1335.0,2012.0,0.0
14922,3.0,4.0,103898.0,1.0,185.0,28.6,104797.0,1.0,188.0,23.9,3.0,7.0,33.0,1229.0,53.0,877.0,2010.0,0.0
152179,3.0,3.0,104607.0,1.0,196.0,28.3,104527.0,1.0,183.0,28.7,5.0,9.0,7.0,4180.0,8.0,3890.0,2014.0,1.0
198736,2.0,3.0,104053.0,1.0,188.0,28.8,103852.0,0.0,188.0,29.7,5.0,6.0,10.0,2200.0,44.0,1020.0,2011.0,1.0
155250,3.0,4.0,104468.0,1.0,183.0,30.2,103970.0,1.0,175.0,32.9,3.0,5.0,14.0,2130.0,7.0,4580.0,2015.0,1.0
140030,1.0,0.0,102720.0,1.0,178.0,29.4,102318.0,1.0,183.0,31.4,3.0,6.0,57.0,647.0,41.0,825.0,2005.0,0.0
133976,3.0,3.0,103813.0,0.0,185.0,22.4,103454.0,1.0,183.0,24.2,5.0,4.0,37.0,1015.0,13.0,1559.0,2004.0,0.0
147572,3.0,4.0,104745.0,0.0,185.0,21.8,104607.0,1.0,196.0,22.5,3.0,9.0,2.0,5705.0,10.0,1685.0,2008.0,0.0
3097,3.0,3.0,104545.0,1.0,206.0,24.7,104918.0,1.0,190.0,22.6,5.0,5.0,28.0,1260.0,4.0,6780.0,2010.0,1.0
48428,3.0,2.0,103720.0,1.0,180.0,23.7,103819.0,1.0,185.0,23.2,3.0,2.0,3.0,3190.0,1.0,5585.0,2004.0,1.0
6968,3.0,0.0,125802.0,1.0,193.0,27.9,144750.0,1.0,193.0,24.9,3.0,6.0,48.0,1134.0,35.0,1477.0,2022.0,0.0
62449,3.0,4.0,105173.0,0.0,183.0,26.6,104918.0,1.0,190.0,27.8,3.0,5.0,38.0,1113.0,4.0,5425.0,2015.0,1.0
41267,1.0,0.0,103970.0,1.0,175.0,21.2,103909.0,1.0,175.0,21.4,3.0,5.0,63.0,637.0,7.0,2250.0,2003.0,1.0
103667,3.0,3.0,103990.0,1.0,180.0,27.3,104198.0,1.0,188.0,26.2,5.0,7.0,15.0,2165.0,50.0,984.0,2009.0,0.0
37752,1.0,0.0,103632.0,1.0,180.0,26.4,103084.0,1.0,185.0,29.2,3.0,8.0,50.0,720.0,63.0,584.0,2007.0,0.0
72650,2.0,0.0,111575.0,1.0,198.0,22.0,105453.0,1.0,178.0,28.4,3.0,5.0,36.0,1220.0,27.0,1530.0,2018.0,0.0
36520,3.0,0.0,104166.0,1.0,178.0,28.8,104755.0,1.0,185.0,25.6,3.0,5.0,33.0,1123.0,16.0,1855.0,2012.0,1.0
142404,3.0,0.0,106378.0,1.0,188.0,23.7,105932.0,1.0,185.0,26.6,3.0,9.0,16.0,1855.0,34.0,1257.0,2018.0,1.0
74750,2.0,3.0,105683.0,1.0,196.0,21.4,105053.0,1.0,188.0,24.5,5.0,4.0,22.0,1540.0,45.0,923.0,2012.0,0.0
186252,3.0,0.0,103252.0,1.0,175.0,27.1,103484.0,1.0,185.0,25.7,3.0,3.0,58.0,656.0,33.0,980.0,2005.0,1.0
112023,3.0,2.0,134770.0,1.0,183.0,22.8,111815.0,0.0,188.0,26.2,3.0,8.0,8.0,3760.0,12.0,2945.0,2021.0,0.0
106814,3.0,0.0,104312.0,1.0,190.0,34.6,105373.0,0.0,190.0,29.2,3.0,6.0,46.0,1051.0,47.0,1048.0,2018.0,0.0
166948,1.0,3.0,104745.0,0.0,185.0,35.9,134770.0,1.0,183.0,23.4,5.0,2.0,5.0,5525.0,8.0,3940.0,2022.0,0.0
122407,3.0,0.0,111575.0,1.0,198.0,25.6,105227.0,1.0,198.0,33.2,3.0,9.0,29.0,1731.0,30.0,1710.0,2022.0,0.0
110364,3.0,3.0,111575.0,1.0,198.0,23.6,106401.0,1.0,193.0,24.7,5.0,6.0,17.0,1995.0,26.0,1520.0,2020.0,1.0
115412,3.0,4.0,103888.0,1.0,188.0,30.6,103852.0,0.0,188.0,30.8,3.0,7.0,20.0,1715.0,31.0,1255.0,2012.0,0.0
167729,2.0,0.0,104053.0,1.0,188.0,21.7,103387.0,1.0,185.0,24.9,3.0,3.0,2.0,4695.0,14.0,1535.0,2004.0,0.0
58451,3.0,0.0,105916.0,1.0,188.0,29.0,105583.0,1.0,180.0,30.7,3.0,5.0,44.0,1382.0,26.0,1895.0,2021.0,0.0
85908,1.0,0.0,104655.0,1.0,180.0,34.1,106043.0,1.0,170.0,27.4,3.0,3.0,48.0,1017.0,14.0,2325.0,2020.0,1.0
111619,3.0,3.0,104925.0,1.0,188.0,28.2,105227.0,1.0,198.0,26.9,5.0,9.0,1.0,14865.0,9.0,3550.0,2015.0,0.0
80556,1.0,0.0,103507.0,1.0,183.0,25.3,104745.0,0.0,185.0,19.0,3.0,3.0,31.0,1150.0,3.0,3635.0,2005.0,1.0
30204,3.0,4.0,106065.0,1.0,185.0,26.0,104468.0,1.0,183.0,33.7,3.0,7.0,21.0,1768.0,31.0,1345.0,2018.0,0.0
143163,3.0,0.0,105932.0,1.0,185.0,25.5,105332.0,1.0,196.0,28.3,3.0,9.0,64.0,794.0,41.0,1085.0,2017.0,1.0
206435,1.0,4.0,104339.0,1.0,196.0,21.0,103285.0,1.0,185.0,26.4,3.0,7.0,19.0,1270.0,17.0,1330.0,2005.0,1.0
125817,3.0,3.0,103819.0,1.0,185.0,35.4,104999.0,0.0,190.0,29.4,5.0,3.0,17.0,1980.0,50.0,894.0,2017.0,0.0
135128,3.0,4.0,126207.0,1.0,188.0,20.1,104731.0,1.0,203.0,31.8,3.0,5.0,63.0,844.0,8.0,3235.0,2018.0,1.0
197057,3.0,3.0,104792.0,1.0,193.0,22.9,104076.0,1.0,190.0,26.8,5.0,6.0,13.0,2475.0,47.0,1030.0,2009.0,0.0
195066,2.0,0.0,104755.0,1.0,185.0,31.0,104898.0,1.0,190.0,30.2,3.0,3.0,30.0,1335.0,42.0,983.0,2017.0,0.0
173364,3.0,3.0,105227.0,1.0,198.0,31.3,105683.0,1.0,196.0,29.0,5.0,5.0,39.0,1205.0,35.0,1305.0,2020.0,1.0
16323,1.0,4.0,104918.0,1.0,190.0,27.9,105453.0,1.0,178.0,25.3,3.0,9.0,3.0,6220.0,5.0,5280.0,2015.0,0.0
106465,3.0,0.0,105332.0,1.0,196.0,27.7,111575.0,1.0,198.0,20.7,3.0,6.0,43.0,1040.0,51.0,904.0,2017.0,0.0
185414,3.0,0.0,105676.0,1.0,180.0,28.8,105227.0,1.0,198.0,31.0,3.0,6.0,13.0,2280.0,23.0,1545.0,2019.0,0.0
66440,1.0,4.0,104745.0,0.0,185.0,35.9,200175.0,1.0,183.0,22.6,3.0,6.0,4.0,6435.0,32.0,1291.0,2022.0,0.0
40375,1.0,3.0,106298.0,1.0,185.0,24.2,106421.0,1.0,198.0,22.2,5.0,4.0,16.0,2030.0,53.0,974.0,2018.0,0.0
124116,3.0,4.0,126610.0,1.0,196.0,25.4,126203.0,1.0,193.0,23.9,3.0,6.0,7.0,5173.0,39.0,1495.0,2021.0,1.0
152683,1.0,4.0,106043.0,1.0,170.0,29.6,105916.0,1.0,188.0,30.1,3.0,6.0,16.0,2580.0,57.0,957.0,2022.0,0.0
130680,3.0,3.0,104252.0,1.0,190.0,22.8,104607.0,1.0,196.0,20.9,5.0,7.0,58.0,675.0,14.0,1660.0,2006.0,1.0
57664,3.0,4.0,133430.0,0.0,185.0,20.5,104745.0,0.0,185.0,33.4,3.0,9.0,28.0,1460.0,2.0,9225.0,2019.0,0.0
50035,3.0,4.0,105668.0,1.0,203.0,23.8,104918.0,1.0,190.0,27.3,3.0,6.0,37.0,1055.0,11.0,3545.0,2014.0,1.0
185609,3.0,3.0,104918.0,1.0,190.0,28.2,104731.0,1.0,203.0,29.2,5.0,5.0,3.0,8840.0,14.0,2160.0,2015.0,1.0
101478,1.0,4.0,104022.0,1.0,183.0,28.8,105223.0,1.0,198.0,22.6,3.0,7.0,13.0,2285.0,32.0,1265.0,2011.0,1.0
82206,1.0,0.0,104678.0,1.0,193.0,23.2,104925.0,1.0,188.0,21.9,3.0,3.0,38.0,1460.0,3.0,9670.0,2009.0,1.0
71970,0.0,0.0,103971.0,1.0,180.0,22.5,104022.0,1.0,183.0,22.3,3.0,2.0,53.0,717.0,31.0,1010.0,2004.0,1.0
170738,1.0,0.0,103908.0,1.0,185.0,24.2,103285.0,1.0,185.0,27.4,3.0,5.0,36.0,868.0,16.0,1470.0,2006.0,1.0
44492,1.0,0.0,104198.0,1.0,188.0,32.8,105550.0,0.0,185.0,25.9,3.0,3.0,37.0,1115.0,46.0,968.0,2016.0,0.0
176742,3.0,0.0,103344.0,1.0,193.0,30.6,103506.0,1.0,183.0,29.7,3.0,6.0,29.0,1230.0,64.0,705.0,2009.0,0.0
118615,0.0,0.0,103344.0,1.0,193.0,23.8,103694.0,1.0,168.0,22.0,3.0,6.0,59.0,665.0,62.0,629.0,2003.0,0.0
107594,3.0,1.0,133430.0,0.0,185.0,20.5,126203.0,1.0,193.0,22.0,3.0,8.0,15.0,2050.0,32.0,1315.0,2019.0,0.0
151104,3.0,4.0,208029.0,1.0,185.0,19.2,111815.0,0.0,188.0,26.9,3.0,7.0,29.0,1380.0,11.0,3065.0,2022.0,1.0
157780,3.0,0.0,106298.0,1.0,185.0,25.5,105936.0,1.0,185.0,27.5,3.0,3.0,26.0,1430.0,49.0,1018.0,2019.0,0.0
145690,1.0,0.0,126774.0,1.0,193.0,23.6,105777.0,1.0,188.0,30.9,3.0,5.0,5.0,5980.0,23.0,1728.0,2022.0,0.0
87357,3.0,4.0,104312.0,1.0,190.0,31.4,103852.0,0.0,188.0,33.9,3.0,6.0,25.0,1430.0,23.0,1530.0,2015.0,1.0
72277,1.0,3.0,104792.0,1.0,193.0,24.7,103819.0,1.0,185.0,29.7,5.0,3.0,9.0,2465.0,3.0,8390.0,2011.0,1.0
52542,3.0,4.0,105332.0,1.0,196.0,24.4,104468.0,1.0,183.0,28.7,3.0,7.0,27.0,1380.0,14.0,2095.0,2013.0,0.0
150885,3.0,4.0,105238.0,1.0,180.0,26.3,105683.0,1.0,196.0,24.1,3.0,6.0,41.0,1075.0,6.0,4980.0,2015.0,1.0
75704,3.0,0.0,103103.0,1.0,183.0,29.0,104259.0,1.0,178.0,23.2,3.0,5.0,22.0,1183.0,63.0,596.0,2007.0,1.0
112534,3.0,0.0,104417.0,1.0,193.0,22.3,104571.0,1.0,183.0,21.5,3.0,3.0,25.0,1028.0,12.0,1860.0,2007.0,0.0
89450,1.0,4.0,104792.0,1.0,193.0,23.6,104198.0,1.0,188.0,26.9,3.0,5.0,18.0,2040.0,39.0,1104.0,2010.0,0.0
13465,3.0,4.0,104919.0,1.0,188.0,27.4,104655.0,1.0,180.0,28.8,3.0,7.0,26.0,1404.0,34.0,1049.0,2014.0,1.0
171029,3.0,0.0,133430.0,0.0,185.0,23.5,126203.0,1.0,193.0,24.9,3.0,5.0,19.0,1925.0,10.0,3195.0,2022.0,0.0
174696,3.0,3.0,103163.0,1.0,188.0,30.3,104755.0,1.0,185.0,22.1,5.0,4.0,39.0,905.0,12.0,1595.0,2008.0,0.0
47398,3.0,4.0,103819.0,1.0,185.0,27.6,103017.0,1.0,183.0,31.7,3.0,6.0,2.0,10910.0,29.0,1755.0,2009.0,0.0
143704,3.0,3.0,104665.0,1.0,180.0,28.5,105453.0,1.0,178.0,24.6,5.0,7.0,48.0,926.0,11.0,2680.0,2014.0,1.0
46686,1.0,4.0,105807.0,1.0,188.0,29.7,134770.0,1.0,183.0,22.3,3.0,5.0,12.0,2835.0,27.0,1927.0,2021.0,1.0
193024,2.0,3.0,105453.0,1.0,178.0,29.5,103819.0,1.0,185.0,37.8,5.0,3.0,7.0,4040.0,3.0,6620.0,2019.0,1.0
181357,3.0,0.0,104571.0,1.0,183.0,31.3,105676.0,1.0,180.0,25.8,3.0,6.0,36.0,1115.0,11.0,2795.0,2016.0,1.0
177667,1.0,0.0,105807.0,1.0,188.0,24.8,104527.0,1.0,183.0,31.1,3.0,3.0,43.0,995.0,4.0,6110.0,2016.0,1.0
315,2.0,0.0,103333.0,1.0,208.0,29.2,105023.0,1.0,198.0,20.6,3.0,5.0,22.0,1220.0,42.0,835.0,2008.0,0.0
193550,1.0,0.0,104586.0,1.0,196.0,29.7,104198.0,1.0,188.0,31.8,3.0,3.0,33.0,1155.0,45.0,985.0,2015.0,1.0
176516,3.0,4.0,126207.0,1.0,188.0,24.5,126127.0,1.0,185.0,26.1,3.0,7.0,24.0,1506.0,49.0,919.0,2022.0,0.0
52787,2.0,3.0,104797.0,1.0,188.0,25.7,104312.0,1.0,190.0,28.3,5.0,4.0,39.0,1032.0,26.0,1390.0,2012.0,0.0
117888,3.0,2.0,103888.0,1.0,188.0,29.9,104542.0,1.0,188.0,26.5,3.0,8.0,8.0,2965.0,6.0,3535.0,2011.0,1.0
15168,1.0,0.0,103498.0,1.0,193.0,26.2,104081.0,1.0,180.0,23.4,3.0,5.0,50.0,760.0,58.0,679.0,2006.0,0.0
2875,1.0,4.0,104745.0,0.0,185.0,26.8,104259.0,1.0,178.0,29.4,3.0,5.0,5.0,6385.0,21.0,1670.0,2013.0,0.0
188475,1.0,4.0,103786.0,1.0,178.0,27.8,103900.0,1.0,180.0,27.2,3.0,5.0,9.0,3735.0,15.0,2735.0,2009.0,0.0
124001,2.0,0.0,122330.0,1.0,196.0,25.0,126203.0,1.0,193.0,24.6,3.0,3.0,39.0,1105.0,14.0,2920.0,2022.0,1.0
182888,3.0,0.0,103387.0,1.0,185.0,26.1,104053.0,1.0,188.0,22.9,3.0,9.0,42.0,825.0,5.0,3200.0,2005.0,1.0
22490,3.0,4.0,103888.0,1.0,188.0,29.6,104386.0,1.0,180.0,27.1,3.0,9.0,8.0,2505.0,24.0,1390.0,2011.0,0.0
75606,1.0,4.0,132283.0,1.0,191.0,25.9,126094.0,1.0,188.0,23.5,3.0,3.0,33.0,1817.0,7.0,6000.0,2021.0,0.0
92335,1.0,3.0,104745.0,0.0,185.0,18.9,103264.0,0.0,180.0,26.6,5.0,2.0,5.0,2600.0,37.0,927.0,2005.0,0.0
192493,3.0,0.0,104468.0,1.0,183.0,27.7,104424.0,1.0,178.0,28.0,3.0,5.0,19.0,1800.0,52.0,796.0,2012.0,0.0
106354,3.0,3.0,104918.0,1.0,190.0,18.6,103428.0,1.0,190.0,26.3,5.0,4.0,62.0,593.0,51.0,695.0,2006.0,1.0
178282,3.0,0.0,200221.0,1.0,183.0,22.4,105554.0,1.0,175.0,31.4,3.0,5.0,49.0,1150.0,26.0,1917.0,2021.0,1.0
5549,3.0,4.0,104268.0,0.0,185.0,28.9,104252.0,1.0,190.0,29.0,3.0,7.0,56.0,794.0,28.0,1295.0,2012.0,0.0
179554,1.0,0.0,104269.0,0.0,188.0,29.6,105777.0,1.0,188.0,22.1,3.0,9.0,35.0,1095.0,29.0,1330.0,2013.0,0.0
82999,3.0,0.0,103786.0,1.0,178.0,29.4,103428.0,1.0,190.0,31.1,3.0,5.0,11.0,2955.0,40.0,1115.0,2010.0,0.0
40060,2.0,0.0,103018.0,1.0,196.0,27.9,102202.0,0.0,190.0,32.1,3.0,3.0,40.0,880.0,52.0,705.0,2005.0,0.0
36161,3.0,0.0,200005.0,0.0,188.0,22.3,200282.0,1.0,183.0,21.6,3.0,2.0,38.0,1306.0,29.0,1665.0,2020.0,0.0
175669,3.0,0.0,104545.0,1.0,206.0,36.4,100644.0,1.0,198.0,24.4,3.0,8.0,22.0,2171.0,4.0,7760.0,2021.0,1.0
23790,2.0,3.0,104534.0,1.0,175.0,24.2,103990.0,1.0,180.0,27.1,5.0,6.0,46.0,1162.0,15.0,2580.0,2009.0,0.0
125657,3.0,0.0,105223.0,1.0,198.0,25.0,103819.0,1.0,185.0,32.2,3.0,2.0,5.0,5365.0,6.0,4245.0,2013.0,0.0
16524,3.0,4.0,111513.0,1.0,188.0,25.8,122330.0,1.0,196.0,23.7,3.0,7.0,57.0,1131.0,44.0,1385.0,2021.0,1.0
60154,3.0,0.0,104607.0,1.0,196.0,28.0,103786.0,1.0,178.0,32.3,3.0,5.0,5.0,4520.0,47.0,935.0,2013.0,0.0
68589,3.0,4.0,104252.0,1.0,190.0,23.8,104597.0,1.0,183.0,21.9,3.0,7.0,48.0,701.0,32.0,890.0,2007.0,1.0
184137,3.0,0.0,104745.0,0.0,185.0,25.5,104259.0,1.0,178.0,28.2,3.0,6.0,2.0,9595.0,43.0,960.0,2012.0,0.0
175046,3.0,4.0,104898.0,1.0,190.0,30.3,105777.0,1.0,188.0,26.2,3.0,5.0,52.0,888.0,11.0,3070.0,2017.0,0.0
128459,2.0,0.0,200005.0,0.0,188.0,22.9,200624.0,1.0,196.0,20.9,3.0,3.0,31.0,1815.0,52.0,1187.0,2021.0,0.0
117764,1.0,0.0,104925.0,1.0,188.0,34.9,111513.0,1.0,188.0,26.8,3.0,5.0,1.0,8340.0,50.0,991.0,2022.0,0.0
139940,3.0,3.0,103484.0,1.0,185.0,23.0,102783.0,1.0,180.0,26.7,5.0,5.0,28.0,1170.0,36.0,945.0,2003.0,1.0
168657,1.0,0.0,103752.0,1.0,185.0,29.0,104597.0,1.0,183.0,24.6,3.0,6.0,60.0,744.0,34.0,1255.0,2010.0,1.0
127683,1.0,0.0,103656.0,1.0,175.0,30.2,105053.0,1.0,188.0,23.2,3.0,5.0,25.0,1405.0,48.0,971.0,2011.0,1.0
70753,3.0,0.0,104542.0,1.0,188.0,34.7,200175.0,1.0,183.0,20.3,3.0,5.0,30.0,1340.0,62.0,881.0,2020.0,1.0
141254,3.0,4.0,103819.0,1.0,185.0,21.5,102456.0,1.0,180.0,28.4,3.0,7.0,4.0,2780.0,46.0,810.0,2003.0,0.0
182109,1.0,3.0,103786.0,1.0,178.0,24.9,102845.0,1.0,190.0,29.7,5.0,6.0,6.0,2395.0,33.0,905.0,2006.0,0.0
55438,3.0,4.0,106218.0,1.0,180.0,28.2,106043.0,1.0,170.0,29.2,3.0,6.0,57.0,1034.0,15.0,2760.0,2021.0,0.0
196464,3.0,4.0,104918.0,1.0,190.0,28.4,104925.0,1.0,188.0,28.3,3.0,9.0,2.0,8640.0,1.0,15785.0,2015.0,1.0
90917,3.0,2.0,103819.0,1.0,185.0,29.2,104745.0,0.0,185.0,24.4,3.0,2.0,2.0,7645.0,1.0,11450.0,2010.0,0.0
139708,1.0,0.0,126203.0,1.0,193.0,23.4,132283.0,1.0,191.0,25.9,3.0,9.0,30.0,1855.0,34.0,1717.0,2021.0,1.0
162872,1.0,4.0,104925.0,1.0,188.0,28.9,105138.0,1.0,183.0,28.0,3.0,5.0,1.0,15550.0,17.0,2015.0,2016.0,0.0
41794,3.0,1.0,105526.0,1.0,193.0,29.5,106043.0,1.0,170.0,27.2,3.0,8.0,35.0,1245.0,14.0,2125.0,2019.0,0.0
44678,1.0,3.0,104291.0,1.0,185.0,34.3,104755.0,1.0,185.0,31.9,5.0,7.0,63.0,872.0,32.0,1395.0,2018.0,1.0
76808,3.0,0.0,104259.0,1.0,178.0,28.9,104792.0,1.0,193.0,26.0,3.0,3.0,18.0,1855.0,44.0,920.0,2012.0,1.0
102613,3.0,0.0,105138.0,1.0,183.0,33.7,122330.0,1.0,196.0,24.6,3.0,3.0,19.0,2385.0,35.0,1433.0,2022.0,1.0
80202,1.0,4.0,103819.0,1.0,185.0,29.6,103781.0,0.0,183.0,29.8,3.0,3.0,3.0,8550.0,9.0,2660.0,2011.0,1.0
44834,2.0,3.0,104745.0,0.0,185.0,19.0,102434.0,1.0,183.0,30.9,5.0,4.0,3.0,3600.0,39.0,875.0,2005.0,0.0
142580,3.0,4.0,104731.0,1.0,203.0,32.3,104925.0,1.0,188.0,31.3,3.0,3.0,8.0,3640.0,3.0,6445.0,2018.0,1.0
177377,3.0,0.0,126774.0,1.0,193.0,20.5,103819.0,1.0,185.0,37.5,3.0,2.0,11.0,2965.0,7.0,4100.0,2019.0,1.0
34661,1.0,3.0,132283.0,1.0,191.0,27.0,105311.0,1.0,185.0,33.1,5.0,7.0,35.0,1190.0,63.0,906.0,2022.0,0.0
201054,3.0,0.0,103888.0,1.0,188.0,27.1,105223.0,1.0,198.0,20.3,3.0,3.0,24.0,2270.0,7.0,4350.0,2009.0,0.0
124474,3.0,0.0,125802.0,1.0,193.0,27.4,105807.0,1.0,188.0,30.1,3.0,3.0,63.0,1025.0,12.0,3325.0,2021.0,0.0
184218,1.0,4.0,126774.0,1.0,193.0,22.6,105554.0,1.0,175.0,30.8,3.0,9.0,5.0,7040.0,33.0,1825.0,2021.0,0.0
159211,1.0,4.0,104871.0,1.0,188.0,29.1,105723.0,1.0,185.0,25.1,3.0,7.0,33.0,1220.0,46.0,970.0,2016.0,0.0
134519,1.0,0.0,103428.0,1.0,190.0,31.0,103656.0,1.0,175.0,29.8,3.0,9.0,53.0,901.0,22.0,1770.0,2010.0,0.0
98157,3.0,3.0,104417.0,1.0,193.0,21.0,103428.0,1.0,190.0,25.9,5.0,4.0,42.0,825.0,50.0,735.0,2005.0,0.0
79486,3.0,4.0,105577.0,1.0,193.0,23.2,104755.0,1.0,185.0,27.3,3.0,7.0,43.0,1026.0,10.0,3095.0,2013.0,0.0
206463,3.0,0.0,104620.0,1.0,183.0,23.0,104719.0,1.0,190.0,22.5,3.0,5.0,42.0,838.0,52.0,732.0,2008.0,0.0
124661,1.0,0.0,105554.0,1.0,175.0,26.9,104999.0,0.0,190.0,29.6,3.0,6.0,43.0,954.0,35.0,1159.0,2017.0,0.0
7701,3.0,4.0,104919.0,1.0,188.0,30.8,106432.0,1.0,188.0,21.3,3.0,7.0,45.0,1080.0,36.0,1366.0,2018.0,1.0
68868,2.0,3.0,105077.0,0.0,188.0,24.4,103819.0,1.0,185.0,30.8,5.0,4.0,43.0,935.0,3.0,9435.0,2012.0,1.0
83959,3.0,0.0,104312.0,1.0,190.0,30.5,103990.0,1.0,180.0,32.3,3.0,3.0,48.0,880.0,22.0,1645.0,2014.0,1.0
116177,3.0,0.0,103812.0,1.0,198.0,29.2,104022.0,1.0,183.0,28.3,3.0,3.0,52.0,915.0,10.0,3105.0,2010.0,1.0
109872,3.0,0.0,103387.0,1.0,185.0,27.2,103344.0,1.0,193.0,27.5,3.0,9.0,41.0,830.0,3.0,3245.0,2006.0,1.0
81874,1.0,3.0,104269.0,0.0,188.0,22.5,103428.0,1.0,190.0,26.7,5.0,4.0,31.0,1005.0,38.0,845.0,2006.0,0.0
124653,3.0,0.0,103602.0,1.0,183.0,23.5,102344.0,1.0,188.0,29.9,3.0,6.0,24.0,1130.0,51.0,695.0,2004.0,0.0
169688,3.0,4.0,103819.0,1.0,185.0,28.5,103812.0,1.0,198.0,28.6,3.0,7.0,1.0,11350.0,43.0,905.0,2010.0,0.0
9121,3.0,0.0,103970.0,1.0,175.0,27.5,104597.0,1.0,183.0,24.1,3.0,6.0,18.0,1840.0,27.0,1305.0,2009.0,0.0
162363,3.0,0.0,103582.0,0.0,193.0,30.3,104678.0,1.0,193.0,24.7,3.0,6.0,47.0,960.0,32.0,1225.0,2010.0,1.0
98035,3.0,4.0,104545.0,1.0,206.0,28.8,105208.0,1.0,190.0,25.5,3.0,3.0,13.0,2320.0,22.0,1616.0,2014.0,0.0
195966,3.0,3.0,104925.0,1.0,188.0,23.2,103819.0,1.0,185.0,29.0,5.0,9.0,3.0,6665.0,2.0,7215.0,2010.0,0.0
74637,3.0,2.0,104918.0,1.0,190.0,29.5,105683.0,1.0,196.0,25.8,3.0,9.0,1.0,11185.0,4.0,5050.0,2016.0,0.0
119119,1.0,0.0,105357.0,1.0,183.0,29.9,200000.0,1.0,193.0,18.7,3.0,5.0,55.0,875.0,28.0,1344.0,2019.0,1.0
35683,1.0,4.0,105064.0,0.0,188.0,29.3,104655.0,1.0,180.0,31.3,3.0,7.0,54.0,876.0,27.0,1490.0,2017.0,1.0
76443,1.0,4.0,125802.0,1.0,193.0,28.1,132283.0,1.0,191.0,26.9,3.0,7.0,44.0,1109.0,26.0,1563.0,2022.0,1.0
162273,3.0,3.0,105683.0,1.0,196.0,28.0,106298.0,1.0,185.0,24.8,5.0,3.0,17.0,1900.0,31.0,1245.0,2019.0,1.0
10443,1.0,0.0,106233.0,1.0,185.0,23.6,104918.0,1.0,190.0,29.9,3.0,9.0,9.0,3385.0,1.0,11690.0,2017.0,0.0
71991,1.0,4.0,103292.0,1.0,175.0,25.3,103835.0,1.0,183.0,22.6,3.0,7.0,35.0,940.0,51.0,704.0,2004.0,0.0
113789,3.0,0.0,103163.0,1.0,188.0,35.5,104898.0,1.0,190.0,26.5,3.0,2.0,12.0,2265.0,63.0,797.0,2013.0,0.0
75359,3.0,4.0,104607.0,1.0,196.0,23.5,104022.0,1.0,183.0,26.7,3.0,7.0,22.0,2230.0,62.0,1110.0,2009.0,0.0
80778,3.0,4.0,103498.0,1.0,193.0,25.5,103103.0,1.0,183.0,27.6,3.0,5.0,4.0,3160.0,20.0,1341.0,2005.0,0.0
110335,3.0,0.0,103781.0,0.0,183.0,25.3,104925.0,1.0,188.0,19.3,3.0,2.0,48.0,755.0,22.0,1183.0,2006.0,1.0
7263,3.0,0.0,103819.0,1.0,185.0,37.2,104468.0,1.0,183.0,33.8,3.0,3.0,3.0,6260.0,32.0,1290.0,2018.0,0.0
139102,3.0,0.0,104166.0,1.0,178.0,28.4,104918.0,1.0,190.0,24.3,3.0,5.0,38.0,1060.0,4.0,7415.0,2011.0,1.0
82510,1.0,1.0,105577.0,1.0,193.0,23.2,104925.0,1.0,188.0,26.3,5.0,8.0,41.0,1055.0,1.0,10980.0,2013.0,1.0
205860,3.0,0.0,104053.0,1.0,188.0,27.8,103598.0,1.0,185.0,29.9,3.0,3.0,9.0,3490.0,57.0,806.0,2010.0,0.0
160196,3.0,3.0,104925.0,1.0,188.0,27.2,104259.0,1.0,178.0,30.8,5.0,5.0,1.0,12770.0,25.0,1505.0,2014.0,0.0
75612,1.0,0.0,104655.0,1.0,180.0,25.1,104338.0,1.0,185.0,26.8,3.0,5.0,64.0,780.0,30.0,1330.0,2011.0,1.0
53728,3.0,0.0,104269.0,0.0,188.0,35.2,103819.0,1.0,185.0,37.5,3.0,5.0,32.0,1200.0,7.0,4100.0,2019.0,1.0
148976,2.0,0.0,103852.0,0.0,188.0,31.7,105227.0,1.0,198.0,24.6,3.0,5.0,39.0,1010.0,12.0,2570.0,2013.0,1.0
2409,3.0,0.0,106000.0,1.0,172.0,26.6,104925.0,1.0,188.0,31.6,3.0,6.0,47.0,985.0,1.0,9045.0,2018.0,1.0
59124,1.0,0.0,105676.0,1.0,180.0,26.3,105932.0,1.0,185.0,25.1,3.0,6.0,10.0,2975.0,61.0,811.0,2017.0,0.0
141463,3.0,0.0,104926.0,1.0,178.0,31.4,105916.0,1.0,188.0,26.7,3.0,5.0,15.0,2315.0,40.0,1117.0,2018.0,1.0
6513,1.0,0.0,103506.0,1.0,183.0,27.1,103888.0,1.0,188.0,25.3,3.0,6.0,62.0,597.0,24.0,1109.0,2007.0,1.0
100837,1.0,4.0,105453.0,1.0,178.0,27.3,104925.0,1.0,188.0,29.9,3.0,3.0,8.0,3650.0,2.0,7085.0,2017.0,1.0
91825,3.0,0.0,111513.0,1.0,188.0,26.3,124079.0,1.0,185.0,24.4,3.0,6.0,47.0,1342.0,59.0,1054.0,2021.0,0.0
101105,3.0,4.0,200221.0,1.0,183.0,22.7,133430.0,0.0,185.0,22.8,3.0,7.0,45.0,1115.0,13.0,3020.0,2022.0,1.0
94550,1.0,4.0,104527.0,1.0,183.0,24.0,103506.0,1.0,183.0,29.1,3.0,6.0,16.0,2620.0,49.0,1248.0,2009.0,0.0
121137,3.0,3.0,104259.0,1.0,178.0,34.8,105051.0,1.0,188.0,30.7,5.0,7.0,34.0,1235.0,54.0,969.0,2018.0,0.0
17180,3.0,4.0,104918.0,1.0,190.0,24.4,105453.0,1.0,178.0,21.7,3.0,9.0,4.0,7825.0,47.0,885.0,2011.0,0.0
199069,2.0,0.0,104797.0,1.0,188.0,25.7,103566.0,0.0,190.0,32.0,3.0,6.0,41.0,1007.0,52.0,810.0,2012.0,0.0
59926,1.0,0.0,102967.0,1.0,188.0,31.0,103786.0,1.0,178.0,26.8,3.0,3.0,55.0,630.0,4.0,3175.0,2008.0,1.0
193416,2.0,3.0,105138.0,1.0,183.0,28.2,106071.0,1.0,193.0,23.6,5.0,6.0,15.0,2150.0,19.0,1760.0,2016.0,1.0
74968,3.0,4.0,104471.0,1.0,183.0,28.8,104273.0,1.0,188.0,29.9,3.0,7.0,36.0,1185.0,48.0,931.0,2013.0,0.0
73966,3.0,3.0,105223.0,1.0,198.0,29.9,104745.0,0.0,185.0,32.2,5.0,9.0,3.0,5500.0,1.0,10040.0,2018.0,0.0
110087,3.0,0.0,104597.0,1.0,183.0,24.1,103507.0,1.0,183.0,29.6,3.0,6.0,29.0,1225.0,20.0,1680.0,2009.0,1.0
79727,3.0,4.0,105526.0,1.0,193.0,30.5,105932.0,1.0,185.0,28.6,3.0,7.0,35.0,1450.0,39.0,1395.0,2020.0,0.0
64865,3.0,0.0,104339.0,1.0,196.0,21.7,103598.0,1.0,185.0,25.4,3.0,5.0,21.0,1360.0,47.0,731.0,2006.0,1.0
181889,1.0,0.0,105223.0,1.0,198.0,22.5,104417.0,1.0,193.0,26.6,3.0,3.0,46.0,1015.0,5.0,5175.0,2011.0,0.0
96682,3.0,0.0,104542.0,1.0,188.0,25.5,104678.0,1.0,193.0,24.6,3.0,5.0,13.0,2480.0,43.0,1020.0,2010.0,1.0
28011,2.0,0.0,104229.0,1.0,180.0,28.8,103898.0,1.0,185.0,30.4,3.0,6.0,55.0,795.0,31.0,1210.0,2012.0,0.0
164681,3.0,0.0,104259.0,1.0,178.0,33.2,104926.0,1.0,178.0,29.6,3.0,6.0,32.0,1325.0,47.0,945.0,2017.0,0.0
92172,1.0,1.0,104542.0,1.0,188.0,28.7,103720.0,1.0,180.0,32.9,5.0,8.0,10.0,2885.0,41.0,1010.0,2014.0,0.0
205299,3.0,3.0,103786.0,1.0,178.0,21.6,103813.0,0.0,185.0,21.4,5.0,4.0,61.0,638.0,41.0,875.0,2003.0,1.0
162534,3.0,4.0,105227.0,1.0,198.0,28.0,100644.0,1.0,198.0,19.4,3.0,6.0,11.0,2975.0,21.0,1700.0,2016.0,1.0
142334,3.0,0.0,106432.0,1.0,188.0,25.9,133430.0,0.0,185.0,23.5,3.0,9.0,27.0,1495.0,19.0,1925.0,2022.0,1.0
5679,3.0,4.0,106432.0,1.0,188.0,19.7,104745.0,0.0,185.0,30.2,3.0,5.0,49.0,935.0,5.0,4850.0,2016.0,0.0
117758,3.0,0.0,104925.0,1.0,188.0,26.7,103819.0,1.0,185.0,32.5,3.0,9.0,2.0,10580.0,8.0,4305.0,2014.0,1.0
146865,1.0,4.0,104731.0,1.0,203.0,30.9,100644.0,1.0,198.0,20.0,3.0,7.0,63.0,810.0,17.0,2300.0,2017.0,1.0
1770,3.0,4.0,106233.0,1.0,185.0,22.1,104731.0,1.0,203.0,29.4,3.0,6.0,19.0,1600.0,12.0,2475.0,2015.0,1.0
90967,2.0,3.0,104918.0,1.0,190.0,22.1,104527.0,1.0,183.0,24.2,5.0,5.0,3.0,9230.0,18.0,2195.0,2009.0,0.0
92051,0.0,0.0,104098.0,1.0,185.0,24.8,103781.0,0.0,183.0,26.4,3.0,6.0,27.0,950.0,60.0,610.0,2007.0,0.0
37201,1.0,4.0,104022.0,1.0,183.0,20.8,103909.0,1.0,175.0,21.3,3.0,5.0,32.0,1045.0,16.0,1510.0,2003.0,1.0
59265,3.0,0.0,106071.0,1.0,193.0,20.2,104594.0,1.0,194.0,27.4,3.0,6.0,64.0,740.0,49.0,845.0,2013.0,0.0
185168,3.0,3.0,104926.0,1.0,178.0,34.2,105577.0,1.0,193.0,31.1,5.0,4.0,31.0,1734.0,58.0,1125.0,2021.0,1.0
190009,3.0,0.0,133430.0,0.0,185.0,21.8,104925.0,1.0,188.0,33.7,3.0,8.0,12.0,2830.0,1.0,12030.0,2021.0,1.0
92060,3.0,4.0,104926.0,1.0,178.0,31.4,105916.0,1.0,188.0,26.7,3.0,6.0,14.0,2315.0,42.0,1097.0,2018.0,0.0
145936,1.0,1.0,104214.0,1.0,185.0,24.1,103163.0,1.0,188.0,29.4,5.0,8.0,37.0,845.0,11.0,1880.0,2007.0,0.0
68455,2.0,0.0,106071.0,1.0,193.0,23.6,103917.0,1.0,190.0,34.3,3.0,3.0,23.0,1625.0,49.0,931.0,2016.0,1.0
25734,2.0,0.0,104198.0,1.0,188.0,33.0,105577.0,1.0,193.0,25.9,3.0,6.0,53.0,900.0,46.0,955.0,2016.0,0.0
9617,3.0,4.0,104918.0,1.0,190.0,24.8,104745.0,0.0,185.0,25.7,3.0,9.0,4.0,7450.0,2.0,10175.0,2012.0,0.0
21717,3.0,3.0,103694.0,1.0,168.0,26.6,104068.0,1.0,183.0,24.8,5.0,4.0,54.0,620.0,64.0,575.0,2007.0,1.0
407,1.0,4.0,200005.0,0.0,188.0,23.7,124079.0,1.0,185.0,24.9,3.0,7.0,48.0,1078.0,45.0,1098.0,2022.0,1.0
150146,3.0,0.0,126774.0,1.0,193.0,20.4,104312.0,1.0,190.0,34.8,3.0,3.0,15.0,2095.0,37.0,1100.0,2019.0,1.0
60018,1.0,4.0,103900.0,1.0,180.0,30.3,105683.0,1.0,196.0,21.3,3.0,7.0,43.0,995.0,23.0,1460.0,2012.0,1.0
134776,3.0,1.0,104327.0,1.0,178.0,32.8,100644.0,1.0,198.0,19.7,5.0,8.0,58.0,787.0,22.0,1735.0,2017.0,0.0
202453,3.0,0.0,104022.0,1.0,183.0,31.3,103970.0,1.0,175.0,31.5,3.0,2.0,21.0,1735.0,3.0,6800.0,2013.0,0.0
153834,1.0,4.0,103507.0,1.0,183.0,27.1,103819.0,1.0,185.0,25.6,3.0,9.0,21.0,1230.0,1.0,7290.0,2007.0,1.0
169282,1.0,0.0,103602.0,1.0,183.0,24.5,103151.0,1.0,183.0,26.9,3.0,3.0,14.0,1405.0,49.0,770.0,2005.0,0.0
189035,0.0,4.0,104607.0,1.0,196.0,20.1,103909.0,1.0,175.0,23.7,3.0,6.0,50.0,725.0,7.0,2185.0,2005.0,0.0
142800,3.0,0.0,102035.0,1.0,183.0,31.5,102450.0,1.0,185.0,29.0,3.0,3.0,42.0,868.0,40.0,950.0,2003.0,1.0
200034,3.0,4.0,126207.0,1.0,188.0,24.1,126094.0,1.0,188.0,24.3,3.0,6.0,30.0,1463.0,7.0,4590.0,2022.0,1.0
121961,3.0,3.0,104198.0,1.0,188.0,31.6,104527.0,1.0,183.0,29.8,5.0,5.0,37.0,1020.0,4.0,5370.0,2015.0,1.0
84801,3.0,3.0,103819.0,1.0,185.0,34.4,104925.0,1.0,188.0,28.6,5.0,9.0,3.0,8165.0,1.0,16790.0,2016.0,1.0
31325,3.0,0.0,105583.0,1.0,180.0,31.6,126205.0,1.0,185.0,24.7,3.0,5.0,46.0,1161.0,39.0,1342.0,2022.0,1.0
51006,3.0,4.0,104607.0,1.0,196.0,28.1,105683.0,1.0,196.0,22.8,3.0,5.0,7.0,4180.0,11.0,2860.0,2013.0,0.0
194155,3.0,4.0,103786.0,1.0,178.0,24.7,104339.0,1.0,196.0,21.9,3.0,5.0,5.0,2420.0,23.0,1425.0,2006.0,1.0
99926,3.0,0.0,106043.0,1.0,170.0,29.1,104926.0,1.0,178.0,34.4,3.0,6.0,16.0,2693.0,36.0,1494.0,2021.0,0.0
61007,3.0,0.0,104559.0,1.0,188.0,30.7,104468.0,1.0,183.0,31.1,3.0,6.0,44.0,918.0,15.0,2100.0,2016.0,0.0
202204,3.0,4.0,104542.0,1.0,188.0,24.8,104417.0,1.0,193.0,25.5,3.0,5.0,11.0,2870.0,7.0,3905.0,2010.0,1.0
178116,1.0,4.0,104259.0,1.0,178.0,28.5,104542.0,1.0,188.0,26.9,3.0,6.0,34.0,1155.0,5.0,4795.0,2012.0,1.0
18279,3.0,0.0,103285.0,1.0,185.0,30.9,103781.0,0.0,183.0,28.4,3.0,3.0,14.0,2165.0,35.0,1055.0,2009.0,1.0
118688,1.0,4.0,104607.0,1.0,196.0,31.6,100644.0,1.0,198.0,20.0,3.0,5.0,14.0,2690.0,19.0,2165.0,2017.0,1.0
72671,2.0,3.0,103720.0,1.0,180.0,24.3,103819.0,1.0,185.0,23.8,5.0,9.0,2.0,3640.0,1.0,6980.0,2005.0,1.0
104967,3.0,3.0,106298.0,1.0,185.0,22.5,104792.0,1.0,193.0,29.9,5.0,3.0,25.0,1481.0,12.0,2835.0,2016.0,1.0
129526,1.0,4.0,104926.0,1.0,178.0,26.8,105311.0,1.0,185.0,25.0,3.0,7.0,13.0,2400.0,39.0,1050.0,2014.0,0.0
133373,3.0,0.0,104417.0,1.0,193.0,26.5,105227.0,1.0,198.0,22.3,3.0,2.0,4.0,5955.0,28.0,1395.0,2011.0,0.0
8032,3.0,4.0,105138.0,1.0,183.0,26.8,106058.0,1.0,185.0,22.4,3.0,6.0,16.0,2020.0,58.0,851.0,2015.0,1.0
186515,3.0,4.0,104214.0,1.0,185.0,21.6,102318.0,1.0,183.0,31.1,3.0,7.0,49.0,779.0,22.0,1195.0,2005.0,0.0
153931,3.0,0.0,103598.0,1.0,185.0,23.0,103206.0,1.0,175.0,25.1,3.0,6.0,64.0,625.0,9.0,1950.0,2003.0,1.0
166924,3.0,2.0,105453.0,1.0,178.0,28.8,104731.0,1.0,203.0,32.4,3.0,8.0,9.0,3390.0,6.0,4310.0,2018.0,1.0
169801,3.0,0.0,104269.0,0.0,188.0,25.1,104339.0,1.0,196.0,24.7,3.0,5.0,15.0,2830.0,35.0,1800.0,2009.0,0.0
163106,3.0,0.0,103812.0,1.0,198.0,24.0,103632.0,1.0,180.0,24.9,3.0,7.0,47.0,752.0,53.0,685.0,2005.0,0.0
111286,3.0,4.0,103602.0,1.0,183.0,29.2,103786.0,1.0,178.0,28.3,3.0,5.0,12.0,2700.0,8.0,3710.0,2009.0,1.0
83071,3.0,0.0,200000.0,1.0,193.0,21.4,126203.0,1.0,193.0,24.1,3.0,8.0,11.0,3308.0,23.0,2050.0,2022.0,1.0
182349,3.0,4.0,102450.0,1.0,185.0,31.4,104607.0,1.0,196.0,20.4,3.0,7.0,45.0,815.0,25.0,1280.0,2006.0,1.0
182126,3.0,0.0,103103.0,1.0,183.0,26.5,104053.0,1.0,188.0,21.8,3.0,3.0,20.0,1211.0,2.0,4945.0,2004.0,1.0
5296,1.0,4.0,104925.0,1.0,188.0,26.8,103819.0,1.0,185.0,32.6,3.0,9.0,2.0,11680.0,4.0,5355.0,2014.0,1.0
46840,1.0,0.0,104269.0,0.0,188.0,30.3,104597.0,1.0,183.0,28.6,3.0,2.0,29.0,1270.0,20.0,1750.0,2014.0,0.0
194630,0.0,1.0,104542.0,1.0,188.0,23.8,103401.0,1.0,190.0,29.6,3.0,8.0,11.0,3300.0,61.0,1157.0,2009.0,0.0
149053,1.0,4.0,104607.0,1.0,196.0,23.6,105223.0,1.0,198.0,20.6,3.0,6.0,22.0,1935.0,5.0,4720.0,2009.0,1.0
12274,3.0,3.0,200282.0,1.0,183.0,20.5,105732.0,1.0,188.0,28.4,5.0,4.0,38.0,1270.0,48.0,1038.0,2019.0,0.0
138857,3.0,3.0,105223.0,1.0,198.0,28.9,103819.0,1.0,185.0,36.0,5.0,3.0,28.0,1460.0,3.0,7145.0,2017.0,0.0
67327,2.0,3.0,103722.0,1.0,180.0,29.3,103752.0,1.0,185.0,29.1,5.0,4.0,64.0,750.0,62.0,753.0,2010.0,0.0
25883,2.0,3.0,106401.0,1.0,193.0,21.1,104918.0,1.0,190.0,29.1,5.0,5.0,18.0,1855.0,2.0,8915.0,2016.0,1.0
44377,1.0,0.0,102381.0,1.0,188.0,33.2,102967.0,1.0,188.0,30.2,3.0,5.0,64.0,573.0,41.0,746.0,2007.0,1.0
106452,2.0,3.0,104918.0,1.0,190.0,25.1,103970.0,1.0,175.0,30.2,5.0,3.0,4.0,6980.0,5.0,5250.0,2012.0,0.0
203754,3.0,4.0,104269.0,0.0,188.0,26.3,104607.0,1.0,196.0,24.5,3.0,3.0,12.0,2725.0,20.0,1760.0,2010.0,1.0
100808,3.0,4.0,105453.0,1.0,178.0,23.8,103898.0,1.0,185.0,31.8,3.0,7.0,19.0,1915.0,35.0,1195.0,2013.0,0.0
63343,3.0,4.0,104792.0,1.0,193.0,23.9,105217.0,1.0,193.0,21.8,3.0,6.0,18.0,2025.0,46.0,955.0,2010.0,0.0
81957,3.0,4.0,104918.0,1.0,190.0,25.2,105023.0,1.0,198.0,24.8,3.0,6.0,4.0,8200.0,29.0,1279.0,2012.0,0.0
170472,3.0,0.0,105138.0,1.0,183.0,30.8,105051.0,1.0,188.0,31.1,3.0,5.0,18.0,1955.0,45.0,981.0,2019.0,0.0
152930,3.0,4.0,105023.0,1.0,198.0,21.0,104918.0,1.0,190.0,21.4,3.0,6.0,41.0,855.0,4.0,3420.0,2008.0,1.0
149011,3.0,4.0,104925.0,1.0,188.0,28.8,105453.0,1.0,178.0,26.2,3.0,2.0,1.0,16540.0,6.0,4070.0,2016.0,0.0
127312,3.0,4.0,105676.0,1.0,180.0,25.6,105023.0,1.0,198.0,28.7,3.0,6.0,11.0,2715.0,29.0,1435.0,2016.0,0.0
155551,3.0,4.0,104471.0,1.0,183.0,26.2,104979.0,1.0,185.0,23.6,3.0,4.0,57.0,859.0,37.0,1095.0,2011.0,0.0
106802,2.0,0.0,104597.0,1.0,183.0,26.9,104166.0,1.0,178.0,29.2,3.0,6.0,12.0,2545.0,54.0,830.0,2012.0,0.0
98383,3.0,0.0,104468.0,1.0,183.0,30.1,104660.0,1.0,193.0,29.1,3.0,9.0,17.0,1890.0,59.0,804.0,2015.0,0.0
32090,3.0,2.0,104542.0,1.0,188.0,27.5,104925.0,1.0,188.0,25.4,3.0,8.0,8.0,3490.0,1.0,11420.0,2012.0,1.0
42347,1.0,0.0,103720.0,1.0,180.0,29.2,104597.0,1.0,183.0,24.7,3.0,8.0,33.0,1335.0,22.0,1665.0,2010.0,1.0
152613,2.0,3.0,104731.0,1.0,203.0,28.0,104926.0,1.0,178.0,27.0,5.0,6.0,18.0,1745.0,15.0,2155.0,2014.0,0.0
130876,1.0,4.0,104571.0,1.0,183.0,27.8,103990.0,1.0,180.0,31.0,3.0,7.0,38.0,1030.0,36.0,1065.0,2013.0,1.0
194814,3.0,0.0,105023.0,1.0,198.0,30.9,126203.0,1.0,193.0,20.9,3.0,3.0,58.0,875.0,62.0,825.0,2018.0,1.0
36825,3.0,3.0,100644.0,1.0,198.0,24.3,144750.0,1.0,193.0,24.5,5.0,3.0,4.0,8240.0,46.0,1443.0,2021.0,0.0
197750,2.0,3.0,106426.0,1.0,185.0,26.0,106401.0,1.0,193.0,27.1,5.0,3.0,43.0,1055.0,40.0,1070.0,2022.0,1.0
46385,3.0,4.0,104312.0,1.0,190.0,25.7,104269.0,0.0,188.0,25.9,3.0,6.0,50.0,875.0,8.0,3360.0,2009.0,1.0
38370,3.0,0.0,104678.0,1.0,193.0,26.0,105223.0,1.0,198.0,23.3,3.0,3.0,24.0,1370.0,10.0,2585.0,2012.0,1.0
193188,3.0,0.0,200624.0,1.0,196.0,22.0,202104.0,1.0,170.0,21.5,3.0,6.0,54.0,815.0,31.0,1263.0,2022.0,0.0
196126,3.0,0.0,104022.0,1.0,183.0,30.3,106071.0,1.0,193.0,20.0,3.0,6.0,27.0,1335.0,48.0,825.0,2012.0,0.0
154235,3.0,4.0,104259.0,1.0,178.0,25.0,103970.0,1.0,175.0,26.5,3.0,6.0,30.0,1040.0,5.0,2315.0,2008.0,0.0
155147,1.0,3.0,103819.0,1.0,185.0,27.7,103163.0,1.0,188.0,31.1,5.0,5.0,2.0,10470.0,63.0,1015.0,2009.0,0.0
106132,3.0,3.0,103970.0,1.0,175.0,31.7,104607.0,1.0,196.0,28.3,5.0,3.0,3.0,5640.0,7.0,4180.0,2014.0,1.0
164289,3.0,3.0,103898.0,1.0,185.0,31.6,104871.0,1.0,188.0,26.5,5.0,7.0,35.0,1185.0,36.0,1130.0,2013.0,0.0
127864,0.0,1.0,103285.0,1.0,185.0,30.6,104338.0,1.0,185.0,25.2,5.0,8.0,21.0,1920.0,62.0,915.0,2009.0,0.0
138305,3.0,0.0,104022.0,1.0,183.0,26.6,104559.0,1.0,188.0,23.6,3.0,6.0,62.0,1180.0,59.0,1216.0,2009.0,1.0
38943,3.0,4.0,122330.0,1.0,196.0,24.7,105777.0,1.0,188.0,30.8,3.0,6.0,33.0,1391.0,35.0,1381.0,2022.0,1.0
99883,3.0,0.0,104918.0,1.0,190.0,29.2,104926.0,1.0,178.0,29.2,3.0,5.0,2.0,10065.0,40.0,1120.0,2016.0,0.0
150848,3.0,4.0,104076.0,1.0,190.0,23.8,104527.0,1.0,183.0,21.3,3.0,7.0,20.0,1225.0,54.0,728.0,2006.0,1.0
21862,3.0,4.0,106421.0,1.0,198.0,25.6,105936.0,1.0,185.0,29.6,3.0,6.0,2.0,10575.0,34.0,1589.0,2021.0,0.0
191270,3.0,0.0,105064.0,0.0,188.0,28.6,104745.0,0.0,185.0,30.1,3.0,3.0,54.0,880.0,5.0,4940.0,2016.0,1.0
174938,1.0,0.0,103900.0,1.0,180.0,25.3,102845.0,1.0,190.0,30.6,3.0,5.0,14.0,1765.0,33.0,910.0,2007.0,0.0
172232,1.0,1.0,103786.0,1.0,178.0,27.2,103900.0,1.0,180.0,26.7,5.0,8.0,6.0,2400.0,7.0,1975.0,2008.0,0.0
33288,1.0,4.0,126610.0,1.0,196.0,25.0,134770.0,1.0,183.0,22.3,3.0,9.0,10.0,3493.0,22.0,2340.0,2021.0,0.0
30508,3.0,0.0,103484.0,1.0,185.0,30.0,102967.0,1.0,188.0,32.7,3.0,5.0,44.0,935.0,58.0,744.0,2010.0,0.0
169686,3.0,4.0,105683.0,1.0,196.0,25.2,106045.0,1.0,180.0,23.5,3.0,7.0,12.0,2650.0,63.0,772.0,2016.0,0.0
171771,2.0,3.0,103110.0,1.0,180.0,28.4,103103.0,1.0,183.0,28.4,5.0,4.0,54.0,699.0,22.0,1320.0,2006.0,0.0
172167,3.0,0.0,104545.0,1.0,206.0,28.4,105208.0,1.0,190.0,25.1,3.0,6.0,14.0,2070.0,25.0,1431.0,2013.0,0.0
11868,3.0,3.0,103835.0,1.0,183.0,22.3,103017.0,1.0,183.0,26.5,5.0,4.0,46.0,772.0,58.0,616.0,2004.0,0.0
41167,3.0,0.0,103888.0,1.0,188.0,21.6,102338.0,1.0,190.0,29.4,3.0,5.0,40.0,875.0,24.0,1140.0,2003.0,0.0
84336,3.0,0.0,104252.0,1.0,190.0,29.3,103786.0,1.0,178.0,31.6,3.0,6.0,28.0,1260.0,37.0,1050.0,2013.0,1.0
135074,2.0,3.0,106401.0,1.0,193.0,21.1,103852.0,0.0,188.0,34.7,5.0,6.0,18.0,1855.0,21.0,1630.0,2016.0,0.0
36801,3.0,0.0,103970.0,1.0,175.0,29.5,103285.0,1.0,185.0,32.8,3.0,3.0,5.0,4200.0,24.0,1455.0,2011.0,0.0
90624,3.0,4.0,104527.0,1.0,183.0,30.3,106401.0,1.0,193.0,20.2,3.0,6.0,5.0,5745.0,41.0,1020.0,2015.0,1.0
103409,3.0,4.0,104925.0,1.0,188.0,31.4,111575.0,1.0,198.0,22.4,3.0,2.0,2.0,7445.0,18.0,1845.0,2018.0,1.0
32775,1.0,4.0,106058.0,1.0,185.0,22.6,104468.0,1.0,183.0,30.3,3.0,7.0,33.0,1147.0,12.0,2255.0,2015.0,1.0
934,3.0,4.0,103852.0,0.0,188.0,22.4,103632.0,1.0,180.0,23.4,3.0,7.0,21.0,1175.0,61.0,590.0,2004.0,1.0
60614,3.0,0.0,103018.0,1.0,196.0,25.5,103990.0,1.0,180.0,20.7,3.0,6.0,45.0,740.0,32.0,1020.0,2003.0,0.0
183202,1.0,0.0,105526.0,1.0,193.0,28.9,104745.0,0.0,185.0,32.8,3.0,3.0,51.0,945.0,2.0,8085.0,2019.0,1.0
98557,3.0,3.0,105227.0,1.0,198.0,28.3,105554.0,1.0,175.0,26.6,5.0,7.0,7.0,3605.0,51.0,886.0,2017.0,1.0
59228,3.0,0.0,105777.0,1.0,188.0,22.6,105227.0,1.0,198.0,25.2,3.0,5.0,23.0,1520.0,37.0,1130.0,2013.0,1.0
177898,3.0,3.0,104925.0,1.0,188.0,28.2,104890.0,1.0,190.0,28.4,5.0,7.0,1.0,14865.0,52.0,870.0,2015.0,0.0
127963,3.0,1.0,133430.0,0.0,185.0,20.5,104745.0,0.0,185.0,33.4,3.0,8.0,15.0,2050.0,1.0,9985.0,2019.0,1.0
187290,3.0,0.0,111202.0,1.0,188.0,21.6,104545.0,1.0,206.0,32.7,3.0,5.0,62.0,832.0,16.0,2265.0,2018.0,0.0
151831,3.0,4.0,105683.0,1.0,196.0,21.6,104755.0,1.0,185.0,26.1,3.0,7.0,19.0,1720.0,13.0,2110.0,2012.0,0.0
66871,2.0,0.0,104731.0,1.0,203.0,33.0,104468.0,1.0,183.0,34.4,3.0,5.0,8.0,3565.0,38.0,1190.0,2019.0,1.0
175517,3.0,4.0,104755.0,1.0,185.0,34.3,126203.0,1.0,193.0,23.0,3.0,7.0,56.0,1030.0,29.0,1670.0,2020.0,0.0
26175,3.0,0.0,102845.0,1.0,190.0,27.1,102434.0,1.0,183.0,29.2,3.0,5.0,7.0,2640.0,31.0,1030.0,2003.0,0.0
142627,3.0,0.0,105668.0,1.0,203.0,23.1,105238.0,1.0,180.0,25.1,3.0,5.0,21.0,1615.0,55.0,825.0,2014.0,1.0
24727,3.0,0.0,105173.0,0.0,183.0,31.2,105062.0,1.0,183.0,31.8,3.0,5.0,44.0,1111.0,58.0,971.0,2019.0,0.0
98382,1.0,0.0,103105.0,1.0,183.0,28.5,103908.0,1.0,185.0,24.5,3.0,5.0,62.0,617.0,33.0,920.0,2006.0,0.0
167855,3.0,4.0,103970.0,1.0,175.0,22.9,102845.0,1.0,190.0,28.5,3.0,6.0,47.0,795.0,7.0,2175.0,2005.0,1.0
202457,3.0,0.0,105807.0,1.0,188.0,30.0,106421.0,1.0,198.0,25.4,3.0,3.0,11.0,3260.0,2.0,10370.0,2021.0,0.0
64049,3.0,4.0,103720.0,1.0,180.0,33.4,103898.0,1.0,185.0,32.6,3.0,7.0,42.0,1005.0,47.0,935.0,2014.0,1.0
186078,1.0,0.0,105777.0,1.0,188.0,21.1,105064.0,0.0,188.0,24.5,3.0,9.0,61.0,761.0,60.0,767.0,2012.0,1.0
10718,1.0,4.0,103852.0,0.0,188.0,33.6,106401.0,1.0,193.0,20.0,3.0,7.0,13.0,2245.0,30.0,1220.0,2015.0,0.0
77992,3.0,4.0,104918.0,1.0,190.0,25.8,105223.0,1.0,198.0,24.4,3.0,3.0,3.0,8180.0,7.0,4410.0,2013.0,1.0
49208,1.0,4.0,100644.0,1.0,198.0,24.9,206173.0,1.0,188.0,20.6,3.0,3.0,3.0,7195.0,12.0,3054.0,2022.0,0.0
140819,3.0,0.0,105583.0,1.0,180.0,31.5,134770.0,1.0,183.0,23.0,3.0,8.0,33.0,1591.0,8.0,4160.0,2022.0,1.0
38045,3.0,3.0,105379.0,1.0,181.0,26.5,105449.0,1.0,188.0,26.0,5.0,4.0,49.0,867.0,32.0,1240.0,2016.0,1.0
86461,3.0,3.0,106432.0,1.0,188.0,23.7,106228.0,1.0,180.0,27.0,5.0,7.0,32.0,1355.0,62.0,832.0,2020.0,0.0
147997,3.0,4.0,104925.0,1.0,188.0,26.8,104871.0,1.0,188.0,27.0,3.0,7.0,2.0,10900.0,48.0,955.0,2014.0,0.0
141418,3.0,3.0,102860.0,1.0,183.0,30.9,103720.0,1.0,180.0,26.5,5.0,7.0,58.0,590.0,16.0,1495.0,2007.0,0.0
102678,3.0,4.0,104925.0,1.0,188.0,28.2,105332.0,1.0,196.0,26.2,3.0,6.0,1.0,14265.0,42.0,1000.0,2015.0,0.0
202148,3.0,4.0,104745.0,0.0,185.0,29.1,104660.0,1.0,193.0,29.5,3.0,6.0,9.0,3500.0,60.0,789.0,2015.0,0.0
26917,3.0,4.0,105173.0,0.0,183.0,29.3,103970.0,1.0,175.0,35.5,3.0,7.0,28.0,1590.0,34.0,1290.0,2017.0,0.0
163382,3.0,0.0,105577.0,1.0,193.0,25.2,104745.0,0.0,185.0,29.3,3.0,5.0,44.0,995.0,8.0,3770.0,2015.0,1.0
3837,1.0,0.0,104926.0,1.0,178.0,23.6,103990.0,1.0,180.0,28.7,3.0,9.0,56.0,855.0,40.0,1060.0,2011.0,1.0
148168,1.0,0.0,104547.0,0.0,188.0,24.8,103997.0,1.0,190.0,27.7,3.0,6.0,49.0,866.0,48.0,877.0,2010.0,1.0
141234,2.0,3.0,103758.0,1.0,188.0,24.1,104607.0,1.0,196.0,19.7,5.0,6.0,30.0,1095.0,49.0,741.0,2005.0,0.0
115595,3.0,0.0,103781.0,0.0,183.0,31.2,104545.0,1.0,206.0,27.3,3.0,5.0,36.0,1067.0,10.0,2880.0,2012.0,1.0
177015,3.0,0.0,105227.0,1.0,198.0,24.3,104813.0,1.0,183.0,26.3,3.0,5.0,12.0,2375.0,60.0,752.0,2013.0,0.0
132538,3.0,0.0,104198.0,1.0,188.0,32.3,103970.0,1.0,175.0,33.5,3.0,5.0,25.0,1430.0,8.0,3805.0,2015.0,1.0
143958,1.0,0.0,104312.0,1.0,190.0,34.2,105376.0,1.0,185.0,28.8,3.0,3.0,51.0,1020.0,49.0,1045.0,2018.0,1.0
101331,3.0,4.0,103970.0,1.0,175.0,31.5,104607.0,1.0,196.0,28.1,3.0,3.0,3.0,6600.0,7.0,4180.0,2013.0,0.0
132072,3.0,4.0,103819.0,1.0,185.0,26.9,104468.0,1.0,183.0,23.5,3.0,6.0,1.0,6600.0,22.0,1205.0,2008.0,1.0
147611,3.0,4.0,104527.0,1.0,183.0,29.3,104731.0,1.0,203.0,28.2,3.0,5.0,4.0,5770.0,21.0,1605.0,2014.0,1.0
158549,3.0,0.0,104918.0,1.0,190.0,21.6,103819.0,1.0,185.0,27.4,3.0,9.0,4.0,7050.0,2.0,10610.0,2009.0,0.0
20171,3.0,4.0,106233.0,1.0,185.0,25.4,103819.0,1.0,185.0,37.5,3.0,2.0,8.0,3800.0,4.0,4600.0,2019.0,0.0
136540,3.0,2.0,104925.0,1.0,188.0,23.5,104053.0,1.0,188.0,28.2,3.0,8.0,3.0,5635.0,8.0,3665.0,2010.0,0.0
197559,3.0,0.0,104925.0,1.0,188.0,22.7,103843.0,1.0,185.0,28.4,3.0,5.0,2.0,8310.0,54.0,781.0,2010.0,0.0
69449,2.0,3.0,105332.0,1.0,196.0,32.1,106043.0,1.0,170.0,28.8,5.0,4.0,46.0,1387.0,11.0,3060.0,2021.0,1.0
140911,1.0,0.0,104919.0,1.0,188.0,31.7,105550.0,0.0,185.0,28.7,3.0,5.0,51.0,920.0,50.0,930.0,2019.0,1.0
121024,2.0,0.0,103163.0,1.0,188.0,28.1,104468.0,1.0,183.0,21.4,3.0,6.0,26.0,1175.0,47.0,791.0,2006.0,0.0
8034,3.0,4.0,105683.0,1.0,196.0,25.7,103893.0,1.0,183.0,34.8,3.0,6.0,6.0,4690.0,37.0,1095.0,2016.0,0.0
85134,1.0,4.0,104607.0,1.0,196.0,20.6,103598.0,1.0,185.0,25.8,3.0,6.0,21.0,1370.0,41.0,836.0,2006.0,0.0
105360,3.0,0.0,105373.0,0.0,190.0,27.2,104918.0,1.0,190.0,29.4,3.0,6.0,35.0,1230.0,2.0,10485.0,2016.0,1.0
41732,3.0,0.0,103344.0,1.0,193.0,27.7,104022.0,1.0,183.0,24.5,3.0,3.0,5.0,2495.0,24.0,1075.0,2007.0,0.0
157450,3.0,0.0,105357.0,1.0,183.0,29.3,105526.0,1.0,193.0,28.4,3.0,6.0,36.0,1233.0,52.0,935.0,2018.0,1.0
132568,3.0,2.0,104745.0,0.0,185.0,34.4,106421.0,1.0,198.0,24.7,3.0,9.0,2.0,9850.0,4.0,6970.0,2020.0,1.0
82494,3.0,0.0,134868.0,1.0,188.0,25.6,105916.0,1.0,188.0,29.9,3.0,5.0,62.0,1011.0,38.0,1357.0,2022.0,1.0
25868,3.0,2.0,200175.0,1.0,183.0,20.1,200282.0,1.0,183.0,20.7,3.0,8.0,60.0,901.0,18.0,1775.0,2019.0,1.0
90458,1.0,4.0,105332.0,1.0,196.0,24.0,103819.0,1.0,185.0,31.7,3.0,9.0,36.0,1065.0,3.0,7760.0,2013.0,1.0
99326,1.0,3.0,104745.0,0.0,185.0,26.9,104925.0,1.0,188.0,26.0,5.0,9.0,4.0,6895.0,1.0,12310.0,2013.0,0.0
134574,3.0,4.0,103819.0,1.0,185.0,29.2,103781.0,0.0,183.0,29.4,3.0,3.0,2.0,7695.0,12.0,2650.0,2010.0,0.0
85432,1.0,0.0,103428.0,1.0,190.0,28.4,102860.0,1.0,183.0,31.4,3.0,5.0,24.0,1340.0,47.0,730.0,2008.0,1.0
193932,0.0,0.0,103758.0,1.0,188.0,22.4,103694.0,1.0,168.0,22.6,3.0,5.0,45.0,823.0,51.0,733.0,2003.0,0.0
38119,3.0,0.0,104926.0,1.0,178.0,30.4,106043.0,1.0,170.0,25.1,3.0,6.0,27.0,1635.0,26.0,1720.0,2017.0,1.0
128156,3.0,4.0,104338.0,1.0,185.0,26.5,104918.0,1.0,190.0,23.4,3.0,9.0,41.0,1085.0,4.0,5125.0,2010.0,1.0
175367,3.0,4.0,105077.0,0.0,188.0,34.1,200624.0,1.0,196.0,21.7,3.0,7.0,35.0,1314.0,38.0,1269.0,2022.0,1.0
153370,2.0,0.0,104312.0,1.0,190.0,34.3,106432.0,1.0,188.0,21.5,3.0,3.0,50.0,1000.0,34.0,1245.0,2018.0,1.0
63725,3.0,4.0,105138.0,1.0,183.0,32.9,206173.0,1.0,188.0,19.5,3.0,9.0,12.0,2910.0,31.0,1789.0,2021.0,1.0
96170,3.0,0.0,103096.0,1.0,173.0,28.6,103720.0,1.0,180.0,25.4,3.0,3.0,57.0,677.0,12.0,1700.0,2006.0,0.0
206175,3.0,4.0,104678.0,1.0,193.0,25.0,104925.0,1.0,188.0,23.7,3.0,5.0,18.0,1710.0,3.0,7800.0,2011.0,1.0
82887,1.0,3.0,104180.0,0.0,193.0,33.0,104571.0,1.0,183.0,30.9,5.0,4.0,42.0,1020.0,39.0,1067.0,2016.0,1.0
35799,1.0,0.0,106043.0,1.0,170.0,25.6,126774.0,1.0,193.0,19.6,3.0,6.0,17.0,2130.0,63.0,822.0,2018.0,1.0
31103,3.0,3.0,105936.0,1.0,185.0,27.8,103819.0,1.0,185.0,38.4,5.0,7.0,41.0,1158.0,3.0,6590.0,2020.0,1.0
98011,3.0,0.0,126774.0,1.0,193.0,20.1,105357.0,1.0,183.0,29.3,3.0,5.0,16.0,2007.0,33.0,1233.0,2018.0,0.0
48720,1.0,4.0,105223.0,1.0,198.0,24.5,105238.0,1.0,180.0,24.4,3.0,6.0,7.0,4750.0,22.0,1635.0,2013.0,0.0
134817,3.0,4.0,103819.0,1.0,185.0,25.1,104417.0,1.0,193.0,22.1,3.0,5.0,1.0,7370.0,29.0,988.0,2006.0,0.0
193475,2.0,3.0,104542.0,1.0,188.0,26.1,105777.0,1.0,188.0,20.0,5.0,7.0,19.0,1585.0,62.0,818.0,2011.0,0.0
67930,1.0,4.0,104607.0,1.0,196.0,30.6,105676.0,1.0,180.0,25.4,3.0,5.0,8.0,2940.0,13.0,2570.0,2016.0,1.0
124488,3.0,3.0,126094.0,1.0,188.0,23.8,126207.0,1.0,188.0,23.6,5.0,6.0,7.0,6400.0,50.0,1312.0,2021.0,1.0
124763,2.0,0.0,111513.0,1.0,188.0,27.0,111575.0,1.0,198.0,26.0,3.0,5.0,62.0,911.0,23.0,1710.0,2022.0,1.0
71686,3.0,2.0,103819.0,1.0,185.0,25.2,104745.0,0.0,185.0,20.4,3.0,9.0,1.0,7620.0,2.0,4270.0,2006.0,0.0
134540,3.0,0.0,103598.0,1.0,185.0,24.5,102434.0,1.0,183.0,30.5,3.0,9.0,46.0,808.0,21.0,1270.0,2005.0,0.0
90195,3.0,0.0,104527.0,1.0,183.0,35.5,106426.0,1.0,185.0,24.4,3.0,6.0,19.0,2230.0,22.0,2135.0,2020.0,1.0
93728,3.0,0.0,103206.0,1.0,175.0,25.1,104068.0,1.0,183.0,20.8,3.0,5.0,9.0,1950.0,46.0,822.0,2003.0,0.0
104579,3.0,0.0,104386.0,1.0,180.0,24.1,103970.0,1.0,175.0,26.3,3.0,7.0,46.0,849.0,4.0,2915.0,2008.0,0.0
25287,1.0,3.0,134770.0,1.0,183.0,20.4,126610.0,1.0,196.0,23.1,5.0,7.0,63.0,810.0,31.0,1320.0,2019.0,0.0
114009,1.0,0.0,111513.0,1.0,188.0,25.8,105357.0,1.0,183.0,31.8,3.0,5.0,57.0,1133.0,44.0,1436.0,2021.0,0.0
7784,3.0,3.0,104252.0,1.0,190.0,26.2,105223.0,1.0,198.0,21.3,5.0,6.0,60.0,746.0,5.0,6580.0,2010.0,1.0
7874,2.0,0.0,103507.0,1.0,183.0,26.3,103722.0,1.0,180.0,25.3,3.0,3.0,28.0,1130.0,46.0,800.0,2006.0,1.0
27148,1.0,0.0,104214.0,1.0,185.0,21.9,103852.0,0.0,188.0,23.7,3.0,6.0,40.0,854.0,24.0,1230.0,2005.0,1.0
151328,3.0,3.0,105223.0,1.0,198.0,28.9,105138.0,1.0,183.0,29.3,5.0,6.0,28.0,1460.0,13.0,2525.0,2017.0,0.0
16535,3.0,3.0,103819.0,1.0,185.0,36.4,105526.0,1.0,193.0,27.7,5.0,7.0,2.0,9605.0,55.0,870.0,2018.0,0.0
147539,0.0,4.0,104925.0,1.0,188.0,19.4,103908.0,1.0,185.0,24.7,3.0,6.0,16.0,1465.0,54.0,723.0,2006.0,1.0
19212,1.0,3.0,103852.0,0.0,188.0,21.6,103151.0,1.0,183.0,25.2,5.0,4.0,53.0,749.0,39.0,878.0,2003.0,1.0
197874,3.0,0.0,104755.0,1.0,185.0,24.3,103813.0,0.0,185.0,29.2,3.0,5.0,28.0,1385.0,44.0,1050.0,2010.0,1.0
121153,1.0,3.0,104755.0,1.0,185.0,19.9,103900.0,1.0,180.0,24.4,5.0,7.0,40.0,835.0,3.0,3065.0,2006.0,1.0
128558,3.0,4.0,104259.0,1.0,178.0,30.8,103970.0,1.0,175.0,32.3,3.0,6.0,24.0,1505.0,6.0,4255.0,2014.0,1.0
144400,1.0,0.0,105053.0,1.0,188.0,23.1,103808.0,1.0,188.0,29.5,3.0,9.0,57.0,846.0,49.0,945.0,2011.0,0.0
172296,1.0,1.0,102845.0,1.0,190.0,26.4,103598.0,1.0,185.0,22.5,5.0,8.0,4.0,2630.0,23.0,1265.0,2003.0,0.0
61757,3.0,0.0,104468.0,1.0,183.0,31.1,104898.0,1.0,190.0,28.8,3.0,6.0,15.0,2235.0,63.0,762.0,2016.0,0.0
84549,2.0,3.0,103843.0,1.0,185.0,28.7,105238.0,1.0,180.0,21.6,5.0,4.0,61.0,762.0,43.0,996.0,2010.0,1.0
159147,3.0,0.0,103990.0,1.0,180.0,33.4,104620.0,1.0,183.0,29.9,3.0,3.0,30.0,1210.0,62.0,775.0,2015.0,0.0
34870,3.0,0.0,103852.0,0.0,188.0,23.0,103084.0,1.0,185.0,26.8,5.0,2.0,31.0,995.0,26.0,1199.0,2004.0,0.0
178623,1.0,0.0,105238.0,1.0,180.0,27.2,104745.0,0.0,185.0,29.7,3.0,3.0,33.0,1195.0,5.0,4880.0,2016.0,1.0
45854,2.0,0.0,103598.0,1.0,185.0,30.8,104918.0,1.0,190.0,24.0,3.0,6.0,40.0,1070.0,4.0,6625.0,2011.0,1.0
76964,3.0,4.0,200282.0,1.0,183.0,23.0,126774.0,1.0,193.0,23.6,3.0,6.0,28.0,1531.0,5.0,6070.0,2022.0,1.0
70237,3.0,0.0,105227.0,1.0,198.0,20.3,104339.0,1.0,196.0,24.8,3.0,2.0,22.0,2330.0,29.0,1895.0,2009.0,0.0
67934,3.0,4.0,200175.0,1.0,183.0,23.1,111815.0,0.0,188.0,27.1,3.0,7.0,29.0,1445.0,13.0,2490.0,2022.0,1.0
206789,0.0,4.0,103498.0,1.0,193.0,26.7,104755.0,1.0,185.0,20.3,3.0,5.0,37.0,890.0,20.0,1290.0,2006.0,0.0
146905,3.0,4.0,126610.0,1.0,196.0,22.9,128034.0,1.0,196.0,22.0,3.0,4.0,52.0,937.0,54.0,904.0,2019.0,1.0
13532,3.0,4.0,207989.0,1.0,185.0,19.2,105227.0,1.0,198.0,33.8,3.0,5.0,4.0,5045.0,17.0,2130.0,2022.0,0.0
104632,3.0,4.0,104468.0,1.0,183.0,31.1,105577.0,1.0,193.0,25.7,3.0,7.0,19.0,1855.0,43.0,975.0,2016.0,0.0
147301,1.0,4.0,104918.0,1.0,190.0,22.9,104259.0,1.0,178.0,26.4,3.0,6.0,4.0,5845.0,33.0,1265.0,2010.0,1.0
42711,3.0,1.0,103566.0,0.0,190.0,30.5,104678.0,1.0,193.0,24.7,5.0,8.0,23.0,1575.0,30.0,1360.0,2010.0,1.0
28641,3.0,4.0,104792.0,1.0,193.0,25.5,104338.0,1.0,185.0,27.9,3.0,6.0,14.0,1970.0,21.0,1495.0,2012.0,1.0
94461,1.0,0.0,105683.0,1.0,196.0,21.3,103970.0,1.0,175.0,30.0,3.0,9.0,25.0,1335.0,6.0,4160.0,2012.0,1.0
72746,3.0,4.0,106043.0,1.0,170.0,28.9,126207.0,1.0,188.0,23.5,3.0,6.0,14.0,2980.0,51.0,1312.0,2021.0,0.0
60768,3.0,0.0,103781.0,0.0,183.0,28.6,103694.0,1.0,168.0,29.0,3.0,5.0,32.0,1180.0,56.0,761.0,2010.0,0.0
60250,2.0,0.0,106421.0,1.0,198.0,21.3,105023.0,1.0,198.0,29.7,3.0,6.0,52.0,864.0,28.0,1495.0,2017.0,0.0
153501,3.0,0.0,202103.0,1.0,185.0,24.1,144817.0,0.0,196.0,26.3,3.0,6.0,28.0,1407.0,62.0,784.0,2022.0,0.0
30591,1.0,3.0,102845.0,1.0,190.0,29.7,103786.0,1.0,178.0,24.9,5.0,6.0,33.0,905.0,6.0,2395.0,2006.0,1.0
45874,1.0,4.0,105376.0,1.0,185.0,28.8,105077.0,0.0,188.0,30.3,3.0,7.0,52.0,979.0,42.0,1145.0,2018.0,1.0
41350,3.0,2.0,104745.0,0.0,185.0,29.4,104918.0,1.0,190.0,28.5,3.0,8.0,5.0,4630.0,2.0,8470.0,2015.0,0.0
83039,1.0,3.0,104871.0,1.0,188.0,26.2,104542.0,1.0,188.0,28.1,5.0,6.0,27.0,1371.0,8.0,3795.0,2013.0,1.0
59015,3.0,0.0,103813.0,0.0,185.0,30.1,104792.0,1.0,193.0,25.0,3.0,3.0,50.0,851.0,9.0,2780.0,2011.0,1.0
2512,3.0,4.0,105554.0,1.0,175.0,32.4,206909.0,1.0,185.0,21.2,3.0,7.0,27.0,1585.0,50.0,937.0,2022.0,0.0
129352,3.0,4.0,104755.0,1.0,185.0,20.1,103819.0,1.0,185.0,24.9,3.0,2.0,51.0,775.0,1.0,7260.0,2006.0,1.0
82854,3.0,0.0,132283.0,1.0,191.0,27.3,208029.0,1.0,185.0,19.4,3.0,5.0,45.0,985.0,31.0,1336.0,2022.0,1.0
39780,3.0,0.0,106421.0,1.0,198.0,20.9,104542.0,1.0,188.0,31.8,3.0,3.0,63.0,749.0,14.0,2685.0,2017.0,1.0
10378,3.0,4.0,104918.0,1.0,190.0,27.4,104925.0,1.0,188.0,27.4,3.0,3.0,8.0,4295.0,1.0,11510.0,2014.0,1.0
82132,3.0,3.0,104053.0,1.0,188.0,20.9,103900.0,1.0,180.0,21.6,5.0,9.0,4.0,3415.0,13.0,1700.0,2003.0,0.0
195832,2.0,0.0,103285.0,1.0,185.0,34.5,104259.0,1.0,178.0,29.6,3.0,5.0,48.0,885.0,18.0,1885.0,2013.0,0.0
78802,3.0,3.0,103857.0,1.0,180.0,27.3,103344.0,1.0,193.0,29.8,5.0,4.0,43.0,1562.0,55.0,1376.0,2009.0,1.0
69142,2.0,3.0,103163.0,1.0,188.0,31.2,104214.0,1.0,185.0,25.9,5.0,5.0,34.0,1405.0,26.0,1700.0,2009.0,0.0
177196,3.0,0.0,104586.0,1.0,196.0,28.0,104898.0,1.0,190.0,26.3,3.0,6.0,45.0,941.0,59.0,797.0,2013.0,1.0
22846,3.0,0.0,103206.0,1.0,175.0,25.3,103387.0,1.0,185.0,24.2,3.0,9.0,10.0,1850.0,11.0,1845.0,2003.0,0.0
9870,1.0,0.0,104312.0,1.0,190.0,27.4,105227.0,1.0,198.0,22.8,3.0,3.0,44.0,980.0,31.0,1290.0,2011.0,1.0
15125,3.0,0.0,104678.0,1.0,193.0,23.8,104745.0,0.0,185.0,23.5,3.0,9.0,29.0,1175.0,2.0,9205.0,2010.0,1.0
145625,3.0,0.0,103498.0,1.0,193.0,26.6,104022.0,1.0,183.0,24.2,3.0,6.0,63.0,610.0,24.0,1120.0,2006.0,0.0
45010,1.0,4.0,104792.0,1.0,193.0,22.6,104386.0,1.0,180.0,24.8,3.0,7.0,10.0,3600.0,56.0,1145.0,2009.0,1.0
117765,3.0,4.0,105208.0,1.0,190.0,25.9,105311.0,1.0,185.0,25.3,3.0,7.0,12.0,2680.0,40.0,1062.0,2014.0,0.0
147675,3.0,4.0,103292.0,1.0,175.0,25.2,104068.0,1.0,183.0,21.4,3.0,7.0,32.0,990.0,35.0,970.0,2004.0,1.0
152890,1.0,0.0,105583.0,1.0,180.0,28.6,104919.0,1.0,188.0,31.7,3.0,6.0,43.0,1010.0,51.0,920.0,2019.0,1.0
192193,1.0,0.0,104527.0,1.0,183.0,24.3,104198.0,1.0,188.0,26.1,3.0,6.0,18.0,1925.0,56.0,917.0,2009.0,1.0
56005,3.0,3.0,104745.0,0.0,185.0,35.6,133430.0,0.0,185.0,22.7,5.0,3.0,5.0,4875.0,14.0,2593.0,2022.0,0.0
191833,3.0,0.0,102610.0,1.0,180.0,28.6,103813.0,0.0,185.0,22.5,3.0,5.0,27.0,1115.0,37.0,940.0,2004.0,1.0
64436,1.0,4.0,104252.0,1.0,190.0,33.5,105311.0,1.0,185.0,28.0,3.0,7.0,48.0,923.0,36.0,1080.0,2017.0,1.0
18432,3.0,3.0,104918.0,1.0,190.0,25.2,105683.0,1.0,196.0,21.6,5.0,5.0,4.0,7290.0,16.0,1900.0,2012.0,0.0
198672,1.0,4.0,105208.0,1.0,190.0,24.6,104545.0,1.0,206.0,27.9,3.0,7.0,56.0,791.0,23.0,1600.0,2013.0,0.0
172386,3.0,3.0,106421.0,1.0,198.0,25.9,122298.0,1.0,188.0,26.2,5.0,6.0,2.0,8935.0,57.0,1069.0,2022.0,0.0
134694,3.0,3.0,104678.0,1.0,193.0,30.9,104527.0,1.0,183.0,31.8,5.0,6.0,35.0,1225.0,4.0,5155.0,2017.0,1.0
108699,1.0,3.0,105227.0,1.0,198.0,33.6,126094.0,1.0,188.0,24.5,5.0,3.0,23.0,1695.0,7.0,3945.0,2022.0,0.0
41989,2.0,0.0,104890.0,1.0,190.0,28.2,105053.0,1.0,188.0,27.5,3.0,7.0,55.0,857.0,60.0,790.0,2015.0,1.0
138416,3.0,4.0,103285.0,1.0,185.0,30.9,104678.0,1.0,193.0,23.7,3.0,6.0,14.0,2310.0,29.0,1175.0,2009.0,0.0
6500,1.0,4.0,104527.0,1.0,183.0,23.1,103017.0,1.0,183.0,30.8,3.0,6.0,10.0,1545.0,41.0,785.0,2008.0,1.0
183242,2.0,0.0,103794.0,1.0,178.0,28.9,104386.0,1.0,180.0,25.9,3.0,9.0,48.0,884.0,51.0,860.0,2010.0,1.0
146284,1.0,4.0,103428.0,1.0,190.0,27.6,104745.0,0.0,185.0,20.8,3.0,6.0,22.0,1125.0,2.0,4875.0,2007.0,1.0
181950,2.0,0.0,202195.0,1.0,198.0,25.1,104545.0,1.0,206.0,37.2,3.0,9.0,41.0,1047.0,22.0,1593.0,2022.0,0.0
199136,3.0,4.0,105138.0,1.0,183.0,30.9,104545.0,1.0,206.0,33.8,3.0,3.0,25.0,1510.0,9.0,3485.0,2019.0,1.0
199427,1.0,4.0,104898.0,1.0,190.0,27.0,103813.0,0.0,185.0,32.7,3.0,7.0,44.0,1005.0,57.0,840.0,2014.0,1.0
129493,3.0,0.0,103852.0,0.0,188.0,29.4,104229.0,1.0,180.0,27.5,3.0,6.0,41.0,1060.0,42.0,1059.0,2011.0,0.0
148100,3.0,0.0,103285.0,1.0,185.0,29.7,103566.0,0.0,190.0,28.2,3.0,7.0,28.0,1020.0,39.0,901.0,2008.0,1.0
46684,0.0,0.0,102106.0,1.0,188.0,33.4,104755.0,1.0,185.0,19.6,3.0,6.0,42.0,809.0,17.0,1516.0,2006.0,1.0
101,1.0,0.0,104417.0,1.0,193.0,23.7,103484.0,1.0,185.0,28.3,3.0,8.0,44.0,750.0,8.0,1985.0,2008.0,0.0
58891,1.0,3.0,103285.0,1.0,185.0,29.4,104468.0,1.0,183.0,23.4,5.0,4.0,22.0,1245.0,29.0,1060.0,2008.0,0.0
153641,3.0,0.0,103656.0,1.0,175.0,28.9,103970.0,1.0,175.0,27.5,3.0,5.0,34.0,1065.0,18.0,1840.0,2009.0,0.0
60949,3.0,4.0,102845.0,1.0,190.0,30.5,103970.0,1.0,175.0,24.9,3.0,5.0,36.0,870.0,15.0,1645.0,2007.0,1.0
70426,1.0,1.0,104745.0,0.0,185.0,22.2,105023.0,1.0,198.0,20.9,5.0,8.0,1.0,7000.0,39.0,861.0,2008.0,0.0
54067,3.0,3.0,103970.0,1.0,175.0,30.4,104386.0,1.0,180.0,28.1,5.0,3.0,5.0,5375.0,9.0,3285.0,2012.0,0.0
40724,3.0,0.0,103990.0,1.0,180.0,26.2,104312.0,1.0,190.0,24.4,3.0,7.0,17.0,1290.0,34.0,955.0,2008.0,1.0
164397,3.0,0.0,104926.0,1.0,178.0,29.2,105332.0,1.0,196.0,27.2,3.0,6.0,40.0,1120.0,32.0,1356.0,2016.0,0.0
55180,3.0,4.0,104214.0,1.0,185.0,25.2,104468.0,1.0,183.0,23.8,3.0,6.0,20.0,1260.0,10.0,1740.0,2008.0,1.0
122058,1.0,0.0,104745.0,0.0,185.0,29.8,104259.0,1.0,178.0,32.5,3.0,9.0,5.0,5595.0,27.0,1330.0,2016.0,0.0
200524,1.0,4.0,104919.0,1.0,188.0,27.9,105683.0,1.0,196.0,24.3,3.0,5.0,27.0,1352.0,6.0,5070.0,2015.0,1.0
201524,3.0,4.0,103484.0,1.0,185.0,26.6,103507.0,1.0,183.0,26.5,3.0,6.0,5.0,2235.0,31.0,1015.0,2006.0,1.0
185321,3.0,0.0,104252.0,1.0,190.0,28.3,104180.0,0.0,193.0,28.7,3.0,6.0,21.0,1585.0,60.0,793.0,2012.0,0.0
78577,1.0,3.0,103507.0,1.0,183.0,25.2,103498.0,1.0,193.0,25.3,5.0,6.0,33.0,995.0,4.0,3065.0,2005.0,1.0
205173,2.0,0.0,104755.0,1.0,185.0,26.0,104898.0,1.0,190.0,25.2,3.0,7.0,21.0,1600.0,42.0,955.0,2012.0,0.0
145895,3.0,0.0,104252.0,1.0,190.0,27.0,103819.0,1.0,185.0,29.1,3.0,2.0,47.0,986.0,2.0,7335.0,2010.0,1.0
128111,1.0,3.0,103819.0,1.0,185.0,23.7,104745.0,0.0,185.0,18.9,5.0,9.0,1.0,6605.0,5.0,2600.0,2005.0,1.0
203154,3.0,4.0,105777.0,1.0,188.0,24.2,104586.0,1.0,196.0,30.0,3.0,7.0,17.0,1690.0,57.0,822.0,2015.0,0.0
2399,2.0,0.0,103852.0,0.0,188.0,32.7,105777.0,1.0,188.0,23.0,3.0,2.0,29.0,1350.0,13.0,2435.0,2014.0,1.0
144446,2.0,0.0,104068.0,1.0,183.0,23.6,102834.0,1.0,178.0,29.8,3.0,7.0,16.0,1475.0,63.0,611.0,2006.0,0.0
51614,1.0,4.0,105777.0,1.0,188.0,29.3,106415.0,0.0,170.0,24.9,3.0,6.0,22.0,1885.0,50.0,1007.0,2020.0,0.0
192800,1.0,4.0,104542.0,1.0,188.0,32.0,103970.0,1.0,175.0,35.0,3.0,6.0,11.0,2825.0,30.0,1230.0,2017.0,1.0
177220,1.0,4.0,103852.0,0.0,188.0,29.6,103566.0,0.0,190.0,30.9,3.0,7.0,40.0,1065.0,21.0,1455.0,2011.0,0.0
192617,3.0,4.0,124187.0,1.0,211.0,24.1,105936.0,1.0,185.0,29.6,3.0,7.0,25.0,1891.0,42.0,1402.0,2021.0,0.0
147536,2.0,3.0,105023.0,1.0,198.0,29.7,104542.0,1.0,188.0,32.2,5.0,6.0,28.0,1495.0,10.0,3075.0,2017.0,0.0
9708,3.0,0.0,104022.0,1.0,183.0,22.1,103598.0,1.0,185.0,24.0,3.0,7.0,45.0,765.0,41.0,815.0,2004.0,0.0
39113,3.0,3.0,106210.0,0.0,198.0,24.1,106432.0,1.0,188.0,20.7,5.0,4.0,55.0,885.0,61.0,796.0,2017.0,1.0
3390,3.0,1.0,104925.0,1.0,188.0,23.5,104468.0,1.0,183.0,25.9,5.0,8.0,3.0,6035.0,42.0,1005.0,2010.0,0.0
146066,3.0,0.0,104792.0,1.0,193.0,29.4,104259.0,1.0,178.0,32.3,3.0,9.0,18.0,1800.0,32.0,1150.0,2016.0,0.0
90109,3.0,0.0,104660.0,1.0,193.0,29.1,104607.0,1.0,196.0,29.4,3.0,3.0,53.0,874.0,8.0,4460.0,2015.0,1.0
137023,3.0,3.0,103781.0,0.0,183.0,27.6,104918.0,1.0,190.0,21.6,5.0,6.0,32.0,1868.0,4.0,7190.0,2009.0,1.0
202561,2.0,0.0,104468.0,1.0,183.0,33.4,104919.0,1.0,188.0,31.1,3.0,6.0,53.0,950.0,36.0,1227.0,2018.0,1.0
189230,3.0,4.0,104269.0,0.0,188.0,30.2,104755.0,1.0,185.0,27.7,3.0,6.0,33.0,1190.0,9.0,2950.0,2014.0,0.0
101975,1.0,4.0,103602.0,1.0,183.0,25.7,104022.0,1.0,183.0,23.8,3.0,6.0,9.0,1640.0,38.0,865.0,2006.0,0.0
127534,3.0,4.0,105807.0,1.0,188.0,26.0,104999.0,0.0,190.0,29.9,3.0,6.0,17.0,2305.0,26.0,1474.0,2017.0,0.0
56344,3.0,0.0,105807.0,1.0,188.0,25.4,105723.0,1.0,185.0,25.8,3.0,3.0,30.0,1370.0,48.0,935.0,2017.0,1.0
139428,1.0,0.0,104745.0,0.0,185.0,27.8,104597.0,1.0,183.0,28.6,3.0,3.0,1.0,13310.0,20.0,1750.0,2014.0,1.0
204759,3.0,4.0,104925.0,1.0,188.0,19.7,104068.0,1.0,183.0,24.4,3.0,7.0,13.0,1715.0,43.0,765.0,2007.0,0.0
16510,1.0,4.0,102035.0,1.0,183.0,35.1,103970.0,1.0,175.0,25.1,3.0,7.0,40.0,805.0,14.0,1725.0,2007.0,1.0
129361,3.0,3.0,104925.0,1.0,188.0,22.2,103819.0,1.0,185.0,28.0,5.0,9.0,4.0,7660.0,1.0,12040.0,2009.0,1.0
155899,3.0,4.0,111575.0,1.0,198.0,24.8,206173.0,1.0,188.0,19.5,3.0,6.0,22.0,2200.0,31.0,1789.0,2021.0,1.0
104274,3.0,0.0,105453.0,1.0,178.0,28.7,126774.0,1.0,193.0,20.1,3.0,3.0,12.0,2520.0,15.0,1962.0,2018.0,0.0
157302,3.0,4.0,106298.0,1.0,185.0,22.4,106401.0,1.0,193.0,21.3,3.0,7.0,26.0,1489.0,16.0,2025.0,2016.0,1.0
39745,1.0,0.0,106210.0,0.0,198.0,24.6,105643.0,0.0,190.0,27.3,3.0,6.0,61.0,850.0,63.0,825.0,2018.0,1.0
147907,3.0,0.0,105023.0,1.0,198.0,31.2,104291.0,1.0,185.0,34.9,3.0,6.0,48.0,955.0,42.0,1042.0,2019.0,0.0
156977,1.0,4.0,104527.0,1.0,183.0,32.0,104655.0,1.0,180.0,31.2,3.0,5.0,3.0,5605.0,27.0,1425.0,2017.0,1.0
73380,3.0,0.0,106401.0,1.0,193.0,20.8,105577.0,1.0,193.0,25.6,3.0,6.0,41.0,990.0,42.0,970.0,2016.0,0.0
66806,1.0,4.0,133430.0,0.0,185.0,23.0,134770.0,1.0,183.0,23.3,3.0,3.0,16.0,2671.0,10.0,3760.0,2022.0,1.0
14208,1.0,0.0,104259.0,1.0,178.0,32.5,104926.0,1.0,178.0,28.9,3.0,9.0,27.0,1420.0,30.0,1240.0,2016.0,0.0
24006,3.0,4.0,105173.0,0.0,183.0,30.6,105453.0,1.0,178.0,29.1,3.0,7.0,52.0,920.0,7.0,4190.0,2019.0,1.0
115581,3.0,0.0,100644.0,1.0,198.0,24.2,104925.0,1.0,188.0,34.1,3.0,9.0,5.0,7340.0,1.0,12113.0,2021.0,0.0
140600,3.0,3.0,105554.0,1.0,175.0,26.6,105227.0,1.0,198.0,28.3,5.0,7.0,51.0,886.0,7.0,3605.0,2017.0,0.0
84752,1.0,4.0,104871.0,1.0,188.0,29.2,104918.0,1.0,190.0,28.9,3.0,5.0,32.0,1220.0,3.0,7525.0,2016.0,1.0
141163,3.0,0.0,104527.0,1.0,183.0,35.5,105554.0,1.0,175.0,30.3,3.0,6.0,18.0,2185.0,34.0,1384.0,2020.0,0.0
150557,1.0,3.0,105053.0,1.0,188.0,27.4,105385.0,0.0,183.0,25.8,5.0,4.0,64.0,755.0,52.0,910.0,2015.0,0.0
43159,3.0,0.0,103294.0,1.0,170.0,27.0,104076.0,1.0,190.0,23.2,3.0,6.0,44.0,795.0,42.0,803.0,2006.0,0.0
85055,3.0,0.0,104571.0,1.0,183.0,25.3,104797.0,1.0,188.0,24.1,3.0,9.0,19.0,1930.0,46.0,996.0,2010.0,0.0
167799,3.0,3.0,104068.0,1.0,183.0,23.8,103163.0,1.0,188.0,28.4,5.0,6.0,21.0,1205.0,16.0,1525.0,2006.0,1.0
187311,3.0,4.0,104597.0,1.0,183.0,22.5,104022.0,1.0,183.0,25.7,3.0,6.0,25.0,1255.0,11.0,1545.0,2008.0,1.0
62611,3.0,0.0,104312.0,1.0,190.0,25.9,104792.0,1.0,193.0,23.4,3.0,5.0,46.0,900.0,13.0,2430.0,2010.0,1.0
166010,3.0,0.0,103970.0,1.0,175.0,24.8,104022.0,1.0,183.0,24.6,3.0,3.0,15.0,1610.0,22.0,1215.0,2007.0,1.0
158164,1.0,4.0,104871.0,1.0,188.0,26.2,105453.0,1.0,178.0,23.3,3.0,6.0,29.0,1301.0,15.0,2270.0,2013.0,0.0
152478,2.0,0.0,105676.0,1.0,180.0,31.5,106421.0,1.0,198.0,26.3,3.0,6.0,39.0,1080.0,1.0,7950.0,2022.0,1.0
139416,0.0,0.0,103908.0,1.0,185.0,26.7,103507.0,1.0,183.0,28.6,3.0,5.0,33.0,1000.0,63.0,655.0,2008.0,1.0
178433,1.0,0.0,105064.0,0.0,188.0,24.5,105777.0,1.0,188.0,21.1,3.0,9.0,60.0,767.0,61.0,761.0,2012.0,0.0
9385,3.0,4.0,104745.0,0.0,185.0,24.1,104918.0,1.0,190.0,23.2,3.0,9.0,1.0,10745.0,4.0,5305.0,2010.0,1.0
131266,2.0,0.0,105062.0,1.0,183.0,27.4,106210.0,0.0,198.0,21.9,3.0,6.0,59.0,802.0,46.0,980.0,2015.0,0.0
62965,3.0,0.0,104925.0,1.0,188.0,27.3,105777.0,1.0,188.0,23.3,3.0,3.0,1.0,12150.0,10.0,3710.0,2014.0,0.0
67905,3.0,0.0,105373.0,0.0,190.0,26.1,105577.0,1.0,193.0,25.2,3.0,5.0,35.0,1125.0,46.0,995.0,2015.0,0.0
45755,1.0,0.0,104919.0,1.0,188.0,31.1,105077.0,0.0,188.0,30.5,3.0,6.0,36.0,1197.0,40.0,1065.0,2018.0,0.0
17349,1.0,4.0,102035.0,1.0,183.0,32.1,103819.0,1.0,185.0,22.7,3.0,7.0,26.0,1113.0,1.0,5430.0,2004.0,1.0
183298,3.0,4.0,126203.0,1.0,193.0,24.7,106401.0,1.0,193.0,27.3,3.0,6.0,13.0,2930.0,28.0,1385.0,2022.0,0.0
171193,3.0,0.0,104545.0,1.0,206.0,30.7,105138.0,1.0,183.0,27.7,3.0,3.0,11.0,2495.0,25.0,1480.0,2016.0,1.0
58929,3.0,0.0,103781.0,0.0,183.0,28.4,105227.0,1.0,198.0,21.0,3.0,2.0,35.0,1055.0,13.0,2355.0,2009.0,0.0
174800,3.0,4.0,104198.0,1.0,188.0,31.3,104468.0,1.0,183.0,29.7,3.0,7.0,38.0,1040.0,29.0,1220.0,2014.0,1.0
176547,2.0,3.0,104545.0,1.0,206.0,29.1,103813.0,0.0,185.0,32.9,5.0,7.0,11.0,2690.0,62.0,790.0,2014.0,0.0
66893,3.0,3.0,104022.0,1.0,183.0,24.1,103454.0,1.0,183.0,26.8,5.0,7.0,54.0,745.0,41.0,910.0,2006.0,0.0
183155,3.0,0.0,105643.0,0.0,190.0,25.2,104559.0,1.0,188.0,30.6,3.0,5.0,52.0,815.0,50.0,863.0,2016.0,1.0
84877,3.0,3.0,104053.0,1.0,188.0,21.3,103758.0,1.0,188.0,22.7,5.0,6.0,1.0,4535.0,28.0,1115.0,2004.0,0.0
114826,1.0,0.0,105053.0,1.0,188.0,27.2,104926.0,1.0,178.0,27.7,3.0,3.0,33.0,1165.0,26.0,1380.0,2015.0,0.0
197550,1.0,0.0,105550.0,0.0,185.0,27.9,105376.0,1.0,185.0,28.7,3.0,7.0,60.0,858.0,50.0,979.0,2018.0,0.0
192232,3.0,4.0,104925.0,1.0,188.0,25.2,104755.0,1.0,185.0,26.1,3.0,2.0,2.0,11270.0,21.0,1600.0,2012.0,0.0
56446,3.0,4.0,111575.0,1.0,198.0,26.2,200624.0,1.0,196.0,22.1,3.0,7.0,30.0,1350.0,52.0,860.0,2022.0,1.0
108098,1.0,4.0,103819.0,1.0,185.0,37.7,104792.0,1.0,193.0,32.6,3.0,5.0,3.0,5590.0,18.0,1920.0,2019.0,0.0
170195,3.0,4.0,105807.0,1.0,188.0,25.6,104655.0,1.0,180.0,31.1,3.0,3.0,23.0,1690.0,33.0,1190.0,2017.0,0.0
203257,3.0,0.0,104332.0,1.0,185.0,27.5,105223.0,1.0,198.0,23.0,3.0,5.0,63.0,761.0,15.0,2030.0,2011.0,1.0
154213,3.0,4.0,105223.0,1.0,198.0,22.8,104312.0,1.0,190.0,27.4,3.0,7.0,19.0,1755.0,53.0,870.0,2011.0,0.0
111576,3.0,3.0,103819.0,1.0,185.0,27.4,103498.0,1.0,193.0,28.9,5.0,6.0,2.0,10700.0,27.0,2050.0,2009.0,0.0
22905,3.0,3.0,105453.0,1.0,178.0,29.6,200282.0,1.0,183.0,20.5,5.0,6.0,7.0,4005.0,38.0,1270.0,2019.0,1.0
192002,3.0,4.0,103781.0,0.0,183.0,28.7,103752.0,1.0,185.0,28.9,3.0,6.0,28.0,1405.0,58.0,754.0,2010.0,0.0
17253,3.0,0.0,106421.0,1.0,198.0,23.4,105227.0,1.0,198.0,30.8,3.0,3.0,10.0,2625.0,17.0,1940.0,2019.0,0.0
120663,1.0,4.0,104745.0,0.0,185.0,22.8,104925.0,1.0,188.0,21.9,3.0,2.0,1.0,14890.0,3.0,9160.0,2009.0,0.0
118015,3.0,4.0,104792.0,1.0,193.0,32.5,104919.0,1.0,188.0,31.8,3.0,7.0,19.0,1740.0,56.0,895.0,2019.0,0.0
195181,2.0,3.0,104925.0,1.0,188.0,35.0,111815.0,0.0,188.0,26.8,5.0,9.0,3.0,6770.0,12.0,3200.0,2022.0,0.0
203265,3.0,0.0,104719.0,1.0,190.0,22.7,105208.0,1.0,190.0,20.3,3.0,6.0,50.0,1444.0,51.0,1428.0,2009.0,1.0
204162,3.0,3.0,106043.0,1.0,170.0,25.0,105807.0,1.0,188.0,26.1,5.0,3.0,33.0,1280.0,19.0,2225.0,2017.0,1.0
198165,2.0,3.0,104607.0,1.0,196.0,22.7,104269.0,0.0,188.0,24.6,5.0,6.0,20.0,1290.0,18.0,1300.0,2008.0,1.0
128634,1.0,0.0,103789.0,0.0,188.0,23.0,103151.0,1.0,183.0,26.3,3.0,5.0,42.0,795.0,31.0,910.0,2004.0,1.0
91348,3.0,4.0,103096.0,1.0,173.0,25.8,102344.0,1.0,188.0,29.6,3.0,7.0,26.0,1135.0,36.0,1008.0,2003.0,1.0
4413,1.0,0.0,104926.0,1.0,178.0,27.7,104665.0,1.0,180.0,29.0,3.0,5.0,28.0,1320.0,50.0,895.0,2015.0,0.0
129805,1.0,0.0,105643.0,0.0,190.0,27.3,106043.0,1.0,170.0,25.5,3.0,5.0,63.0,825.0,23.0,1810.0,2018.0,1.0
139716,3.0,0.0,104797.0,1.0,188.0,23.9,104678.0,1.0,193.0,24.5,3.0,9.0,46.0,955.0,45.0,980.0,2010.0,0.0
38958,3.0,0.0,104926.0,1.0,178.0,32.6,106421.0,1.0,198.0,23.9,3.0,8.0,12.0,2290.0,5.0,5705.0,2020.0,1.0
71528,3.0,4.0,105064.0,0.0,188.0,22.2,103694.0,1.0,168.0,29.1,3.0,6.0,32.0,1254.0,59.0,754.0,2010.0,0.0
105178,2.0,0.0,103852.0,0.0,188.0,33.7,105311.0,1.0,185.0,26.2,3.0,6.0,14.0,2140.0,44.0,1043.0,2015.0,0.0
135304,1.0,0.0,104792.0,1.0,193.0,31.4,104655.0,1.0,180.0,32.1,3.0,6.0,43.0,1175.0,32.0,1380.0,2018.0,0.0
9393,3.0,4.0,103852.0,0.0,188.0,22.8,103333.0,1.0,208.0,25.4,3.0,6.0,29.0,1035.0,58.0,686.0,2004.0,1.0
165070,3.0,0.0,104797.0,1.0,188.0,27.3,104665.0,1.0,180.0,27.9,3.0,6.0,49.0,945.0,48.0,946.0,2014.0,0.0
44420,3.0,4.0,111575.0,1.0,198.0,22.7,104745.0,0.0,185.0,32.7,3.0,3.0,13.0,2675.0,2.0,8365.0,2019.0,1.0
202988,3.0,4.0,104259.0,1.0,178.0,30.0,103163.0,1.0,188.0,35.5,3.0,6.0,23.0,1445.0,12.0,2425.0,2013.0,0.0
102471,3.0,0.0,105238.0,1.0,180.0,28.8,106000.0,1.0,172.0,25.3,3.0,9.0,53.0,921.0,40.0,1121.0,2017.0,0.0
37495,3.0,0.0,105385.0,0.0,183.0,22.5,104545.0,1.0,206.0,26.8,3.0,5.0,41.0,1000.0,13.0,2025.0,2012.0,1.0
62612,1.0,0.0,104076.0,1.0,190.0,25.3,103084.0,1.0,185.0,30.2,3.0,5.0,46.0,733.0,22.0,1408.0,2008.0,0.0
13239,3.0,4.0,105676.0,1.0,180.0,25.9,103917.0,1.0,190.0,34.7,3.0,6.0,12.0,2780.0,41.0,1057.0,2016.0,0.0
128311,3.0,4.0,103819.0,1.0,185.0,21.9,102257.0,0.0,193.0,29.9,3.0,6.0,3.0,3690.0,60.0,632.0,2003.0,0.0
199692,3.0,2.0,103970.0,1.0,175.0,25.6,104925.0,1.0,188.0,20.4,3.0,8.0,6.0,2250.0,3.0,4470.0,2007.0,0.0
92530,2.0,3.0,104542.0,1.0,188.0,25.1,104918.0,1.0,190.0,23.1,5.0,3.0,10.0,3185.0,4.0,5155.0,2010.0,1.0
114654,3.0,3.0,124187.0,1.0,211.0,24.3,133430.0,0.0,185.0,22.7,5.0,6.0,29.0,1776.0,14.0,2593.0,2022.0,1.0
92104,2.0,0.0,105332.0,1.0,196.0,28.0,106298.0,1.0,185.0,23.2,3.0,9.0,49.0,915.0,16.0,2365.0,2017.0,1.0
143220,3.0,4.0,103970.0,1.0,175.0,28.9,104719.0,1.0,190.0,24.9,3.0,5.0,6.0,4510.0,55.0,888.0,2011.0,0.0
184738,1.0,4.0,105357.0,1.0,183.0,31.8,105554.0,1.0,175.0,30.9,3.0,6.0,42.0,1486.0,26.0,2140.0,2021.0,1.0
186098,3.0,2.0,103819.0,1.0,185.0,25.2,104053.0,1.0,188.0,24.2,3.0,8.0,1.0,7620.0,5.0,2315.0,2006.0,0.0
196439,3.0,4.0,105683.0,1.0,196.0,27.2,106043.0,1.0,170.0,25.5,3.0,6.0,25.0,1630.0,16.0,2220.0,2018.0,0.0
123773,1.0,0.0,101962.0,1.0,193.0,31.6,102839.0,1.0,188.0,26.6,3.0,7.0,18.0,1405.0,41.0,870.0,2003.0,0.0
45117,1.0,4.0,104019.0,1.0,193.0,24.8,103908.0,1.0,185.0,25.2,3.0,7.0,52.0,675.0,56.0,655.0,2007.0,0.0
53766,1.0,4.0,102610.0,1.0,180.0,28.8,103632.0,1.0,180.0,23.6,3.0,5.0,39.0,885.0,48.0,751.0,2004.0,0.0
154450,3.0,0.0,103786.0,1.0,178.0,22.3,102434.0,1.0,183.0,29.2,3.0,6.0,44.0,840.0,29.0,1100.0,2003.0,1.0
134320,3.0,4.0,103970.0,1.0,175.0,32.5,105453.0,1.0,178.0,24.8,3.0,3.0,6.0,4465.0,7.0,4355.0,2014.0,1.0
75802,3.0,4.0,105053.0,1.0,188.0,26.7,104312.0,1.0,190.0,30.4,3.0,7.0,30.0,1195.0,52.0,890.0,2014.0,1.0
81371,3.0,4.0,101965.0,1.0,185.0,31.9,103484.0,1.0,185.0,23.6,3.0,7.0,21.0,1235.0,27.0,1090.0,2003.0,1.0
39198,3.0,4.0,104098.0,1.0,185.0,30.8,104122.0,1.0,183.0,30.6,3.0,7.0,40.0,1070.0,44.0,965.0,2013.0,1.0
37794,3.0,3.0,103285.0,1.0,185.0,30.1,104269.0,0.0,188.0,25.1,5.0,6.0,23.0,2360.0,15.0,2830.0,2009.0,1.0
77111,3.0,4.0,105554.0,1.0,175.0,32.2,105936.0,1.0,185.0,30.4,3.0,7.0,23.0,1520.0,46.0,975.0,2022.0,1.0
155616,3.0,2.0,104925.0,1.0,188.0,31.4,100644.0,1.0,198.0,21.5,3.0,2.0,1.0,8045.0,5.0,5085.0,2018.0,1.0
21945,3.0,0.0,103997.0,1.0,190.0,29.6,104312.0,1.0,190.0,27.8,3.0,6.0,57.0,828.0,38.0,1015.0,2012.0,1.0
41758,3.0,4.0,103819.0,1.0,185.0,23.6,103694.0,1.0,168.0,24.1,3.0,7.0,1.0,6050.0,40.0,916.0,2005.0,0.0
109015,3.0,1.0,103607.0,1.0,173.0,35.1,104259.0,1.0,178.0,31.9,5.0,8.0,57.0,826.0,34.0,1140.0,2015.0,1.0
10288,1.0,4.0,103566.0,0.0,190.0,27.9,103507.0,1.0,183.0,28.1,3.0,7.0,41.0,823.0,24.0,1165.0,2008.0,1.0
76411,3.0,0.0,103333.0,1.0,208.0,35.9,105173.0,0.0,183.0,26.6,3.0,9.0,29.0,1295.0,41.0,1043.0,2015.0,0.0
54606,1.0,1.0,103344.0,1.0,193.0,24.0,102610.0,1.0,180.0,27.7,3.0,8.0,53.0,725.0,7.0,2235.0,2003.0,1.0
38292,2.0,0.0,102562.0,1.0,190.0,30.2,103163.0,1.0,188.0,27.1,3.0,6.0,27.0,1185.0,23.0,1285.0,2005.0,1.0
201696,3.0,2.0,104925.0,1.0,188.0,31.4,104731.0,1.0,203.0,32.4,3.0,9.0,1.0,8045.0,6.0,4310.0,2018.0,0.0
141235,0.0,4.0,103888.0,1.0,188.0,22.8,102318.0,1.0,183.0,30.7,3.0,6.0,37.0,925.0,24.0,1160.0,2004.0,1.0
111912,1.0,0.0,103970.0,1.0,175.0,30.0,105683.0,1.0,196.0,21.3,3.0,9.0,6.0,4160.0,25.0,1335.0,2012.0,0.0
65644,3.0,4.0,104214.0,1.0,185.0,25.0,104607.0,1.0,196.0,22.8,3.0,6.0,26.0,1065.0,21.0,1210.0,2008.0,0.0
134205,3.0,4.0,104919.0,1.0,188.0,27.3,103819.0,1.0,185.0,33.1,3.0,6.0,25.0,1339.0,3.0,8170.0,2014.0,1.0
49440,2.0,3.0,103206.0,1.0,175.0,29.0,104417.0,1.0,193.0,22.8,5.0,7.0,62.0,573.0,28.0,965.0,2007.0,1.0
13231,1.0,1.0,103970.0,1.0,175.0,36.0,104259.0,1.0,178.0,34.4,5.0,8.0,33.0,1405.0,34.0,1380.0,2018.0,0.0
183575,3.0,3.0,103566.0,0.0,190.0,27.2,102905.0,0.0,175.0,30.6,5.0,7.0,59.0,587.0,63.0,580.0,2007.0,1.0
124780,3.0,4.0,106058.0,1.0,185.0,22.4,104180.0,0.0,193.0,31.8,3.0,7.0,58.0,851.0,36.0,1146.0,2015.0,0.0
122896,3.0,3.0,200221.0,1.0,183.0,22.6,200000.0,1.0,193.0,21.4,5.0,7.0,50.0,1160.0,9.0,3608.0,2022.0,1.0
4082,1.0,0.0,104926.0,1.0,178.0,28.1,104745.0,0.0,185.0,29.1,3.0,2.0,32.0,1115.0,10.0,3000.0,2015.0,1.0
189231,3.0,4.0,103898.0,1.0,185.0,32.6,105208.0,1.0,190.0,25.9,3.0,6.0,47.0,935.0,12.0,2680.0,2014.0,0.0
44755,3.0,4.0,105992.0,1.0,183.0,24.8,104926.0,1.0,178.0,29.8,3.0,4.0,47.0,910.0,40.0,1025.0,2017.0,1.0
65407,2.0,0.0,103819.0,1.0,185.0,28.8,104332.0,1.0,185.0,26.2,3.0,9.0,2.0,8390.0,41.0,985.0,2010.0,0.0
176703,0.0,0.0,104068.0,1.0,183.0,21.9,102434.0,1.0,183.0,30.2,3.0,6.0,54.0,690.0,25.0,1175.0,2004.0,1.0
47179,1.0,3.0,103566.0,0.0,190.0,32.0,104607.0,1.0,196.0,26.6,5.0,7.0,57.0,795.0,7.0,4515.0,2012.0,1.0
9424,3.0,4.0,126203.0,1.0,193.0,24.3,200282.0,1.0,183.0,23.0,3.0,5.0,20.0,2010.0,31.0,1451.0,2022.0,0.0
7157,3.0,0.0,103151.0,1.0,183.0,26.8,103602.0,1.0,183.0,24.4,3.0,5.0,54.0,735.0,23.0,1235.0,2005.0,1.0
107549,0.0,0.0,103285.0,1.0,185.0,26.1,103333.0,1.0,208.0,25.9,3.0,5.0,30.0,1040.0,60.0,610.0,2005.0,0.0
37077,3.0,0.0,104918.0,1.0,190.0,20.7,103917.0,1.0,190.0,26.0,3.0,3.0,11.0,1685.0,44.0,714.0,2008.0,0.0
17749,3.0,0.0,104022.0,1.0,183.0,24.6,104607.0,1.0,196.0,21.4,3.0,5.0,18.0,1440.0,12.0,1785.0,2007.0,0.0
42160,1.0,0.0,103428.0,1.0,190.0,26.8,104022.0,1.0,183.0,24.0,3.0,9.0,44.0,820.0,50.0,755.0,2006.0,0.0
72869,2.0,0.0,105311.0,1.0,185.0,27.2,106233.0,1.0,185.0,22.7,3.0,6.0,30.0,1275.0,7.0,3175.0,2016.0,1.0
21775,1.0,0.0,103786.0,1.0,178.0,21.8,102854.0,1.0,193.0,26.5,3.0,6.0,61.0,653.0,14.0,1700.0,2003.0,0.0
204012,1.0,0.0,103752.0,1.0,185.0,28.8,103656.0,1.0,175.0,29.2,3.0,6.0,64.0,729.0,30.0,1265.0,2010.0,1.0
39508,3.0,4.0,103498.0,1.0,193.0,28.7,104338.0,1.0,185.0,24.5,3.0,7.0,31.0,1020.0,49.0,740.0,2008.0,1.0
22456,3.0,0.0,103285.0,1.0,185.0,32.6,104792.0,1.0,193.0,24.9,3.0,2.0,54.0,883.0,7.0,2695.0,2011.0,0.0
39469,2.0,3.0,103888.0,1.0,188.0,21.5,103292.0,1.0,175.0,24.5,5.0,4.0,45.0,840.0,26.0,1155.0,2003.0,0.0
170110,3.0,0.0,105208.0,1.0,190.0,26.0,105373.0,0.0,190.0,25.2,3.0,5.0,13.0,2455.0,56.0,822.0,2014.0,1.0
105999,1.0,0.0,104542.0,1.0,188.0,24.0,104068.0,1.0,183.0,26.6,3.0,8.0,9.0,3430.0,58.0,1055.0,2009.0,0.0
173092,3.0,3.0,103852.0,0.0,188.0,32.9,106233.0,1.0,185.0,20.9,5.0,6.0,21.0,1770.0,45.0,985.0,2014.0,1.0
135094,3.0,0.0,104022.0,1.0,183.0,32.6,103819.0,1.0,185.0,33.5,3.0,6.0,55.0,860.0,2.0,9205.0,2015.0,1.0
38825,3.0,4.0,103819.0,1.0,185.0,37.5,106233.0,1.0,185.0,25.4,3.0,2.0,4.0,4600.0,8.0,3800.0,2019.0,1.0
40718,2.0,3.0,105643.0,0.0,190.0,25.7,104926.0,1.0,178.0,29.0,5.0,4.0,38.0,1105.0,35.0,1170.0,2016.0,1.0
153325,1.0,0.0,105208.0,1.0,190.0,20.6,103017.0,1.0,183.0,31.8,3.0,6.0,42.0,1370.0,29.0,1680.0,2009.0,1.0
121604,1.0,4.0,103970.0,1.0,175.0,28.0,104918.0,1.0,190.0,22.9,3.0,5.0,17.0,2105.0,5.0,5485.0,2010.0,0.0
141922,3.0,0.0,104755.0,1.0,185.0,26.2,103813.0,0.0,185.0,31.1,3.0,9.0,14.0,2165.0,38.0,992.0,2012.0,0.0
182023,0.0,0.0,103484.0,1.0,185.0,25.8,104339.0,1.0,196.0,21.5,3.0,6.0,23.0,1200.0,21.0,1360.0,2005.0,1.0
3309,3.0,0.0,104678.0,1.0,193.0,24.5,104797.0,1.0,188.0,23.9,3.0,9.0,45.0,980.0,46.0,955.0,2010.0,1.0
102900,3.0,0.0,104166.0,1.0,178.0,28.5,103852.0,0.0,188.0,30.1,3.0,6.0,33.0,1170.0,21.0,1675.0,2011.0,0.0
24917,3.0,4.0,102854.0,1.0,193.0,26.9,103484.0,1.0,185.0,23.6,3.0,6.0,12.0,1740.0,27.0,1090.0,2003.0,1.0
188605,3.0,4.0,105223.0,1.0,198.0,25.0,104259.0,1.0,178.0,29.9,3.0,6.0,5.0,4925.0,23.0,1445.0,2013.0,0.0
5975,1.0,0.0,103105.0,1.0,183.0,29.1,104597.0,1.0,183.0,21.5,3.0,5.0,59.0,625.0,28.0,990.0,2007.0,1.0
2777,1.0,4.0,102860.0,1.0,183.0,26.6,102905.0,0.0,175.0,26.3,3.0,7.0,29.0,1090.0,59.0,695.0,2003.0,0.0
72842,3.0,4.0,128034.0,1.0,196.0,25.4,105807.0,1.0,188.0,31.0,3.0,2.0,10.0,3015.0,23.0,1555.0,2022.0,1.0
131459,3.0,0.0,126774.0,1.0,193.0,21.1,105077.0,0.0,188.0,31.7,3.0,6.0,7.0,3740.0,42.0,1130.0,2019.0,0.0
93935,3.0,0.0,104386.0,1.0,180.0,25.3,104269.0,0.0,188.0,25.9,3.0,5.0,39.0,990.0,8.0,3225.0,2009.0,1.0
101874,1.0,0.0,104076.0,1.0,190.0,20.4,103176.0,1.0,183.0,24.9,3.0,6.0,45.0,798.0,46.0,797.0,2003.0,0.0
62427,1.0,0.0,104198.0,1.0,188.0,23.9,104925.0,1.0,188.0,19.9,3.0,3.0,62.0,609.0,5.0,2595.0,2007.0,1.0
169965,1.0,4.0,104542.0,1.0,188.0,24.0,103344.0,1.0,193.0,30.1,3.0,6.0,9.0,3455.0,54.0,1181.0,2009.0,1.0
152493,1.0,4.0,100644.0,1.0,198.0,20.9,104755.0,1.0,185.0,31.8,3.0,3.0,4.0,4925.0,34.0,1340.0,2018.0,0.0
75583,3.0,4.0,104229.0,1.0,180.0,29.1,103819.0,1.0,185.0,31.1,3.0,6.0,62.0,724.0,1.0,11805.0,2012.0,1.0
205935,3.0,3.0,103852.0,0.0,188.0,31.3,103285.0,1.0,185.0,34.1,5.0,7.0,42.0,1005.0,34.0,1090.0,2013.0,1.0
26649,2.0,3.0,103781.0,0.0,183.0,29.0,103819.0,1.0,185.0,28.8,5.0,5.0,16.0,2125.0,2.0,8525.0,2010.0,1.0
118061,3.0,3.0,104542.0,1.0,188.0,27.7,103566.0,0.0,190.0,32.6,5.0,4.0,8.0,3375.0,52.0,823.0,2013.0,0.0
22354,3.0,4.0,104068.0,1.0,183.0,23.0,103206.0,1.0,175.0,27.3,3.0,6.0,21.0,1270.0,34.0,1000.0,2005.0,0.0
50207,3.0,1.0,200000.0,1.0,193.0,22.0,207989.0,1.0,185.0,19.3,3.0,8.0,13.0,2950.0,1.0,6740.0,2022.0,0.0
19806,3.0,4.0,104918.0,1.0,190.0,21.2,102845.0,1.0,190.0,31.9,3.0,3.0,9.0,1835.0,41.0,870.0,2008.0,0.0
73520,3.0,4.0,103970.0,1.0,175.0,28.3,105238.0,1.0,180.0,21.7,3.0,7.0,11.0,3065.0,43.0,1003.0,2010.0,0.0
69894,3.0,4.0,102854.0,1.0,193.0,26.9,103151.0,1.0,183.0,25.4,3.0,7.0,11.0,1770.0,31.0,1018.0,2003.0,1.0
163992,1.0,0.0,103694.0,1.0,168.0,22.2,102338.0,1.0,190.0,29.1,3.0,6.0,60.0,673.0,25.0,1175.0,2003.0,1.0
4427,3.0,0.0,103893.0,1.0,183.0,31.0,105077.0,0.0,188.0,24.9,3.0,6.0,64.0,744.0,50.0,830.0,2012.0,0.0
72387,3.0,3.0,106233.0,1.0,185.0,26.3,100644.0,1.0,198.0,22.7,5.0,9.0,5.0,5890.0,7.0,3345.0,2020.0,0.0
162994,3.0,0.0,103970.0,1.0,175.0,26.4,105223.0,1.0,198.0,20.0,3.0,3.0,5.0,2490.0,12.0,1518.0,2008.0,1.0
23828,3.0,4.0,105173.0,0.0,183.0,29.2,104731.0,1.0,203.0,31.3,3.0,7.0,29.0,1570.0,15.0,2470.0,2017.0,1.0
68920,3.0,4.0,103900.0,1.0,180.0,25.8,104597.0,1.0,183.0,22.1,3.0,7.0,21.0,1375.0,28.0,995.0,2007.0,0.0
183018,3.0,4.0,104745.0,0.0,185.0,18.7,103344.0,1.0,193.0,26.0,3.0,5.0,31.0,1065.0,14.0,1645.0,2005.0,0.0
23372,3.0,0.0,104797.0,1.0,188.0,24.1,104571.0,1.0,183.0,25.3,3.0,9.0,46.0,996.0,19.0,1930.0,2010.0,1.0
62889,3.0,4.0,105453.0,1.0,178.0,25.8,104871.0,1.0,188.0,28.7,3.0,6.0,7.0,4440.0,32.0,1230.0,2015.0,0.0
86972,3.0,0.0,105992.0,1.0,183.0,20.2,104424.0,1.0,178.0,27.9,3.0,7.0,61.0,740.0,55.0,816.0,2012.0,0.0
134322,2.0,0.0,104731.0,1.0,203.0,32.0,104919.0,1.0,188.0,31.0,3.0,6.0,8.0,3635.0,38.0,1182.0,2018.0,1.0
12602,1.0,0.0,103852.0,0.0,188.0,30.6,106071.0,1.0,193.0,19.5,3.0,3.0,16.0,1795.0,33.0,1165.0,2012.0,0.0
80616,2.0,3.0,105227.0,1.0,198.0,27.7,103819.0,1.0,185.0,34.8,5.0,3.0,13.0,2695.0,3.0,6425.0,2016.0,1.0
65886,3.0,4.0,104918.0,1.0,190.0,26.8,104542.0,1.0,188.0,28.9,3.0,5.0,6.0,4795.0,11.0,2615.0,2014.0,0.0
13015,3.0,3.0,105138.0,1.0,183.0,24.7,103781.0,0.0,183.0,31.6,5.0,7.0,56.0,786.0,29.0,1177.0,2013.0,1.0
79202,3.0,2.0,106421.0,1.0,198.0,26.7,126774.0,1.0,193.0,24.2,3.0,8.0,5.0,4065.0,3.0,5350.0,2022.0,1.0
181533,3.0,3.0,105807.0,1.0,188.0,26.5,105227.0,1.0,198.0,29.2,5.0,5.0,11.0,2615.0,6.0,3805.0,2018.0,1.0
106038,3.0,0.0,106071.0,1.0,193.0,22.7,105449.0,1.0,188.0,25.6,3.0,6.0,26.0,1400.0,55.0,835.0,2015.0,1.0
147218,1.0,0.0,104259.0,1.0,178.0,27.7,103656.0,1.0,175.0,30.6,3.0,5.0,43.0,1080.0,50.0,915.0,2011.0,1.0
71854,1.0,4.0,105053.0,1.0,188.0,22.4,104259.0,1.0,178.0,26.5,3.0,7.0,59.0,764.0,29.0,1400.0,2010.0,0.0
47793,1.0,0.0,104547.0,0.0,188.0,24.9,104655.0,1.0,180.0,24.2,3.0,7.0,50.0,883.0,54.0,797.0,2010.0,1.0
92615,1.0,4.0,103786.0,1.0,178.0,25.8,104417.0,1.0,193.0,22.6,3.0,6.0,4.0,2825.0,28.0,1003.0,2007.0,1.0
108285,3.0,0.0,105526.0,1.0,193.0,29.2,111442.0,1.0,183.0,25.2,3.0,6.0,35.0,1265.0,46.0,1009.0,2019.0,1.0
197043,0.0,1.0,103344.0,1.0,193.0,27.0,103900.0,1.0,180.0,24.2,5.0,8.0,5.0,2570.0,3.0,2750.0,2006.0,0.0
147037,1.0,4.0,103163.0,1.0,188.0,27.0,103103.0,1.0,183.0,27.3,3.0,7.0,22.0,1245.0,18.0,1331.0,2005.0,1.0
112709,3.0,3.0,103720.0,1.0,180.0,25.5,104925.0,1.0,188.0,19.2,5.0,6.0,17.0,1515.0,23.0,1183.0,2006.0,0.0
162166,3.0,0.0,126094.0,1.0,188.0,20.1,105550.0,0.0,185.0,27.6,3.0,9.0,39.0,1229.0,64.0,774.0,2018.0,0.0
160428,3.0,4.0,103990.0,1.0,180.0,25.8,104534.0,1.0,175.0,22.9,3.0,7.0,14.0,1520.0,61.0,575.0,2008.0,1.0
23694,3.0,0.0,105676.0,1.0,180.0,24.8,104312.0,1.0,190.0,31.6,3.0,6.0,17.0,1970.0,25.0,1440.0,2015.0,0.0
180752,3.0,4.0,133430.0,0.0,185.0,20.5,104925.0,1.0,188.0,32.4,3.0,2.0,28.0,1460.0,1.0,9545.0,2019.0,1.0
167057,3.0,0.0,104925.0,1.0,188.0,33.7,100644.0,1.0,198.0,23.7,3.0,8.0,1.0,12030.0,7.0,5615.0,2021.0,0.0
113695,3.0,0.0,103898.0,1.0,185.0,31.1,103812.0,1.0,198.0,31.5,3.0,5.0,38.0,1015.0,59.0,753.0,2013.0,0.0
83907,3.0,0.0,103280.0,1.0,196.0,25.1,102882.0,1.0,196.0,27.1,3.0,3.0,17.0,1420.0,10.0,1605.0,2004.0,0.0
18247,1.0,0.0,105676.0,1.0,180.0,22.4,104813.0,1.0,183.0,26.6,3.0,6.0,57.0,797.0,49.0,852.0,2013.0,1.0
185601,3.0,4.0,104571.0,1.0,183.0,29.7,104925.0,1.0,188.0,27.7,3.0,7.0,61.0,788.0,1.0,13205.0,2015.0,1.0
89705,3.0,4.0,104252.0,1.0,190.0,28.8,104719.0,1.0,190.0,26.3,3.0,6.0,23.0,1545.0,27.0,1350.0,2012.0,1.0
147573,3.0,0.0,104545.0,1.0,206.0,26.8,106071.0,1.0,193.0,19.3,3.0,3.0,11.0,2075.0,37.0,1061.0,2012.0,0.0
105461,3.0,4.0,104665.0,1.0,180.0,26.1,104898.0,1.0,190.0,24.9,3.0,4.0,45.0,1000.0,55.0,826.0,2012.0,0.0
176579,1.0,3.0,104925.0,1.0,188.0,27.0,105311.0,1.0,185.0,25.1,5.0,4.0,2.0,11850.0,44.0,1039.0,2014.0,0.0
118203,1.0,4.0,102610.0,1.0,180.0,28.8,103694.0,1.0,168.0,23.3,3.0,6.0,31.0,1035.0,63.0,604.0,2004.0,0.0
112094,3.0,4.0,104545.0,1.0,206.0,29.2,104731.0,1.0,203.0,28.2,3.0,7.0,14.0,2435.0,17.0,1775.0,2014.0,0.0
71462,3.0,4.0,104019.0,1.0,193.0,24.3,103498.0,1.0,193.0,26.7,3.0,5.0,33.0,945.0,49.0,765.0,2006.0,1.0
169484,3.0,0.0,100644.0,1.0,198.0,21.8,200282.0,1.0,183.0,20.0,3.0,3.0,3.0,6475.0,26.0,1443.0,2019.0,0.0
140598,3.0,0.0,104312.0,1.0,190.0,34.9,105376.0,1.0,185.0,29.5,3.0,6.0,40.0,1060.0,61.0,770.0,2019.0,0.0
95616,3.0,0.0,104925.0,1.0,188.0,25.7,104607.0,1.0,196.0,27.4,3.0,2.0,1.0,12960.0,6.0,4545.0,2013.0,0.0
33230,1.0,3.0,104269.0,0.0,188.0,27.5,104338.0,1.0,185.0,27.1,5.0,4.0,20.0,1515.0,43.0,1025.0,2011.0,0.0
124679,1.0,4.0,126203.0,1.0,193.0,23.5,105077.0,0.0,188.0,33.2,3.0,7.0,30.0,1855.0,37.0,1610.0,2021.0,1.0
25728,3.0,2.0,104925.0,1.0,188.0,31.4,105227.0,1.0,198.0,30.1,3.0,8.0,1.0,8045.0,7.0,4050.0,2018.0,0.0
183276,1.0,0.0,106233.0,1.0,185.0,21.8,104792.0,1.0,193.0,28.8,3.0,9.0,26.0,1235.0,17.0,1930.0,2015.0,0.0
172339,0.0,4.0,102839.0,1.0,188.0,27.2,102035.0,1.0,183.0,31.5,3.0,6.0,57.0,650.0,41.0,948.0,2003.0,1.0
60491,1.0,4.0,104312.0,1.0,190.0,24.2,102148.0,1.0,178.0,35.4,3.0,7.0,46.0,743.0,50.0,706.0,2008.0,0.0
191311,3.0,0.0,103018.0,1.0,196.0,25.6,102783.0,1.0,180.0,26.8,3.0,5.0,36.0,965.0,16.0,1570.0,2003.0,1.0
141097,3.0,0.0,105138.0,1.0,183.0,28.8,105676.0,1.0,180.0,26.1,3.0,9.0,16.0,2190.0,11.0,2930.0,2017.0,1.0
36890,3.0,0.0,103908.0,1.0,185.0,24.7,103722.0,1.0,180.0,25.5,3.0,5.0,51.0,725.0,61.0,660.0,2006.0,1.0
119853,3.0,4.0,105453.0,1.0,178.0,26.5,104527.0,1.0,183.0,31.3,3.0,9.0,6.0,4290.0,5.0,4720.0,2016.0,0.0
56591,1.0,0.0,105643.0,0.0,190.0,31.5,105916.0,1.0,188.0,30.1,3.0,6.0,34.0,1254.0,53.0,979.0,2022.0,1.0
137983,3.0,4.0,104792.0,1.0,193.0,23.1,103898.0,1.0,185.0,27.8,3.0,5.0,16.0,2055.0,49.0,879.0,2009.0,0.0
141195,3.0,4.0,103835.0,1.0,183.0,25.9,104269.0,0.0,188.0,23.7,3.0,7.0,29.0,981.0,35.0,820.0,2007.0,1.0
189542,3.0,4.0,104545.0,1.0,206.0,31.5,104918.0,1.0,190.0,29.4,3.0,2.0,27.0,1430.0,2.0,10985.0,2016.0,1.0
50599,3.0,4.0,105023.0,1.0,198.0,21.8,104332.0,1.0,185.0,25.3,3.0,7.0,26.0,1510.0,45.0,1040.0,2009.0,1.0
82888,1.0,4.0,104098.0,1.0,185.0,31.4,105138.0,1.0,183.0,26.0,3.0,7.0,33.0,1155.0,28.0,1340.0,2014.0,0.0
151668,3.0,0.0,105683.0,1.0,196.0,25.7,104252.0,1.0,190.0,32.9,3.0,6.0,6.0,4510.0,60.0,813.0,2016.0,0.0
154160,1.0,1.0,104417.0,1.0,193.0,23.6,103900.0,1.0,180.0,26.2,5.0,8.0,39.0,830.0,7.0,2070.0,2008.0,1.0
57086,3.0,3.0,105053.0,1.0,188.0,24.1,104925.0,1.0,188.0,24.6,5.0,7.0,56.0,845.0,1.0,13630.0,2012.0,1.0
45048,2.0,0.0,105062.0,1.0,183.0,26.4,104797.0,1.0,188.0,27.7,3.0,6.0,58.0,835.0,49.0,915.0,2014.0,1.0
68909,3.0,0.0,126205.0,1.0,185.0,23.7,122330.0,1.0,196.0,23.7,3.0,5.0,56.0,1080.0,43.0,1385.0,2021.0,0.0
124384,1.0,4.0,104180.0,0.0,193.0,33.9,105683.0,1.0,196.0,26.3,3.0,6.0,26.0,1530.0,6.0,4135.0,2017.0,1.0
132893,2.0,0.0,106214.0,1.0,196.0,28.8,127157.0,1.0,191.0,23.7,3.0,6.0,61.0,945.0,59.0,965.0,2022.0,0.0
116424,3.0,0.0,104607.0,1.0,196.0,22.8,104312.0,1.0,190.0,24.4,3.0,6.0,20.0,1235.0,34.0,955.0,2008.0,0.0
20471,3.0,0.0,104797.0,1.0,188.0,26.4,103794.0,1.0,178.0,31.6,3.0,5.0,47.0,875.0,61.0,778.0,2013.0,0.0
33638,3.0,0.0,103387.0,1.0,185.0,24.1,103484.0,1.0,185.0,23.6,3.0,2.0,11.0,1755.0,41.0,915.0,2003.0,0.0
177008,1.0,0.0,104198.0,1.0,188.0,31.8,106432.0,1.0,188.0,18.4,3.0,3.0,31.0,1235.0,55.0,869.0,2015.0,0.0
6033,2.0,0.0,104022.0,1.0,183.0,31.9,103333.0,1.0,208.0,35.2,3.0,6.0,16.0,1930.0,33.0,1177.0,2014.0,1.0
12778,3.0,1.0,104918.0,1.0,190.0,29.3,105223.0,1.0,198.0,27.9,5.0,8.0,2.0,9485.0,64.0,770.0,2016.0,1.0
76794,1.0,0.0,106210.0,0.0,198.0,24.0,104269.0,0.0,188.0,33.6,3.0,6.0,55.0,840.0,37.0,1115.0,2017.0,0.0
175073,3.0,4.0,126774.0,1.0,193.0,21.2,104925.0,1.0,188.0,32.4,3.0,3.0,7.0,3830.0,1.0,9545.0,2019.0,1.0
71034,3.0,3.0,104022.0,1.0,183.0,32.1,106401.0,1.0,193.0,19.3,5.0,4.0,23.0,1540.0,60.0,805.0,2014.0,1.0
160160,2.0,3.0,126610.0,1.0,196.0,25.2,200000.0,1.0,193.0,20.8,5.0,3.0,9.0,4468.0,19.0,2468.0,2021.0,0.0
193448,3.0,4.0,103103.0,1.0,183.0,26.5,103781.0,0.0,183.0,23.1,3.0,7.0,20.0,1186.0,61.0,672.0,2004.0,1.0
163702,3.0,0.0,103808.0,1.0,188.0,29.2,104571.0,1.0,183.0,25.3,3.0,5.0,55.0,905.0,19.0,1930.0,2010.0,1.0
154344,1.0,0.0,103694.0,1.0,168.0,26.3,103970.0,1.0,175.0,25.1,3.0,8.0,46.0,730.0,14.0,1725.0,2007.0,1.0
14378,3.0,4.0,104918.0,1.0,190.0,21.1,104925.0,1.0,188.0,21.1,3.0,3.0,9.0,1730.0,3.0,4945.0,2008.0,0.0
155520,3.0,0.0,104229.0,1.0,180.0,33.4,111575.0,1.0,198.0,20.6,3.0,6.0,61.0,774.0,51.0,875.0,2017.0,0.0
132781,3.0,4.0,103900.0,1.0,180.0,21.5,103852.0,0.0,188.0,21.8,3.0,3.0,21.0,1235.0,37.0,950.0,2003.0,0.0
130583,3.0,4.0,104792.0,1.0,193.0,28.5,104607.0,1.0,196.0,29.5,3.0,5.0,19.0,1735.0,9.0,4510.0,2015.0,1.0
153263,3.0,2.0,103498.0,1.0,193.0,24.8,103819.0,1.0,185.0,23.2,3.0,9.0,4.0,2860.0,1.0,5585.0,2004.0,1.0
38363,3.0,1.0,104386.0,1.0,180.0,26.2,104607.0,1.0,196.0,24.9,5.0,8.0,37.0,1100.0,7.0,3780.0,2010.0,0.0
7187,2.0,0.0,111575.0,1.0,198.0,26.0,106234.0,1.0,185.0,28.7,3.0,6.0,23.0,1710.0,38.0,1093.0,2022.0,0.0
163238,1.0,4.0,126205.0,1.0,185.0,24.9,206173.0,1.0,188.0,20.7,3.0,7.0,35.0,1243.0,12.0,3015.0,2022.0,1.0
56044,3.0,0.0,104229.0,1.0,180.0,31.5,103607.0,1.0,173.0,34.5,3.0,6.0,61.0,808.0,48.0,929.0,2015.0,0.0
131171,1.0,0.0,126203.0,1.0,193.0,21.5,105138.0,1.0,183.0,31.0,3.0,3.0,46.0,1010.0,21.0,1690.0,2019.0,0.0
126452,3.0,2.0,103900.0,1.0,180.0,21.8,103819.0,1.0,185.0,22.2,3.0,8.0,8.0,1960.0,3.0,3625.0,2003.0,1.0
115294,2.0,0.0,104755.0,1.0,185.0,21.9,102967.0,1.0,188.0,31.2,3.0,5.0,9.0,1625.0,60.0,619.0,2008.0,1.0
47284,3.0,3.0,104527.0,1.0,183.0,30.8,105683.0,1.0,196.0,25.0,5.0,5.0,4.0,6865.0,14.0,2270.0,2016.0,1.0
2321,2.0,3.0,103819.0,1.0,185.0,22.8,103333.0,1.0,208.0,25.3,5.0,5.0,1.0,5610.0,62.0,626.0,2004.0,0.0
68307,1.0,4.0,105526.0,1.0,193.0,31.0,126094.0,1.0,188.0,23.5,3.0,6.0,41.0,1545.0,7.0,6000.0,2021.0,1.0
19356,3.0,0.0,104545.0,1.0,206.0,25.4,104925.0,1.0,188.0,23.3,3.0,9.0,22.0,1715.0,2.0,7145.0,2010.0,1.0
149475,2.0,0.0,106421.0,1.0,198.0,26.3,106234.0,1.0,185.0,28.7,3.0,5.0,1.0,8160.0,43.0,1056.0,2022.0,0.0
111751,3.0,0.0,106432.0,1.0,188.0,24.2,105453.0,1.0,178.0,31.1,3.0,3.0,26.0,1890.0,45.0,1355.0,2021.0,0.0
43165,2.0,0.0,106071.0,1.0,193.0,23.6,105683.0,1.0,196.0,25.4,3.0,9.0,22.0,1625.0,9.0,2965.0,2016.0,1.0
110392,3.0,0.0,104571.0,1.0,183.0,24.6,103582.0,0.0,193.0,29.6,3.0,3.0,37.0,1100.0,56.0,783.0,2010.0,0.0
22929,3.0,4.0,126205.0,1.0,185.0,25.2,207989.0,1.0,185.0,19.2,3.0,6.0,34.0,1220.0,4.0,5035.0,2022.0,0.0
3398,3.0,4.0,106432.0,1.0,188.0,23.9,105916.0,1.0,188.0,28.7,3.0,7.0,24.0,1820.0,52.0,1047.0,2020.0,0.0
197430,3.0,3.0,126610.0,1.0,196.0,23.3,111442.0,1.0,183.0,25.3,5.0,7.0,25.0,1535.0,55.0,976.0,2019.0,0.0
180063,1.0,0.0,104269.0,0.0,188.0,34.2,106043.0,1.0,170.0,25.5,3.0,2.0,40.0,1260.0,23.0,1810.0,2018.0,1.0
13744,1.0,0.0,105077.0,0.0,188.0,32.6,122330.0,1.0,196.0,23.2,3.0,6.0,44.0,1130.0,56.0,965.0,2020.0,1.0
163060,3.0,2.0,104053.0,1.0,188.0,28.2,104925.0,1.0,188.0,23.5,3.0,8.0,8.0,3665.0,3.0,5635.0,2010.0,1.0
141569,3.0,4.0,124079.0,1.0,185.0,24.9,106421.0,1.0,198.0,26.1,3.0,6.0,47.0,1077.0,2.0,8410.0,2022.0,1.0
202612,3.0,0.0,103893.0,1.0,183.0,34.8,105453.0,1.0,178.0,26.8,3.0,5.0,38.0,1095.0,5.0,4650.0,2016.0,1.0
184157,3.0,4.0,102845.0,1.0,190.0,28.9,104745.0,0.0,185.0,19.1,3.0,7.0,32.0,1075.0,2.0,4030.0,2005.0,1.0
40572,1.0,0.0,104542.0,1.0,188.0,32.0,104122.0,1.0,183.0,34.2,3.0,5.0,13.0,2870.0,63.0,799.0,2017.0,0.0
190704,0.0,0.0,103018.0,1.0,196.0,25.5,102106.0,1.0,188.0,30.4,3.0,5.0,45.0,760.0,44.0,773.0,2003.0,1.0
135217,3.0,0.0,102148.0,1.0,178.0,36.8,103720.0,1.0,180.0,28.6,3.0,5.0,42.0,1038.0,26.0,1375.0,2009.0,1.0
166153,1.0,4.0,103819.0,1.0,185.0,26.7,103084.0,1.0,185.0,30.4,3.0,6.0,1.0,6775.0,30.0,1015.0,2008.0,0.0
72929,1.0,4.0,106426.0,1.0,185.0,24.9,126610.0,1.0,196.0,25.0,3.0,3.0,25.0,2215.0,10.0,3493.0,2021.0,1.0
42395,3.0,3.0,104755.0,1.0,185.0,25.1,104660.0,1.0,193.0,25.6,5.0,4.0,13.0,2080.0,55.0,825.0,2011.0,0.0
196312,1.0,4.0,102905.0,0.0,175.0,26.2,102562.0,1.0,190.0,28.0,3.0,7.0,60.0,670.0,9.0,1991.0,2003.0,1.0
21479,3.0,0.0,105227.0,1.0,198.0,22.0,105064.0,0.0,188.0,22.7,3.0,6.0,14.0,2540.0,27.0,1455.0,2010.0,0.0
140853,3.0,3.0,105357.0,1.0,183.0,29.2,104926.0,1.0,178.0,31.2,5.0,7.0,55.0,963.0,14.0,2190.0,2018.0,0.0
37807,3.0,3.0,102450.0,1.0,185.0,31.3,104098.0,1.0,185.0,23.0,5.0,4.0,36.0,870.0,53.0,690.0,2006.0,1.0
131378,3.0,0.0,126952.0,1.0,180.0,24.2,126094.0,1.0,188.0,24.3,3.0,5.0,60.0,990.0,7.0,4590.0,2022.0,1.0
18368,3.0,3.0,104918.0,1.0,190.0,28.2,105173.0,0.0,183.0,27.1,5.0,7.0,3.0,8840.0,35.0,1140.0,2015.0,0.0
200557,3.0,0.0,102148.0,1.0,178.0,30.1,103819.0,1.0,185.0,21.5,3.0,5.0,32.0,1045.0,5.0,2530.0,2003.0,1.0
118399,3.0,3.0,104655.0,1.0,180.0,24.0,103852.0,0.0,188.0,28.3,5.0,4.0,48.0,905.0,46.0,905.0,2010.0,1.0
151058,3.0,3.0,103819.0,1.0,185.0,33.0,104792.0,1.0,193.0,27.9,5.0,3.0,3.0,7490.0,24.0,1530.0,2014.0,0.0
173953,3.0,0.0,104542.0,1.0,188.0,24.8,103344.0,1.0,193.0,30.9,3.0,5.0,11.0,2825.0,26.0,1450.0,2010.0,1.0
82354,3.0,4.0,100644.0,1.0,198.0,22.4,126610.0,1.0,196.0,23.4,3.0,9.0,6.0,4185.0,13.0,2221.0,2019.0,0.0
159423,3.0,4.0,104053.0,1.0,188.0,21.9,103387.0,1.0,185.0,25.1,3.0,5.0,2.0,5185.0,15.0,1360.0,2004.0,0.0
120792,1.0,0.0,103893.0,1.0,183.0,35.5,106210.0,0.0,198.0,24.0,3.0,3.0,34.0,1223.0,57.0,815.0,2017.0,0.0
7009,3.0,3.0,104269.0,0.0,188.0,32.1,104745.0,0.0,185.0,29.6,5.0,4.0,45.0,900.0,5.0,5230.0,2016.0,0.0
72578,3.0,4.0,104291.0,1.0,185.0,33.1,103917.0,1.0,190.0,35.1,3.0,4.0,53.0,883.0,54.0,870.0,2017.0,0.0
111454,3.0,4.0,106071.0,1.0,193.0,19.4,103970.0,1.0,175.0,29.9,3.0,7.0,36.0,1091.0,5.0,4700.0,2012.0,1.0
55860,3.0,4.0,104339.0,1.0,196.0,21.5,103694.0,1.0,168.0,24.7,3.0,6.0,20.0,1360.0,24.0,1135.0,2005.0,1.0
83916,1.0,0.0,104898.0,1.0,190.0,27.0,104586.0,1.0,196.0,28.7,3.0,9.0,50.0,947.0,43.0,1016.0,2014.0,1.0
171591,3.0,0.0,104527.0,1.0,183.0,22.5,103900.0,1.0,180.0,25.8,3.0,6.0,35.0,865.0,18.0,1435.0,2007.0,0.0
131446,2.0,3.0,104797.0,1.0,188.0,27.7,104098.0,1.0,185.0,31.5,5.0,4.0,45.0,985.0,31.0,1200.0,2014.0,0.0
46956,2.0,0.0,106298.0,1.0,185.0,23.2,105332.0,1.0,196.0,28.0,3.0,9.0,16.0,2365.0,49.0,915.0,2017.0,0.0
41431,1.0,3.0,103632.0,1.0,180.0,25.7,104925.0,1.0,188.0,19.0,5.0,4.0,46.0,802.0,63.0,627.0,2006.0,1.0
165343,3.0,3.0,103292.0,1.0,175.0,25.1,103990.0,1.0,180.0,21.7,5.0,4.0,34.0,1030.0,20.0,1295.0,2004.0,0.0
91557,1.0,0.0,104792.0,1.0,193.0,21.0,103835.0,1.0,183.0,26.0,3.0,6.0,48.0,672.0,28.0,971.0,2007.0,0.0
31418,3.0,0.0,103970.0,1.0,175.0,27.4,104022.0,1.0,183.0,27.2,3.0,6.0,19.0,1800.0,52.0,915.0,2009.0,1.0
34245,2.0,3.0,104918.0,1.0,190.0,21.1,102148.0,1.0,178.0,35.5,5.0,4.0,11.0,1555.0,54.0,721.0,2008.0,0.0
65598,3.0,4.0,104386.0,1.0,180.0,29.1,105023.0,1.0,198.0,25.8,3.0,7.0,20.0,1650.0,28.0,1345.0,2013.0,0.0
143515,3.0,0.0,103484.0,1.0,185.0,27.5,102703.0,1.0,180.0,31.5,3.0,9.0,9.0,2075.0,42.0,726.0,2007.0,0.0
78090,3.0,3.0,104925.0,1.0,188.0,20.2,104338.0,1.0,185.0,23.4,5.0,5.0,3.0,3670.0,23.0,1175.0,2007.0,0.0
103762,3.0,0.0,103602.0,1.0,183.0,24.0,103758.0,1.0,188.0,23.3,3.0,0.0,21.0,1220.0,28.0,1055.0,2004.0,0.0
125405,3.0,4.0,104545.0,1.0,206.0,32.5,106043.0,1.0,170.0,25.2,3.0,6.0,14.0,2505.0,25.0,1720.0,2017.0,0.0
51901,3.0,0.0,103852.0,0.0,188.0,38.3,104926.0,1.0,178.0,32.6,3.0,5.0,61.0,888.0,12.0,2310.0,2020.0,0.0
7766,1.0,4.0,104745.0,0.0,185.0,29.8,104527.0,1.0,183.0,31.0,3.0,3.0,5.0,4955.0,4.0,6370.0,2016.0,0.0
181125,3.0,3.0,106401.0,1.0,193.0,22.7,105777.0,1.0,188.0,26.6,5.0,5.0,17.0,2260.0,3.0,4990.0,2018.0,1.0
19167,1.0,1.0,105238.0,1.0,180.0,24.8,104269.0,0.0,188.0,29.8,5.0,8.0,40.0,1080.0,33.0,1245.0,2013.0,1.0
144299,3.0,0.0,106432.0,1.0,188.0,23.1,128034.0,1.0,196.0,22.8,3.0,8.0,28.0,1415.0,37.0,1198.0,2020.0,1.0
41848,3.0,1.0,104925.0,1.0,188.0,19.3,103819.0,1.0,185.0,25.1,5.0,8.0,21.0,1183.0,1.0,7295.0,2006.0,1.0
101522,2.0,0.0,104468.0,1.0,183.0,30.4,105023.0,1.0,198.0,27.7,3.0,3.0,13.0,2435.0,44.0,1010.0,2015.0,1.0
18253,1.0,4.0,104719.0,1.0,190.0,27.0,104918.0,1.0,190.0,25.9,3.0,6.0,37.0,1055.0,2.0,8750.0,2013.0,0.0
196384,3.0,3.0,103103.0,1.0,183.0,28.0,103786.0,1.0,178.0,24.6,5.0,5.0,15.0,1540.0,5.0,2355.0,2006.0,1.0
122967,3.0,4.0,128034.0,1.0,196.0,24.7,126205.0,1.0,185.0,24.4,3.0,6.0,10.0,3366.0,53.0,1103.0,2021.0,0.0
194675,3.0,2.0,103786.0,1.0,178.0,25.4,103990.0,1.0,180.0,24.5,3.0,8.0,3.0,2725.0,6.0,2275.0,2006.0,0.0
102302,3.0,4.0,102703.0,1.0,180.0,31.2,103506.0,1.0,183.0,27.1,3.0,4.0,48.0,725.0,62.0,582.0,2007.0,1.0
103259,3.0,4.0,104571.0,1.0,183.0,22.7,104527.0,1.0,183.0,22.9,3.0,6.0,18.0,1455.0,35.0,955.0,2008.0,1.0
1386,3.0,4.0,103786.0,1.0,178.0,26.8,104620.0,1.0,183.0,22.4,3.0,6.0,4.0,2710.0,55.0,612.0,2008.0,0.0
91377,3.0,0.0,103017.0,1.0,183.0,26.5,103909.0,1.0,175.0,21.9,3.0,6.0,57.0,616.0,5.0,3330.0,2004.0,1.0
111405,1.0,0.0,103908.0,1.0,185.0,23.5,103292.0,1.0,175.0,26.6,3.0,5.0,56.0,654.0,13.0,1590.0,2005.0,1.0
146600,1.0,4.0,104259.0,1.0,178.0,34.5,111575.0,1.0,198.0,21.9,3.0,7.0,28.0,1530.0,36.0,1255.0,2018.0,0.0
109853,2.0,0.0,105449.0,1.0,188.0,28.5,106421.0,1.0,198.0,22.3,3.0,6.0,42.0,1110.0,59.0,917.0,2018.0,0.0
172370,1.0,4.0,104918.0,1.0,190.0,20.9,104098.0,1.0,185.0,25.4,3.0,7.0,14.0,1410.0,31.0,980.0,2008.0,0.0
176844,3.0,0.0,105208.0,1.0,190.0,25.1,105668.0,1.0,203.0,22.9,3.0,3.0,26.0,1361.0,15.0,2060.0,2013.0,0.0
79260,2.0,3.0,111577.0,1.0,188.0,21.7,104291.0,1.0,185.0,34.4,5.0,4.0,54.0,945.0,61.0,912.0,2018.0,0.0
63718,3.0,1.0,105227.0,1.0,198.0,33.1,104925.0,1.0,188.0,34.5,3.0,8.0,30.0,1710.0,1.0,11540.0,2021.0,1.0
3562,1.0,4.0,103852.0,0.0,188.0,30.5,104527.0,1.0,183.0,27.0,3.0,7.0,16.0,1900.0,26.0,1290.0,2012.0,1.0
43894,3.0,0.0,100644.0,1.0,198.0,21.4,105138.0,1.0,183.0,30.4,3.0,6.0,5.0,4890.0,26.0,1570.0,2018.0,0.0
46032,3.0,0.0,200000.0,1.0,193.0,22.1,104925.0,1.0,188.0,35.3,3.0,8.0,13.0,2950.0,7.0,3570.0,2022.0,0.0
152045,3.0,0.0,104571.0,1.0,183.0,25.6,103852.0,0.0,188.0,29.3,3.0,5.0,20.0,1580.0,44.0,1025.0,2011.0,0.0
124641,0.0,0.0,102338.0,1.0,190.0,28.9,103813.0,0.0,185.0,21.5,3.0,9.0,26.0,1190.0,37.0,945.0,2003.0,0.0
66512,3.0,0.0,104597.0,1.0,183.0,26.0,105453.0,1.0,178.0,21.7,3.0,3.0,11.0,2300.0,54.0,810.0,2011.0,1.0
137493,1.0,0.0,104678.0,1.0,193.0,26.2,104252.0,1.0,190.0,28.6,3.0,8.0,31.0,1195.0,35.0,1145.0,2012.0,0.0
193683,2.0,0.0,105453.0,1.0,178.0,24.4,104792.0,1.0,193.0,27.7,3.0,5.0,12.0,2645.0,20.0,1660.0,2014.0,0.0
64469,1.0,4.0,104607.0,1.0,196.0,32.5,105453.0,1.0,178.0,28.2,3.0,7.0,18.0,2140.0,36.0,1280.0,2018.0,1.0
117213,1.0,4.0,104926.0,1.0,178.0,29.9,105311.0,1.0,185.0,28.1,3.0,7.0,29.0,1235.0,41.0,945.0,2017.0,0.0
111035,3.0,2.0,106233.0,1.0,185.0,23.1,105683.0,1.0,196.0,25.8,3.0,8.0,9.0,3215.0,4.0,5050.0,2016.0,1.0
10348,1.0,0.0,104979.0,1.0,185.0,26.7,105453.0,1.0,178.0,24.3,3.0,5.0,60.0,776.0,17.0,1985.0,2014.0,1.0
205244,1.0,0.0,104890.0,1.0,190.0,28.0,104620.0,1.0,183.0,29.5,3.0,5.0,47.0,946.0,50.0,931.0,2015.0,1.0
35086,3.0,4.0,104719.0,1.0,190.0,28.4,104229.0,1.0,180.0,31.1,3.0,7.0,47.0,920.0,45.0,949.0,2014.0,1.0
113309,1.0,0.0,103252.0,1.0,175.0,27.6,103507.0,1.0,183.0,26.1,3.0,6.0,63.0,632.0,28.0,1160.0,2006.0,1.0
24194,2.0,3.0,103018.0,1.0,196.0,27.9,103694.0,1.0,168.0,24.4,5.0,7.0,36.0,950.0,35.0,981.0,2005.0,0.0
39779,3.0,4.0,105223.0,1.0,198.0,24.4,104745.0,0.0,185.0,26.7,3.0,2.0,7.0,4410.0,5.0,6105.0,2013.0,1.0
109725,1.0,0.0,104214.0,1.0,185.0,26.5,104926.0,1.0,178.0,22.7,3.0,6.0,38.0,1040.0,57.0,780.0,2010.0,0.0
140931,3.0,0.0,102998.0,1.0,190.0,26.7,103758.0,1.0,188.0,22.8,3.0,6.0,63.0,570.0,23.0,1190.0,2004.0,0.0
10104,1.0,4.0,103582.0,0.0,193.0,29.8,103812.0,1.0,198.0,28.7,3.0,7.0,44.0,944.0,39.0,1025.0,2010.0,1.0
149268,1.0,4.0,102783.0,1.0,180.0,27.0,102562.0,1.0,190.0,28.1,3.0,5.0,13.0,1650.0,9.0,1951.0,2003.0,0.0
95583,3.0,4.0,104792.0,1.0,193.0,22.1,103602.0,1.0,183.0,28.2,3.0,6.0,18.0,1283.0,10.0,1645.0,2008.0,0.0
50759,3.0,0.0,105526.0,1.0,193.0,27.4,106378.0,1.0,188.0,22.7,3.0,3.0,51.0,908.0,63.0,807.0,2017.0,1.0
164499,3.0,0.0,103781.0,0.0,183.0,23.6,104607.0,1.0,196.0,19.2,3.0,6.0,39.0,920.0,45.0,863.0,2005.0,0.0
27639,3.0,0.0,103566.0,0.0,190.0,30.7,104417.0,1.0,193.0,26.5,3.0,3.0,23.0,1575.0,4.0,5955.0,2011.0,1.0
34962,3.0,0.0,103758.0,1.0,188.0,24.8,104607.0,1.0,196.0,20.4,3.0,6.0,41.0,810.0,24.0,1280.0,2006.0,0.0
148468,3.0,1.0,104417.0,1.0,193.0,19.4,103720.0,1.0,180.0,22.9,5.0,8.0,54.0,650.0,13.0,1625.0,2004.0,1.0
18788,1.0,0.0,103970.0,1.0,175.0,33.8,106233.0,1.0,185.0,22.4,3.0,3.0,6.0,4325.0,19.0,1930.0,2016.0,1.0
201047,3.0,4.0,103333.0,1.0,208.0,29.6,103017.0,1.0,183.0,31.3,3.0,7.0,24.0,1170.0,40.0,855.0,2008.0,1.0
23756,3.0,0.0,200282.0,1.0,183.0,23.4,202385.0,1.0,188.0,21.7,3.0,2.0,30.0,1345.0,43.0,1037.0,2022.0,0.0
103128,3.0,4.0,105227.0,1.0,198.0,27.8,103333.0,1.0,208.0,37.4,3.0,6.0,12.0,2695.0,27.0,1445.0,2016.0,1.0
10408,1.0,4.0,104926.0,1.0,178.0,31.9,105357.0,1.0,183.0,29.8,3.0,6.0,12.0,2840.0,48.0,965.0,2019.0,0.0
107076,3.0,4.0,103018.0,1.0,196.0,25.6,102783.0,1.0,180.0,26.8,3.0,5.0,36.0,965.0,15.0,1570.0,2003.0,1.0
39092,1.0,4.0,104269.0,0.0,188.0,26.4,103781.0,0.0,183.0,28.9,3.0,5.0,9.0,3735.0,30.0,1360.0,2010.0,1.0
115365,3.0,4.0,106058.0,1.0,185.0,24.0,104468.0,1.0,183.0,31.7,3.0,3.0,25.0,1540.0,32.0,1315.0,2016.0,1.0
102264,3.0,4.0,103908.0,1.0,185.0,25.5,103096.0,1.0,173.0,29.6,3.0,7.0,22.0,1195.0,46.0,715.0,2007.0,1.0
68296,3.0,0.0,104898.0,1.0,190.0,31.8,106421.0,1.0,198.0,22.9,3.0,5.0,54.0,895.0,16.0,2000.0,2019.0,1.0
39560,3.0,0.0,104607.0,1.0,196.0,21.4,104022.0,1.0,183.0,24.6,3.0,6.0,12.0,1785.0,22.0,1215.0,2007.0,1.0
20751,3.0,0.0,105223.0,1.0,198.0,28.4,105023.0,1.0,198.0,29.3,3.0,3.0,42.0,1020.0,35.0,1135.0,2017.0,0.0
90826,3.0,0.0,104797.0,1.0,188.0,29.1,105379.0,1.0,181.0,26.2,3.0,6.0,53.0,825.0,50.0,857.0,2015.0,0.0
186033,2.0,3.0,102563.0,1.0,180.0,33.2,104571.0,1.0,183.0,23.0,5.0,7.0,63.0,608.0,25.0,1090.0,2008.0,1.0
129262,2.0,3.0,101736.0,1.0,180.0,33.1,102882.0,1.0,196.0,26.6,5.0,5.0,1.0,3975.0,48.0,735.0,2003.0,1.0
59801,3.0,0.0,104926.0,1.0,178.0,28.3,105676.0,1.0,180.0,24.8,3.0,5.0,28.0,1300.0,17.0,1970.0,2015.0,0.0
183852,3.0,4.0,103206.0,1.0,175.0,29.4,104542.0,1.0,188.0,22.5,3.0,7.0,49.0,656.0,45.0,687.0,2007.0,1.0
20988,3.0,4.0,103786.0,1.0,178.0,31.7,105223.0,1.0,198.0,24.4,3.0,7.0,42.0,970.0,7.0,4410.0,2013.0,1.0
148016,1.0,0.0,103280.0,1.0,196.0,25.6,103176.0,1.0,183.0,26.2,3.0,3.0,53.0,700.0,61.0,666.0,2004.0,0.0
107774,1.0,3.0,104571.0,1.0,183.0,27.9,105332.0,1.0,196.0,24.0,5.0,4.0,39.0,1030.0,26.0,1405.0,2013.0,1.0
11528,3.0,0.0,105332.0,1.0,196.0,26.6,104527.0,1.0,183.0,30.7,3.0,9.0,19.0,1633.0,4.0,6865.0,2016.0,1.0
95969,3.0,4.0,104269.0,0.0,188.0,25.3,103285.0,1.0,185.0,30.3,3.0,5.0,9.0,3590.0,19.0,2470.0,2009.0,0.0
95835,3.0,0.0,103813.0,0.0,185.0,33.1,103794.0,1.0,178.0,33.2,3.0,6.0,50.0,873.0,62.0,778.0,2014.0,1.0
164185,3.0,0.0,104755.0,1.0,185.0,31.6,106298.0,1.0,185.0,23.9,3.0,2.0,33.0,1375.0,17.0,2235.0,2018.0,1.0
182322,3.0,4.0,105777.0,1.0,188.0,26.2,103852.0,0.0,188.0,35.8,3.0,6.0,11.0,3070.0,34.0,1250.0,2017.0,0.0
188012,3.0,4.0,103333.0,1.0,208.0,28.6,103498.0,1.0,193.0,27.7,3.0,7.0,24.0,1258.0,36.0,855.0,2007.0,0.0
129728,3.0,4.0,104053.0,1.0,188.0,21.9,103819.0,1.0,185.0,22.9,3.0,2.0,2.0,4945.0,1.0,5665.0,2004.0,1.0
202841,3.0,0.0,105227.0,1.0,198.0,34.0,106214.0,1.0,196.0,29.2,3.0,6.0,14.0,2495.0,55.0,875.0,2022.0,0.0
86858,3.0,4.0,106218.0,1.0,180.0,29.0,105138.0,1.0,183.0,34.3,3.0,7.0,57.0,801.0,18.0,1850.0,2022.0,1.0
104055,3.0,0.0,103252.0,1.0,175.0,25.5,103096.0,1.0,173.0,26.1,3.0,3.0,61.0,602.0,25.0,1085.0,2004.0,1.0
190583,3.0,4.0,126207.0,1.0,188.0,20.5,106065.0,1.0,185.0,25.8,3.0,7.0,41.0,1065.0,21.0,1720.0,2018.0,0.0
7600,3.0,0.0,103498.0,1.0,193.0,24.6,104053.0,1.0,188.0,22.0,3.0,9.0,9.0,1760.0,2.0,3770.0,2004.0,1.0
170106,3.0,4.0,105643.0,0.0,190.0,26.4,105807.0,1.0,188.0,25.6,3.0,7.0,57.0,840.0,19.0,2025.0,2017.0,0.0
100628,1.0,4.0,104269.0,0.0,188.0,22.4,103602.0,1.0,183.0,25.7,3.0,5.0,34.0,895.0,8.0,1730.0,2006.0,0.0
195298,1.0,4.0,103888.0,1.0,188.0,26.4,103566.0,0.0,190.0,27.9,3.0,7.0,38.0,835.0,40.0,820.0,2008.0,0.0
136645,1.0,0.0,105138.0,1.0,183.0,26.9,106058.0,1.0,185.0,22.5,3.0,5.0,15.0,1940.0,46.0,945.0,2015.0,1.0
154856,1.0,4.0,104925.0,1.0,188.0,25.9,104607.0,1.0,196.0,27.6,3.0,3.0,1.0,12730.0,6.0,4520.0,2013.0,1.0
139937,3.0,3.0,104545.0,1.0,206.0,24.7,104312.0,1.0,190.0,25.9,5.0,4.0,28.0,1260.0,49.0,900.0,2010.0,0.0
59792,0.0,4.0,103163.0,1.0,188.0,27.5,102318.0,1.0,183.0,31.7,3.0,7.0,47.0,755.0,54.0,685.0,2005.0,0.0
13797,3.0,4.0,104571.0,1.0,183.0,20.7,104745.0,0.0,185.0,19.7,3.0,3.0,27.0,1219.0,2.0,4665.0,2006.0,1.0
28362,3.0,4.0,103990.0,1.0,180.0,22.2,102148.0,1.0,178.0,31.6,3.0,3.0,27.0,1075.0,42.0,807.0,2004.0,0.0
198422,3.0,4.0,103084.0,1.0,185.0,29.3,103819.0,1.0,185.0,25.6,3.0,5.0,55.0,652.0,1.0,7715.0,2007.0,0.0
74361,3.0,0.0,103018.0,1.0,196.0,29.1,102860.0,1.0,183.0,29.9,3.0,6.0,55.0,740.0,32.0,960.0,2006.0,1.0
33636,3.0,2.0,101736.0,1.0,180.0,33.5,103819.0,1.0,185.0,22.2,3.0,8.0,5.0,3025.0,3.0,3625.0,2003.0,1.0
93800,3.0,0.0,104797.0,1.0,188.0,26.0,104542.0,1.0,188.0,27.4,3.0,6.0,45.0,902.0,7.0,4520.0,2012.0,1.0
139133,3.0,0.0,103835.0,1.0,183.0,25.3,103794.0,1.0,178.0,25.5,3.0,6.0,43.0,809.0,58.0,686.0,2007.0,1.0
3727,3.0,0.0,105227.0,1.0,198.0,23.0,104022.0,1.0,183.0,29.3,3.0,9.0,22.0,1645.0,33.0,1165.0,2011.0,0.0
186624,1.0,4.0,104269.0,0.0,188.0,34.4,105227.0,1.0,198.0,29.5,3.0,6.0,37.0,1280.0,3.0,4985.0,2018.0,1.0
121560,3.0,4.0,102610.0,1.0,180.0,27.7,103909.0,1.0,175.0,21.1,3.0,5.0,9.0,2015.0,29.0,1125.0,2003.0,0.0
99789,3.0,3.0,104665.0,1.0,180.0,35.0,105936.0,1.0,185.0,28.9,5.0,7.0,59.0,1044.0,33.0,1673.0,2021.0,1.0
151871,3.0,4.0,102562.0,1.0,190.0,29.0,103602.0,1.0,183.0,23.6,3.0,6.0,15.0,1375.0,22.0,1150.0,2004.0,1.0
138677,3.0,4.0,111575.0,1.0,198.0,25.2,111815.0,0.0,188.0,25.9,3.0,7.0,29.0,1920.0,28.0,1975.0,2021.0,0.0
10885,3.0,4.0,103344.0,1.0,193.0,27.9,103900.0,1.0,180.0,25.1,3.0,5.0,8.0,2395.0,10.0,1995.0,2007.0,0.0
93055,2.0,3.0,104607.0,1.0,196.0,25.7,103888.0,1.0,188.0,29.5,5.0,5.0,7.0,3490.0,9.0,2335.0,2011.0,1.0
34412,2.0,0.0,106426.0,1.0,185.0,26.0,200624.0,1.0,196.0,21.9,3.0,6.0,43.0,1055.0,41.0,1073.0,2022.0,1.0
115722,3.0,0.0,106415.0,0.0,170.0,23.9,105077.0,0.0,188.0,31.6,3.0,6.0,60.0,981.0,46.0,1050.0,2019.0,1.0
189000,3.0,4.0,102271.0,0.0,175.0,30.3,103813.0,0.0,185.0,22.6,3.0,7.0,44.0,868.0,31.0,1035.0,2004.0,0.0
174239,1.0,4.0,104745.0,0.0,185.0,30.8,106378.0,1.0,188.0,22.2,3.0,6.0,7.0,3735.0,45.0,933.0,2017.0,0.0
145355,1.0,4.0,105238.0,1.0,180.0,23.4,103428.0,1.0,190.0,32.6,3.0,7.0,21.0,1495.0,33.0,1165.0,2012.0,0.0
103855,1.0,0.0,104607.0,1.0,196.0,25.6,104597.0,1.0,183.0,25.7,3.0,9.0,6.0,4215.0,12.0,2225.0,2011.0,1.0
193127,1.0,0.0,104468.0,1.0,183.0,29.3,106233.0,1.0,185.0,20.7,3.0,5.0,30.0,1180.0,58.0,802.0,2014.0,0.0
114671,3.0,0.0,104745.0,0.0,185.0,29.3,104925.0,1.0,188.0,28.3,3.0,2.0,8.0,3770.0,1.0,15645.0,2015.0,1.0
142233,3.0,3.0,105023.0,1.0,198.0,20.8,104607.0,1.0,196.0,22.9,5.0,4.0,55.0,716.0,22.0,1210.0,2008.0,0.0
183577,2.0,0.0,104655.0,1.0,180.0,30.4,105449.0,1.0,188.0,26.4,3.0,2.0,25.0,1450.0,38.0,1155.0,2016.0,1.0
192608,3.0,1.0,207518.0,1.0,185.0,20.7,126203.0,1.0,193.0,25.0,3.0,8.0,23.0,1865.0,9.0,3355.0,2022.0,1.0
90501,3.0,0.0,104417.0,1.0,193.0,19.5,102571.0,1.0,190.0,28.8,3.0,5.0,57.0,632.0,55.0,645.0,2004.0,0.0
22161,2.0,3.0,104925.0,1.0,188.0,35.0,106401.0,1.0,193.0,27.1,5.0,2.0,3.0,6770.0,40.0,1070.0,2022.0,0.0
25549,1.0,0.0,104597.0,1.0,183.0,27.5,104547.0,0.0,188.0,27.8,3.0,3.0,12.0,2480.0,41.0,950.0,2013.0,0.0
2725,0.0,1.0,104022.0,1.0,183.0,23.2,103344.0,1.0,193.0,26.5,5.0,8.0,26.0,1155.0,15.0,1430.0,2005.0,1.0
203490,3.0,4.0,126774.0,1.0,193.0,22.2,200005.0,0.0,188.0,22.3,3.0,6.0,6.0,5925.0,34.0,1466.0,2020.0,1.0
199848,3.0,3.0,102179.0,1.0,185.0,30.4,102882.0,1.0,196.0,26.7,5.0,7.0,64.0,589.0,20.0,1310.0,2003.0,1.0
206202,0.0,0.0,104468.0,1.0,183.0,23.8,104417.0,1.0,193.0,24.1,3.0,9.0,10.0,1690.0,27.0,1115.0,2008.0,1.0
189110,0.0,0.0,102783.0,1.0,180.0,27.4,103908.0,1.0,185.0,21.7,3.0,6.0,6.0,2685.0,55.0,661.0,2003.0,0.0
120044,3.0,0.0,105138.0,1.0,183.0,26.8,105577.0,1.0,193.0,24.6,3.0,5.0,16.0,1975.0,60.0,785.0,2015.0,0.0
10085,3.0,0.0,105077.0,0.0,188.0,31.7,200000.0,1.0,193.0,19.1,3.0,6.0,44.0,1095.0,20.0,1719.0,2019.0,1.0
17502,3.0,0.0,103819.0,1.0,185.0,30.5,103813.0,0.0,185.0,30.5,3.0,3.0,3.0,8010.0,46.0,933.0,2012.0,0.0
142890,1.0,4.0,104792.0,1.0,193.0,29.6,106210.0,0.0,198.0,22.7,3.0,5.0,16.0,2220.0,55.0,840.0,2016.0,0.0
161648,2.0,0.0,104312.0,1.0,190.0,29.3,103285.0,1.0,185.0,34.5,3.0,3.0,26.0,1440.0,48.0,885.0,2013.0,0.0
180317,3.0,3.0,103819.0,1.0,185.0,35.4,104607.0,1.0,196.0,31.3,5.0,6.0,17.0,1980.0,10.0,3060.0,2017.0,0.0
205098,2.0,1.0,104468.0,1.0,183.0,30.5,104918.0,1.0,190.0,28.1,5.0,8.0,11.0,2705.0,3.0,7810.0,2015.0,1.0
13535,3.0,0.0,126774.0,1.0,193.0,24.1,126094.0,1.0,188.0,24.9,3.0,9.0,6.0,4810.0,9.0,3345.0,2022.0,0.0
135159,2.0,0.0,103970.0,1.0,175.0,30.3,105453.0,1.0,178.0,22.5,3.0,5.0,5.0,5455.0,18.0,1680.0,2012.0,1.0
99506,3.0,0.0,104386.0,1.0,180.0,26.0,105023.0,1.0,198.0,22.8,3.0,9.0,46.0,930.0,20.0,1910.0,2010.0,1.0
129272,3.0,4.0,104918.0,1.0,190.0,23.2,103900.0,1.0,180.0,28.6,3.0,3.0,4.0,5305.0,45.0,965.0,2010.0,0.0
91246,3.0,0.0,104724.0,1.0,183.0,22.4,102845.0,1.0,190.0,32.1,3.0,5.0,54.0,696.0,48.0,785.0,2008.0,1.0
158531,1.0,4.0,103786.0,1.0,178.0,23.9,103819.0,1.0,185.0,23.7,3.0,9.0,20.0,1285.0,1.0,6605.0,2005.0,1.0
190943,3.0,4.0,103852.0,0.0,188.0,21.8,103900.0,1.0,180.0,21.5,3.0,3.0,37.0,950.0,21.0,1235.0,2003.0,1.0
45326,3.0,1.0,105807.0,1.0,188.0,30.3,106421.0,1.0,198.0,25.7,3.0,8.0,20.0,2230.0,2.0,8640.0,2021.0,1.0
74234,3.0,0.0,104792.0,1.0,193.0,35.0,105807.0,1.0,188.0,30.1,3.0,9.0,20.0,2233.0,16.0,2650.0,2021.0,1.0
51948,3.0,0.0,106071.0,1.0,193.0,22.9,104571.0,1.0,183.0,30.3,3.0,5.0,18.0,1675.0,46.0,943.0,2015.0,1.0
204098,2.0,3.0,104214.0,1.0,185.0,23.9,103484.0,1.0,185.0,27.4,5.0,4.0,59.0,590.0,9.0,2075.0,2007.0,1.0
45549,3.0,0.0,103898.0,1.0,185.0,30.0,106071.0,1.0,193.0,19.1,3.0,6.0,52.0,900.0,42.0,970.0,2012.0,1.0
2833,1.0,0.0,103566.0,0.0,190.0,24.9,103909.0,1.0,175.0,23.3,3.0,8.0,52.0,756.0,9.0,2040.0,2005.0,1.0
1831,3.0,0.0,104053.0,1.0,188.0,26.0,104607.0,1.0,196.0,23.0,3.0,9.0,8.0,1960.0,27.0,1065.0,2008.0,1.0
45715,1.0,4.0,104273.0,1.0,188.0,30.4,104542.0,1.0,188.0,29.0,3.0,7.0,47.0,975.0,13.0,2370.0,2014.0,1.0
75382,0.0,4.0,104597.0,1.0,183.0,21.1,104098.0,1.0,185.0,23.8,3.0,6.0,36.0,895.0,22.0,1175.0,2006.0,1.0
77012,1.0,4.0,104542.0,1.0,188.0,28.9,103819.0,1.0,185.0,32.6,3.0,3.0,12.0,2550.0,4.0,5355.0,2014.0,1.0
34455,2.0,3.0,103819.0,1.0,185.0,26.8,102967.0,1.0,188.0,31.2,5.0,6.0,1.0,6900.0,53.0,724.0,2008.0,0.0
115552,1.0,0.0,103484.0,1.0,185.0,27.3,102860.0,1.0,183.0,30.6,3.0,8.0,8.0,2180.0,29.0,955.0,2007.0,0.0
174848,3.0,0.0,104471.0,1.0,183.0,26.8,104527.0,1.0,183.0,26.5,3.0,6.0,35.0,1130.0,19.0,1765.0,2011.0,1.0
63601,3.0,0.0,104678.0,1.0,193.0,29.9,105138.0,1.0,183.0,27.8,3.0,2.0,25.0,1475.0,18.0,1775.0,2016.0,1.0
93275,2.0,3.0,105077.0,0.0,188.0,28.4,104678.0,1.0,193.0,30.3,5.0,7.0,36.0,1165.0,27.0,1405.0,2016.0,0.0
90737,3.0,3.0,103333.0,1.0,208.0,37.5,105453.0,1.0,178.0,26.6,5.0,5.0,23.0,1570.0,7.0,4165.0,2016.0,1.0
68564,1.0,4.0,104259.0,1.0,178.0,26.5,105053.0,1.0,188.0,22.4,3.0,7.0,29.0,1400.0,59.0,764.0,2010.0,1.0
203740,1.0,4.0,104731.0,1.0,203.0,28.9,104620.0,1.0,183.0,29.5,3.0,7.0,17.0,1960.0,63.0,791.0,2015.0,1.0
182889,3.0,3.0,104269.0,0.0,188.0,29.1,103598.0,1.0,185.0,32.4,5.0,7.0,24.0,1445.0,55.0,791.0,2013.0,0.0
165626,3.0,0.0,200000.0,1.0,193.0,20.5,105453.0,1.0,178.0,31.1,3.0,6.0,19.0,2516.0,45.0,1355.0,2021.0,1.0
30882,1.0,4.0,104926.0,1.0,178.0,29.9,104918.0,1.0,190.0,30.0,3.0,6.0,29.0,1270.0,1.0,10360.0,2017.0,0.0
103663,3.0,4.0,102374.0,1.0,180.0,28.9,104076.0,1.0,190.0,20.3,3.0,7.0,17.0,1555.0,47.0,792.0,2003.0,0.0
84203,3.0,4.0,103812.0,1.0,198.0,28.6,103819.0,1.0,185.0,28.5,3.0,7.0,43.0,905.0,1.0,11350.0,2010.0,1.0
1308,3.0,4.0,105173.0,0.0,183.0,23.1,104166.0,1.0,178.0,28.2,3.0,7.0,54.0,875.0,57.0,841.0,2011.0,1.0
192465,3.0,0.0,103096.0,1.0,173.0,32.1,103582.0,0.0,193.0,29.6,3.0,6.0,61.0,744.0,62.0,743.0,2010.0,1.0
199072,1.0,4.0,105023.0,1.0,198.0,22.5,103898.0,1.0,185.0,28.3,3.0,7.0,23.0,1610.0,36.0,1094.0,2010.0,1.0
98198,3.0,4.0,106432.0,1.0,188.0,25.9,144895.0,0.0,178.0,23.5,3.0,7.0,26.0,1675.0,64.0,777.0,2022.0,1.0
38206,3.0,0.0,104198.0,1.0,188.0,30.5,103970.0,1.0,175.0,31.7,3.0,3.0,58.0,776.0,3.0,5800.0,2014.0,1.0
128220,3.0,4.0,104527.0,1.0,183.0,27.9,103819.0,1.0,185.0,31.5,3.0,5.0,18.0,1915.0,2.0,9535.0,2013.0,1.0
151202,1.0,0.0,104269.0,0.0,188.0,28.4,105453.0,1.0,178.0,22.3,3.0,3.0,20.0,1565.0,17.0,1670.0,2012.0,0.0
87263,3.0,0.0,104925.0,1.0,188.0,23.4,105208.0,1.0,190.0,22.1,3.0,6.0,3.0,7145.0,26.0,1415.0,2010.0,0.0
196495,1.0,1.0,103280.0,1.0,196.0,25.4,102845.0,1.0,190.0,27.6,5.0,8.0,17.0,1335.0,7.0,2125.0,2004.0,1.0
23541,3.0,0.0,104312.0,1.0,190.0,23.9,104745.0,0.0,185.0,21.7,3.0,5.0,42.0,734.0,2.0,5980.0,2008.0,0.0
162405,2.0,0.0,104755.0,1.0,185.0,26.0,104571.0,1.0,183.0,27.0,3.0,6.0,21.0,1600.0,44.0,945.0,2012.0,1.0
28573,3.0,0.0,105053.0,1.0,188.0,23.1,103970.0,1.0,175.0,28.7,3.0,9.0,64.0,785.0,7.0,3735.0,2011.0,1.0
204365,3.0,0.0,104312.0,1.0,190.0,23.8,102148.0,1.0,178.0,35.0,3.0,6.0,50.0,659.0,37.0,807.0,2007.0,1.0
72560,1.0,0.0,103786.0,1.0,178.0,25.1,103835.0,1.0,183.0,24.9,3.0,9.0,6.0,2175.0,58.0,665.0,2006.0,0.0
62958,3.0,4.0,105526.0,1.0,193.0,26.9,104468.0,1.0,183.0,32.2,3.0,7.0,63.0,778.0,25.0,1495.0,2017.0,0.0
104805,1.0,1.0,104527.0,1.0,183.0,24.9,104597.0,1.0,183.0,24.5,5.0,8.0,19.0,1765.0,40.0,960.0,2010.0,0.0
106282,3.0,0.0,144750.0,1.0,193.0,24.6,105916.0,1.0,188.0,29.6,3.0,3.0,32.0,1640.0,39.0,1459.0,2021.0,0.0
57414,1.0,0.0,103781.0,0.0,183.0,25.9,103694.0,1.0,168.0,26.2,3.0,6.0,30.0,935.0,37.0,820.0,2007.0,0.0
206053,3.0,4.0,103781.0,0.0,183.0,28.3,104871.0,1.0,188.0,22.6,3.0,7.0,43.0,985.0,34.0,1132.0,2009.0,0.0
124782,3.0,0.0,105238.0,1.0,180.0,24.9,105777.0,1.0,188.0,22.4,3.0,5.0,38.0,1080.0,22.0,1500.0,2013.0,1.0
19665,1.0,4.0,103990.0,1.0,180.0,28.9,104269.0,0.0,188.0,27.4,3.0,6.0,29.0,1245.0,8.0,2925.0,2011.0,0.0
179397,3.0,0.0,104745.0,0.0,185.0,35.7,111815.0,0.0,188.0,26.4,3.0,2.0,5.0,6515.0,12.0,3070.0,2022.0,0.0
19879,1.0,3.0,103344.0,1.0,193.0,26.1,103264.0,0.0,180.0,26.6,5.0,4.0,14.0,1465.0,37.0,927.0,2005.0,1.0
155426,3.0,0.0,103781.0,0.0,183.0,30.3,104571.0,1.0,183.0,26.2,3.0,3.0,21.0,1690.0,60.0,770.0,2011.0,1.0
201452,1.0,0.0,105668.0,1.0,203.0,22.4,105077.0,0.0,188.0,25.2,3.0,6.0,25.0,1404.0,64.0,730.0,2013.0,1.0
149767,2.0,3.0,105992.0,1.0,183.0,25.1,106432.0,1.0,188.0,20.6,5.0,4.0,41.0,993.0,45.0,966.0,2017.0,0.0
115056,1.0,4.0,103970.0,1.0,175.0,24.0,103454.0,1.0,183.0,26.5,3.0,7.0,15.0,1485.0,36.0,900.0,2006.0,0.0
137478,3.0,4.0,105238.0,1.0,180.0,23.9,104871.0,1.0,188.0,25.6,3.0,7.0,20.0,1770.0,31.0,1223.0,2012.0,0.0
108093,3.0,3.0,105577.0,1.0,193.0,24.5,105023.0,1.0,198.0,27.2,5.0,4.0,60.0,785.0,35.0,1090.0,2015.0,0.0
46253,3.0,0.0,106043.0,1.0,170.0,25.3,105238.0,1.0,180.0,29.1,3.0,6.0,26.0,1675.0,38.0,1231.0,2018.0,1.0
114853,3.0,0.0,103285.0,1.0,185.0,27.2,104607.0,1.0,196.0,20.4,3.0,6.0,22.0,1355.0,24.0,1280.0,2006.0,0.0
61352,3.0,4.0,105216.0,1.0,173.0,28.9,105311.0,1.0,185.0,28.3,3.0,6.0,46.0,980.0,54.0,890.0,2017.0,0.0
7058,1.0,0.0,104925.0,1.0,188.0,19.1,103909.0,1.0,175.0,24.5,3.0,9.0,36.0,901.0,28.0,1035.0,2006.0,0.0
29514,1.0,0.0,104665.0,1.0,180.0,30.0,103893.0,1.0,183.0,34.1,3.0,6.0,60.0,770.0,52.0,831.0,2016.0,1.0
153691,1.0,3.0,126094.0,1.0,188.0,22.9,126774.0,1.0,193.0,22.1,5.0,3.0,12.0,2614.0,6.0,5385.0,2020.0,1.0
86509,1.0,0.0,104597.0,1.0,183.0,28.6,104269.0,0.0,188.0,30.4,3.0,5.0,20.0,1750.0,25.0,1500.0,2014.0,0.0
156631,1.0,4.0,103103.0,1.0,183.0,27.3,103672.0,0.0,175.0,24.3,3.0,7.0,24.0,1211.0,53.0,738.0,2005.0,0.0
205373,1.0,0.0,104999.0,0.0,190.0,29.6,105554.0,1.0,175.0,26.9,3.0,6.0,35.0,1159.0,43.0,954.0,2017.0,1.0
149085,2.0,0.0,104339.0,1.0,196.0,24.2,104327.0,1.0,178.0,24.2,3.0,5.0,43.0,825.0,52.0,732.0,2008.0,0.0
85697,3.0,4.0,101736.0,1.0,180.0,33.8,103819.0,1.0,185.0,22.5,3.0,9.0,5.0,2770.0,1.0,5170.0,2004.0,1.0
81938,3.0,0.0,106065.0,1.0,185.0,26.2,105815.0,1.0,188.0,27.4,3.0,5.0,18.0,1889.0,63.0,814.0,2019.0,1.0
185914,3.0,0.0,105379.0,1.0,181.0,26.2,104797.0,1.0,188.0,29.1,3.0,6.0,50.0,857.0,53.0,825.0,2015.0,1.0
53782,2.0,3.0,104925.0,1.0,188.0,20.0,104571.0,1.0,183.0,22.0,5.0,3.0,5.0,3010.0,16.0,1570.0,2007.0,0.0
1339,1.0,0.0,103781.0,0.0,183.0,30.1,104926.0,1.0,178.0,24.1,3.0,5.0,12.0,2085.0,38.0,1140.0,2011.0,0.0
150741,3.0,4.0,103110.0,1.0,180.0,28.5,104053.0,1.0,188.0,23.9,3.0,7.0,63.0,627.0,12.0,1740.0,2006.0,1.0
65142,3.0,1.0,103888.0,1.0,188.0,29.5,103970.0,1.0,175.0,29.2,5.0,8.0,8.0,2650.0,6.0,4150.0,2011.0,1.0
179006,1.0,0.0,104468.0,1.0,183.0,27.1,104122.0,1.0,183.0,29.0,3.0,6.0,13.0,2005.0,43.0,991.0,2012.0,1.0
6266,3.0,0.0,104926.0,1.0,178.0,30.3,105138.0,1.0,183.0,29.4,3.0,9.0,29.0,1545.0,13.0,2525.0,2017.0,0.0
186377,2.0,0.0,105138.0,1.0,183.0,31.1,103819.0,1.0,185.0,37.8,3.0,3.0,20.0,1690.0,3.0,6420.0,2019.0,1.0
103734,3.0,3.0,105023.0,1.0,198.0,22.8,104597.0,1.0,183.0,25.0,5.0,6.0,22.0,1705.0,16.0,2150.0,2010.0,0.0
80527,3.0,0.0,103786.0,1.0,178.0,24.3,103344.0,1.0,193.0,26.5,3.0,9.0,7.0,2175.0,16.0,1430.0,2005.0,1.0
168254,3.0,0.0,103888.0,1.0,188.0,26.8,102860.0,1.0,183.0,32.0,3.0,6.0,25.0,1175.0,55.0,710.0,2008.0,0.0
105968,1.0,0.0,103781.0,0.0,183.0,28.1,103786.0,1.0,178.0,28.1,3.0,9.0,34.0,1275.0,9.0,3285.0,2009.0,1.0
21724,3.0,0.0,200000.0,1.0,193.0,21.9,111815.0,0.0,188.0,26.9,3.0,9.0,9.0,3445.0,12.0,2893.0,2022.0,1.0
111866,1.0,0.0,103454.0,1.0,183.0,27.7,103970.0,1.0,175.0,25.2,3.0,5.0,52.0,675.0,15.0,1610.0,2007.0,1.0
22195,3.0,4.0,103990.0,1.0,180.0,28.8,105023.0,1.0,198.0,23.4,3.0,5.0,28.0,1290.0,24.0,1440.0,2011.0,0.0
166619,1.0,4.0,104338.0,1.0,185.0,29.0,105208.0,1.0,190.0,24.6,3.0,6.0,20.0,1740.0,56.0,791.0,2013.0,0.0
98091,1.0,0.0,104417.0,1.0,193.0,25.9,103970.0,1.0,175.0,28.2,3.0,9.0,5.0,4935.0,12.0,3100.0,2010.0,0.0
45984,3.0,0.0,103893.0,1.0,183.0,35.0,104678.0,1.0,193.0,30.9,3.0,5.0,41.0,1090.0,29.0,1385.0,2017.0,1.0
121905,3.0,4.0,101962.0,1.0,193.0,31.5,101736.0,1.0,180.0,32.8,3.0,3.0,21.0,1370.0,2.0,4295.0,2003.0,1.0
56595,3.0,0.0,105777.0,1.0,188.0,20.2,105238.0,1.0,180.0,22.7,3.0,5.0,52.0,861.0,22.0,1530.0,2011.0,1.0
200085,2.0,0.0,104755.0,1.0,185.0,26.9,104022.0,1.0,183.0,30.9,3.0,9.0,9.0,3090.0,29.0,1355.0,2013.0,1.0
129091,3.0,1.0,104259.0,1.0,178.0,31.9,103607.0,1.0,173.0,35.1,5.0,8.0,34.0,1140.0,57.0,826.0,2015.0,0.0
10347,1.0,3.0,104620.0,1.0,183.0,23.6,104871.0,1.0,188.0,22.2,5.0,7.0,58.0,1056.0,39.0,1394.0,2009.0,1.0
7933,3.0,0.0,103970.0,1.0,175.0,35.7,105311.0,1.0,185.0,28.7,3.0,5.0,38.0,1270.0,59.0,850.0,2018.0,0.0
150027,3.0,2.0,103484.0,1.0,185.0,26.8,104745.0,0.0,185.0,20.4,3.0,8.0,8.0,2130.0,2.0,4270.0,2006.0,0.0
75526,2.0,3.0,104259.0,1.0,178.0,26.6,103808.0,1.0,188.0,28.9,5.0,4.0,35.0,1230.0,58.0,782.0,2010.0,0.0
110960,3.0,3.0,103163.0,1.0,188.0,29.3,103484.0,1.0,185.0,27.6,5.0,5.0,10.0,1880.0,6.0,2390.0,2007.0,0.0
146863,1.0,4.0,106043.0,1.0,170.0,25.7,105332.0,1.0,196.0,29.0,3.0,6.0,15.0,2130.0,52.0,975.0,2018.0,1.0
177605,1.0,1.0,104586.0,1.0,196.0,29.1,104542.0,1.0,188.0,29.3,5.0,8.0,27.0,1290.0,12.0,3100.0,2014.0,1.0
18958,3.0,0.0,106043.0,1.0,170.0,29.3,126774.0,1.0,193.0,23.3,3.0,8.0,13.0,2625.0,4.0,6540.0,2022.0,0.0
172679,3.0,0.0,103096.0,1.0,173.0,26.1,103819.0,1.0,185.0,22.5,3.0,6.0,29.0,1085.0,1.0,5170.0,2004.0,1.0
172115,2.0,0.0,105373.0,0.0,190.0,23.0,104053.0,1.0,188.0,29.8,3.0,7.0,62.0,773.0,22.0,1600.0,2012.0,1.0
66344,1.0,4.0,104925.0,1.0,188.0,33.3,105936.0,1.0,185.0,28.5,3.0,5.0,1.0,10860.0,29.0,1583.0,2020.0,0.0
100214,1.0,4.0,106378.0,1.0,188.0,23.3,100644.0,1.0,198.0,21.0,3.0,5.0,19.0,1905.0,3.0,6015.0,2018.0,1.0
127858,3.0,4.0,126774.0,1.0,193.0,20.5,133430.0,0.0,185.0,19.9,3.0,5.0,10.0,3160.0,23.0,1550.0,2019.0,1.0
201914,1.0,0.0,104925.0,1.0,188.0,21.9,104678.0,1.0,193.0,23.2,3.0,3.0,3.0,9670.0,38.0,1460.0,2009.0,0.0
61402,1.0,0.0,105777.0,1.0,188.0,22.9,104586.0,1.0,196.0,28.7,3.0,2.0,16.0,2040.0,43.0,1016.0,2014.0,0.0
142329,3.0,0.0,103096.0,1.0,173.0,28.6,103722.0,1.0,180.0,25.4,3.0,7.0,46.0,802.0,44.0,815.0,2006.0,0.0
162017,3.0,4.0,133430.0,0.0,185.0,19.9,103819.0,1.0,185.0,37.6,3.0,9.0,23.0,1550.0,5.0,4600.0,2019.0,1.0
21921,1.0,4.0,104417.0,1.0,193.0,21.7,103163.0,1.0,188.0,28.1,3.0,7.0,54.0,700.0,24.0,1270.0,2006.0,0.0
166551,1.0,0.0,104252.0,1.0,190.0,29.5,103812.0,1.0,198.0,31.7,3.0,3.0,29.0,1260.0,55.0,789.0,2013.0,0.0
90651,3.0,4.0,103581.0,1.0,183.0,23.1,102148.0,1.0,178.0,30.6,3.0,6.0,56.0,668.0,60.0,626.0,2003.0,0.0
175963,3.0,0.0,105023.0,1.0,198.0,32.0,105807.0,1.0,188.0,28.2,3.0,3.0,50.0,1020.0,35.0,1252.0,2019.0,1.0
148914,3.0,0.0,105227.0,1.0,198.0,27.3,104180.0,0.0,193.0,32.7,3.0,5.0,13.0,2495.0,40.0,1015.0,2016.0,0.0
202495,3.0,0.0,104755.0,1.0,185.0,26.5,103786.0,1.0,178.0,31.5,3.0,2.0,10.0,2515.0,44.0,885.0,2012.0,0.0
130884,1.0,3.0,105449.0,1.0,188.0,25.4,104527.0,1.0,183.0,30.1,5.0,6.0,56.0,850.0,9.0,3845.0,2015.0,1.0
80179,3.0,3.0,102610.0,1.0,180.0,28.1,103171.0,1.0,185.0,25.3,5.0,4.0,24.0,1150.0,54.0,675.0,2003.0,0.0
79442,1.0,0.0,104527.0,1.0,183.0,27.0,105223.0,1.0,198.0,23.6,3.0,9.0,22.0,1425.0,12.0,2495.0,2012.0,1.0
63937,3.0,4.0,103428.0,1.0,190.0,24.5,103252.0,1.0,175.0,25.5,3.0,7.0,34.0,1000.0,57.0,612.0,2004.0,0.0
171227,3.0,0.0,106043.0,1.0,170.0,27.1,104269.0,0.0,188.0,35.8,3.0,6.0,16.0,1995.0,38.0,1195.0,2019.0,0.0
134919,3.0,0.0,104180.0,0.0,193.0,31.3,104468.0,1.0,183.0,29.7,3.0,5.0,58.0,803.0,37.0,1052.0,2014.0,1.0
44726,3.0,4.0,102318.0,1.0,183.0,31.1,101736.0,1.0,180.0,34.8,3.0,6.0,22.0,1175.0,9.0,1995.0,2005.0,1.0
45950,3.0,0.0,104871.0,1.0,188.0,31.8,105453.0,1.0,178.0,29.0,3.0,9.0,40.0,1050.0,9.0,3590.0,2018.0,1.0
117691,3.0,3.0,104022.0,1.0,183.0,22.1,103900.0,1.0,180.0,22.6,5.0,7.0,38.0,840.0,9.0,1990.0,2004.0,0.0
34259,3.0,3.0,103484.0,1.0,185.0,29.0,104542.0,1.0,188.0,23.7,5.0,5.0,10.0,3550.0,7.0,3995.0,2009.0,1.0
141005,3.0,0.0,103694.0,1.0,168.0,26.1,103163.0,1.0,188.0,28.9,3.0,3.0,34.0,890.0,9.0,2020.0,2007.0,1.0
197353,1.0,4.0,104678.0,1.0,193.0,31.1,104655.0,1.0,180.0,31.2,3.0,7.0,38.0,1055.0,27.0,1425.0,2017.0,1.0
71281,1.0,0.0,126774.0,1.0,193.0,19.6,105807.0,1.0,188.0,26.7,3.0,9.0,63.0,822.0,11.0,2305.0,2018.0,0.0
49509,3.0,4.0,105077.0,0.0,188.0,24.1,104755.0,1.0,185.0,25.7,3.0,6.0,56.0,832.0,17.0,1595.0,2012.0,1.0
124443,3.0,0.0,124187.0,1.0,211.0,24.4,202385.0,1.0,188.0,21.2,3.0,2.0,23.0,1846.0,54.0,1083.0,2022.0,0.0
192268,1.0,4.0,104053.0,1.0,188.0,28.6,104468.0,1.0,183.0,26.3,3.0,7.0,12.0,2280.0,19.0,1520.0,2011.0,1.0
80944,3.0,4.0,104339.0,1.0,196.0,23.9,103786.0,1.0,178.0,26.8,3.0,5.0,63.0,565.0,4.0,2710.0,2008.0,1.0
92055,3.0,3.0,104925.0,1.0,188.0,21.2,103990.0,1.0,180.0,26.3,5.0,5.0,3.0,5105.0,15.0,1360.0,2008.0,0.0
100847,1.0,4.0,103602.0,1.0,183.0,23.7,103103.0,1.0,183.0,26.3,3.0,7.0,15.0,1395.0,31.0,1022.0,2004.0,0.0
165773,0.0,4.0,103498.0,1.0,193.0,26.7,103163.0,1.0,188.0,28.5,3.0,3.0,37.0,890.0,13.0,1740.0,2006.0,1.0
9650,1.0,4.0,103990.0,1.0,180.0,21.9,103344.0,1.0,193.0,25.0,3.0,7.0,22.0,1165.0,41.0,895.0,2004.0,1.0
113624,3.0,3.0,106298.0,1.0,185.0,24.8,104925.0,1.0,188.0,31.6,5.0,9.0,31.0,1245.0,1.0,9135.0,2019.0,1.0
142193,3.0,4.0,104745.0,0.0,185.0,31.3,111577.0,1.0,188.0,20.9,3.0,6.0,1.0,9875.0,56.0,883.0,2017.0,0.0
147174,2.0,0.0,104745.0,0.0,185.0,20.0,103720.0,1.0,180.0,25.2,3.0,3.0,2.0,4545.0,13.0,1690.0,2006.0,1.0
57791,1.0,3.0,103344.0,1.0,193.0,27.1,104745.0,0.0,185.0,19.9,5.0,9.0,4.0,2610.0,2.0,4545.0,2006.0,1.0
201979,3.0,0.0,103582.0,0.0,193.0,27.5,103694.0,1.0,168.0,26.9,3.0,6.0,52.0,621.0,55.0,616.0,2008.0,1.0
7243,1.0,4.0,104339.0,1.0,196.0,22.1,103632.0,1.0,180.0,25.6,3.0,7.0,15.0,1455.0,48.0,752.0,2006.0,0.0
148642,3.0,1.0,104792.0,1.0,193.0,23.8,103970.0,1.0,175.0,28.2,5.0,8.0,17.0,1995.0,12.0,3100.0,2010.0,0.0
205394,3.0,4.0,111577.0,1.0,188.0,21.8,105332.0,1.0,196.0,29.2,3.0,7.0,62.0,875.0,55.0,920.0,2018.0,1.0
54593,3.0,0.0,105238.0,1.0,180.0,26.2,105385.0,0.0,183.0,25.5,3.0,3.0,24.0,1420.0,56.0,834.0,2015.0,1.0
187854,1.0,3.0,102967.0,1.0,188.0,32.1,104053.0,1.0,188.0,26.7,5.0,6.0,46.0,1205.0,6.0,4220.0,2009.0,1.0
133830,3.0,0.0,126952.0,1.0,180.0,24.1,144750.0,1.0,193.0,24.8,3.0,6.0,53.0,1110.0,32.0,1629.0,2022.0,0.0
74757,3.0,4.0,103285.0,1.0,185.0,26.8,104745.0,0.0,185.0,19.3,3.0,3.0,14.0,1530.0,2.0,4475.0,2005.0,1.0
9515,1.0,0.0,103808.0,1.0,188.0,26.0,104338.0,1.0,185.0,23.3,3.0,2.0,46.0,721.0,32.0,895.0,2007.0,1.0
189061,1.0,0.0,103990.0,1.0,180.0,25.9,103656.0,1.0,175.0,27.3,3.0,6.0,18.0,1400.0,59.0,591.0,2008.0,0.0
75989,1.0,3.0,104997.0,1.0,190.0,26.7,103970.0,1.0,175.0,32.1,5.0,4.0,55.0,840.0,5.0,5030.0,2014.0,1.0
66261,3.0,4.0,103206.0,1.0,175.0,26.1,104417.0,1.0,193.0,19.9,3.0,7.0,12.0,1630.0,47.0,780.0,2004.0,1.0
32025,3.0,4.0,103909.0,1.0,175.0,22.1,103206.0,1.0,175.0,25.7,3.0,5.0,4.0,3240.0,14.0,1560.0,2004.0,0.0
75943,0.0,0.0,103507.0,1.0,183.0,24.6,102227.0,1.0,180.0,31.3,3.0,6.0,13.0,1510.0,59.0,635.0,2004.0,0.0
137534,3.0,0.0,104076.0,1.0,190.0,26.8,103722.0,1.0,180.0,28.4,3.0,3.0,52.0,960.0,60.0,866.0,2009.0,0.0
10648,3.0,4.0,104214.0,1.0,185.0,25.6,104527.0,1.0,183.0,23.9,3.0,6.0,21.0,2230.0,17.0,2540.0,2009.0,1.0
120648,3.0,0.0,104019.0,1.0,193.0,24.5,103970.0,1.0,175.0,24.7,3.0,3.0,39.0,875.0,16.0,1475.0,2007.0,1.0
38267,3.0,0.0,105077.0,0.0,188.0,31.6,200175.0,1.0,183.0,20.0,3.0,5.0,46.0,1050.0,50.0,1029.0,2019.0,0.0
49427,1.0,4.0,103990.0,1.0,180.0,28.9,104678.0,1.0,193.0,25.1,3.0,5.0,29.0,1245.0,16.0,1790.0,2011.0,1.0
174520,1.0,0.0,122298.0,1.0,188.0,26.5,134770.0,1.0,183.0,23.3,3.0,3.0,40.0,1161.0,7.0,4110.0,2022.0,0.0
42481,1.0,0.0,104098.0,1.0,185.0,31.4,105208.0,1.0,190.0,25.7,3.0,3.0,32.0,1155.0,19.0,1890.0,2014.0,1.0
1250,3.0,3.0,104468.0,1.0,183.0,26.0,103819.0,1.0,185.0,29.4,5.0,7.0,34.0,1210.0,2.0,9245.0,2011.0,1.0
108838,3.0,1.0,103720.0,1.0,180.0,22.5,103819.0,1.0,185.0,22.1,5.0,8.0,7.0,2525.0,3.0,3825.0,2003.0,0.0
122302,3.0,0.0,104268.0,0.0,185.0,29.2,105023.0,1.0,198.0,25.3,3.0,6.0,60.0,776.0,21.0,1695.0,2013.0,1.0
109590,3.0,4.0,106426.0,1.0,185.0,23.4,104655.0,1.0,180.0,33.8,3.0,7.0,42.0,1117.0,44.0,1102.0,2019.0,0.0
120331,1.0,4.0,104918.0,1.0,190.0,20.9,103835.0,1.0,183.0,26.6,3.0,6.0,20.0,1330.0,42.0,786.0,2008.0,0.0
80404,3.0,4.0,105554.0,1.0,175.0,31.4,122330.0,1.0,196.0,24.3,3.0,7.0,24.0,1917.0,36.0,1516.0,2021.0,1.0
123700,2.0,0.0,105227.0,1.0,198.0,19.6,103908.0,1.0,185.0,26.4,3.0,6.0,56.0,685.0,17.0,1345.0,2008.0,1.0
167333,1.0,0.0,104022.0,1.0,183.0,29.8,105053.0,1.0,188.0,24.4,3.0,5.0,36.0,1140.0,53.0,853.0,2012.0,0.0
18437,3.0,3.0,104918.0,1.0,190.0,22.2,105227.0,1.0,198.0,20.9,5.0,5.0,2.0,9610.0,17.0,1985.0,2009.0,1.0
3356,3.0,4.0,105077.0,0.0,188.0,31.7,103819.0,1.0,185.0,38.1,3.0,6.0,46.0,1095.0,3.0,7130.0,2019.0,1.0
155109,3.0,0.0,104918.0,1.0,190.0,35.4,106398.0,1.0,185.0,27.4,3.0,5.0,48.0,975.0,61.0,813.0,2022.0,0.0
19406,3.0,4.0,106043.0,1.0,170.0,29.9,126774.0,1.0,193.0,24.0,3.0,5.0,16.0,2200.0,7.0,4650.0,2022.0,1.0
34521,1.0,4.0,106401.0,1.0,193.0,21.0,105453.0,1.0,178.0,26.3,3.0,3.0,21.0,1705.0,6.0,4290.0,2016.0,1.0
108633,1.0,0.0,104926.0,1.0,178.0,30.7,104655.0,1.0,180.0,32.1,3.0,9.0,20.0,1985.0,31.0,1470.0,2018.0,0.0
197865,3.0,4.0,103285.0,1.0,185.0,29.8,104338.0,1.0,185.0,24.5,3.0,7.0,30.0,1065.0,44.0,810.0,2008.0,0.0
193853,0.0,2.0,103900.0,1.0,180.0,23.8,103344.0,1.0,193.0,26.6,3.0,8.0,12.0,1720.0,8.0,2080.0,2005.0,0.0
21478,3.0,3.0,105777.0,1.0,188.0,26.6,106378.0,1.0,188.0,23.0,5.0,3.0,3.0,4990.0,49.0,992.0,2018.0,1.0
115831,1.0,3.0,103990.0,1.0,180.0,25.0,103835.0,1.0,183.0,25.7,5.0,5.0,9.0,2100.0,34.0,872.0,2007.0,0.0
66684,3.0,4.0,200005.0,0.0,188.0,23.7,106234.0,1.0,185.0,28.5,3.0,7.0,45.0,1098.0,32.0,1428.0,2022.0,1.0
53338,3.0,2.0,105227.0,1.0,198.0,30.1,100644.0,1.0,198.0,21.5,3.0,8.0,7.0,4050.0,5.0,5085.0,2018.0,1.0
35929,3.0,3.0,104542.0,1.0,188.0,23.3,102845.0,1.0,190.0,31.9,5.0,7.0,19.0,1265.0,42.0,880.0,2008.0,0.0
126212,1.0,4.0,103786.0,1.0,178.0,29.8,104898.0,1.0,190.0,24.0,3.0,7.0,41.0,1060.0,63.0,813.0,2011.0,1.0
82181,1.0,0.0,103176.0,1.0,183.0,25.2,102374.0,1.0,180.0,29.2,3.0,5.0,56.0,667.0,36.0,935.0,2003.0,0.0
180959,1.0,4.0,105550.0,0.0,185.0,27.9,106043.0,1.0,170.0,25.6,3.0,7.0,60.0,858.0,15.0,2220.0,2018.0,1.0
192485,3.0,0.0,105676.0,1.0,180.0,28.1,104468.0,1.0,183.0,34.1,3.0,3.0,24.0,1560.0,32.0,1280.0,2019.0,0.0
86189,3.0,1.0,126094.0,1.0,188.0,22.0,105138.0,1.0,183.0,31.5,3.0,8.0,23.0,1584.0,9.0,2540.0,2019.0,0.0
7376,3.0,4.0,104918.0,1.0,190.0,20.4,103813.0,0.0,185.0,26.2,3.0,6.0,12.0,1705.0,26.0,1085.0,2007.0,0.0
164258,3.0,4.0,111797.0,1.0,198.0,22.9,105227.0,1.0,198.0,30.0,3.0,6.0,48.0,1020.0,6.0,4535.0,2018.0,0.0
92508,1.0,4.0,104597.0,1.0,183.0,20.7,103454.0,1.0,183.0,26.5,3.0,7.0,54.0,714.0,31.0,950.0,2006.0,0.0
110457,3.0,4.0,104269.0,0.0,188.0,33.9,104926.0,1.0,178.0,30.3,3.0,7.0,43.0,1090.0,28.0,1650.0,2017.0,1.0
159798,3.0,0.0,104607.0,1.0,196.0,24.2,105064.0,0.0,188.0,22.0,3.0,3.0,20.0,1655.0,36.0,1021.0,2010.0,0.0
39494,3.0,3.0,104559.0,1.0,188.0,29.2,105053.0,1.0,188.0,26.7,5.0,4.0,62.0,795.0,32.0,1180.0,2014.0,0.0
179905,3.0,4.0,103507.0,1.0,183.0,27.6,102845.0,1.0,190.0,31.1,3.0,6.0,23.0,1285.0,15.0,1620.0,2007.0,0.0
125086,3.0,0.0,105051.0,1.0,188.0,30.6,104545.0,1.0,206.0,33.2,3.0,9.0,55.0,917.0,9.0,3490.0,2018.0,1.0
163495,3.0,4.0,104534.0,1.0,175.0,22.9,103017.0,1.0,183.0,30.6,3.0,4.0,64.0,558.0,49.0,705.0,2008.0,0.0
188967,3.0,4.0,104607.0,1.0,196.0,24.5,104547.0,0.0,188.0,24.9,3.0,6.0,20.0,1760.0,58.0,756.0,2010.0,0.0
13389,3.0,4.0,104925.0,1.0,188.0,20.2,102845.0,1.0,190.0,30.9,3.0,6.0,3.0,3700.0,19.0,1325.0,2007.0,1.0
183947,3.0,0.0,104468.0,1.0,183.0,28.1,104542.0,1.0,188.0,27.8,3.0,9.0,13.0,2370.0,8.0,3515.0,2013.0,1.0
197886,1.0,3.0,104607.0,1.0,196.0,26.6,104731.0,1.0,203.0,26.0,5.0,6.0,7.0,4515.0,34.0,1170.0,2012.0,0.0
38655,1.0,3.0,104745.0,0.0,185.0,27.9,106233.0,1.0,185.0,20.7,5.0,7.0,1.0,12500.0,57.0,812.0,2014.0,0.0
134881,3.0,0.0,103344.0,1.0,193.0,28.4,103602.0,1.0,183.0,27.1,3.0,9.0,12.0,1850.0,7.0,2185.0,2007.0,1.0
171553,1.0,4.0,103206.0,1.0,175.0,26.9,104026.0,1.0,198.0,22.8,3.0,7.0,27.0,1130.0,12.0,1655.0,2005.0,0.0
14792,3.0,4.0,105138.0,1.0,183.0,33.9,202385.0,1.0,188.0,21.3,3.0,6.0,17.0,2375.0,39.0,1195.0,2022.0,1.0
83829,3.0,0.0,104291.0,1.0,185.0,32.9,104259.0,1.0,178.0,33.2,3.0,6.0,58.0,814.0,32.0,1325.0,2017.0,1.0
201079,3.0,4.0,105932.0,1.0,185.0,28.5,200000.0,1.0,193.0,20.0,3.0,7.0,27.0,1395.0,20.0,1771.0,2020.0,1.0
19117,3.0,4.0,103819.0,1.0,185.0,27.6,104053.0,1.0,188.0,26.5,3.0,3.0,2.0,10910.0,6.0,4610.0,2009.0,0.0
118383,1.0,4.0,104338.0,1.0,185.0,24.0,102703.0,1.0,180.0,32.2,3.0,7.0,17.0,1440.0,53.0,652.0,2008.0,0.0
2942,1.0,0.0,103812.0,1.0,198.0,28.7,104527.0,1.0,183.0,25.0,3.0,2.0,43.0,920.0,23.0,1630.0,2010.0,1.0
163607,3.0,4.0,104655.0,1.0,180.0,32.1,106233.0,1.0,185.0,24.5,3.0,6.0,34.0,1310.0,6.0,3810.0,2018.0,0.0
20198,3.0,3.0,104925.0,1.0,188.0,31.6,106421.0,1.0,198.0,22.9,5.0,5.0,1.0,9135.0,19.0,1865.0,2019.0,0.0
78468,3.0,0.0,105023.0,1.0,198.0,32.0,106043.0,1.0,170.0,27.1,3.0,5.0,47.0,1065.0,15.0,1950.0,2019.0,1.0
193081,3.0,4.0,105138.0,1.0,183.0,31.5,200282.0,1.0,183.0,20.6,3.0,6.0,10.0,2575.0,18.0,1695.0,2019.0,1.0
110075,3.0,0.0,103900.0,1.0,180.0,21.1,102860.0,1.0,183.0,26.4,3.0,6.0,10.0,1965.0,40.0,865.0,2003.0,0.0
167298,3.0,4.0,104745.0,0.0,185.0,27.1,105777.0,1.0,188.0,22.2,3.0,5.0,3.0,7860.0,29.0,1305.0,2013.0,0.0
143229,1.0,4.0,104797.0,1.0,188.0,26.6,104527.0,1.0,183.0,28.0,3.0,7.0,48.0,865.0,17.0,2005.0,2013.0,1.0
189183,3.0,0.0,103813.0,0.0,185.0,33.0,103794.0,1.0,178.0,33.1,3.0,6.0,54.0,838.0,58.0,813.0,2014.0,0.0
34488,1.0,4.0,104468.0,1.0,183.0,32.3,105807.0,1.0,188.0,25.8,3.0,7.0,31.0,1210.0,21.0,2090.0,2017.0,1.0
158922,3.0,4.0,104332.0,1.0,185.0,25.9,104386.0,1.0,180.0,25.7,3.0,7.0,53.0,817.0,36.0,1110.0,2010.0,0.0
154625,1.0,0.0,103970.0,1.0,175.0,22.8,103672.0,0.0,175.0,24.1,3.0,6.0,47.0,795.0,54.0,736.0,2005.0,0.0
52723,3.0,4.0,105227.0,1.0,198.0,20.8,103970.0,1.0,175.0,27.3,3.0,6.0,15.0,2340.0,19.0,1890.0,2009.0,1.0
177216,3.0,4.0,104545.0,1.0,206.0,35.3,128034.0,1.0,196.0,23.5,3.0,7.0,21.0,1760.0,29.0,1353.0,2020.0,0.0
84833,3.0,0.0,103387.0,1.0,185.0,26.5,103285.0,1.0,185.0,27.1,3.0,6.0,50.0,705.0,20.0,1440.0,2006.0,0.0
86385,1.0,3.0,103498.0,1.0,193.0,25.3,103990.0,1.0,180.0,23.0,5.0,5.0,4.0,3065.0,16.0,1415.0,2005.0,1.0
21648,3.0,0.0,104026.0,1.0,198.0,22.0,103103.0,1.0,183.0,26.5,3.0,5.0,32.0,909.0,20.0,1211.0,2004.0,1.0
93976,3.0,4.0,104925.0,1.0,188.0,23.7,104979.0,1.0,185.0,23.6,3.0,7.0,3.0,7800.0,39.0,1090.0,2011.0,0.0
148898,3.0,0.0,103990.0,1.0,180.0,25.8,103917.0,1.0,190.0,26.0,3.0,6.0,17.0,1490.0,40.0,744.0,2008.0,1.0
188456,2.0,3.0,103602.0,1.0,183.0,23.8,102882.0,1.0,196.0,27.6,5.0,6.0,26.0,1135.0,17.0,1320.0,2004.0,1.0
128925,3.0,0.0,105023.0,1.0,198.0,22.2,103484.0,1.0,185.0,30.0,3.0,6.0,25.0,1320.0,44.0,935.0,2010.0,1.0
119236,1.0,4.0,103781.0,0.0,183.0,30.9,103898.0,1.0,185.0,30.3,3.0,6.0,29.0,1192.0,31.0,1180.0,2012.0,1.0
173034,3.0,4.0,105064.0,0.0,188.0,23.8,104166.0,1.0,178.0,28.5,3.0,7.0,38.0,1095.0,35.0,1170.0,2011.0,1.0
100179,3.0,3.0,103990.0,1.0,180.0,20.7,101965.0,1.0,185.0,31.3,5.0,4.0,32.0,1050.0,39.0,930.0,2003.0,1.0
190326,2.0,0.0,104731.0,1.0,203.0,30.0,104269.0,0.0,188.0,32.5,3.0,5.0,24.0,1480.0,52.0,900.0,2016.0,0.0
33154,1.0,0.0,103454.0,1.0,183.0,24.3,103602.0,1.0,183.0,23.5,3.0,3.0,14.0,1564.0,36.0,995.0,2004.0,1.0
177533,0.0,4.0,103292.0,1.0,175.0,26.8,104068.0,1.0,183.0,23.0,3.0,5.0,11.0,1730.0,18.0,1460.0,2005.0,0.0
2060,3.0,4.0,103888.0,1.0,188.0,30.6,104338.0,1.0,185.0,28.3,3.0,5.0,13.0,2135.0,10.0,2695.0,2012.0,0.0
17103,3.0,0.0,105062.0,1.0,183.0,31.5,106043.0,1.0,170.0,26.9,3.0,3.0,45.0,1020.0,27.0,1485.0,2019.0,1.0
191889,1.0,4.0,103970.0,1.0,175.0,25.0,104925.0,1.0,188.0,19.9,3.0,5.0,16.0,1615.0,7.0,2540.0,2007.0,0.0
30149,1.0,4.0,104925.0,1.0,188.0,19.9,103970.0,1.0,175.0,25.0,3.0,5.0,7.0,2540.0,16.0,1615.0,2007.0,1.0
113934,3.0,0.0,103018.0,1.0,196.0,25.6,103344.0,1.0,193.0,23.9,3.0,5.0,46.0,740.0,52.0,700.0,2003.0,0.0
141514,3.0,4.0,103598.0,1.0,185.0,25.6,102148.0,1.0,178.0,33.2,3.0,4.0,49.0,796.0,37.0,855.0,2006.0,0.0
55814,3.0,4.0,103428.0,1.0,190.0,25.5,102450.0,1.0,185.0,30.5,3.0,6.0,30.0,1085.0,7.0,2155.0,2005.0,1.0
165765,3.0,0.0,103786.0,1.0,178.0,28.3,104259.0,1.0,178.0,25.9,3.0,5.0,8.0,3665.0,22.0,1590.0,2009.0,0.0
70316,3.0,4.0,101962.0,1.0,193.0,32.0,103206.0,1.0,175.0,25.3,3.0,3.0,18.0,1260.0,10.0,1970.0,2003.0,0.0
39269,3.0,4.0,104527.0,1.0,183.0,22.9,104571.0,1.0,183.0,22.7,3.0,6.0,35.0,955.0,18.0,1455.0,2008.0,0.0
191665,3.0,4.0,103786.0,1.0,178.0,27.4,104607.0,1.0,196.0,23.1,3.0,5.0,6.0,2265.0,22.0,1215.0,2008.0,0.0
176652,1.0,3.0,103835.0,1.0,183.0,25.7,103506.0,1.0,183.0,27.2,5.0,7.0,34.0,872.0,60.0,603.0,2007.0,0.0
111125,1.0,4.0,126205.0,1.0,185.0,24.9,200282.0,1.0,183.0,23.2,3.0,6.0,34.0,1208.0,22.0,1691.0,2022.0,1.0
202421,3.0,3.0,105453.0,1.0,178.0,23.0,103970.0,1.0,175.0,30.7,5.0,5.0,18.0,1870.0,5.0,6505.0,2013.0,1.0
188718,0.0,4.0,103292.0,1.0,175.0,26.8,104607.0,1.0,196.0,20.1,3.0,3.0,11.0,1730.0,50.0,725.0,2005.0,1.0
27067,1.0,3.0,103786.0,1.0,178.0,25.9,103084.0,1.0,185.0,29.5,5.0,3.0,4.0,2840.0,22.0,1272.0,2007.0,0.0
66415,3.0,0.0,126094.0,1.0,188.0,22.3,105554.0,1.0,175.0,29.7,3.0,3.0,14.0,2219.0,37.0,1224.0,2020.0,1.0
140446,3.0,0.0,104468.0,1.0,183.0,22.1,104417.0,1.0,193.0,22.4,3.0,9.0,58.0,625.0,26.0,1063.0,2007.0,0.0
181996,3.0,0.0,104339.0,1.0,196.0,22.7,103888.0,1.0,188.0,25.0,3.0,5.0,9.0,2060.0,45.0,776.0,2007.0,1.0
195855,3.0,0.0,104542.0,1.0,188.0,28.8,104252.0,1.0,190.0,30.3,3.0,6.0,10.0,2885.0,30.0,1245.0,2014.0,0.0
148032,1.0,0.0,105173.0,0.0,183.0,22.8,104607.0,1.0,196.0,25.6,3.0,5.0,53.0,913.0,6.0,4215.0,2011.0,1.0
32637,3.0,4.0,126207.0,1.0,188.0,20.5,105683.0,1.0,196.0,27.6,3.0,6.0,41.0,1065.0,29.0,1360.0,2018.0,0.0
166915,3.0,0.0,106298.0,1.0,185.0,23.6,104745.0,0.0,185.0,31.3,3.0,6.0,23.0,1825.0,1.0,9465.0,2017.0,1.0
63691,3.0,0.0,104731.0,1.0,203.0,26.7,104545.0,1.0,206.0,27.8,3.0,3.0,29.0,1260.0,15.0,2125.0,2013.0,1.0
19797,1.0,4.0,104339.0,1.0,196.0,22.1,103900.0,1.0,180.0,24.3,3.0,3.0,15.0,1455.0,3.0,2845.0,2006.0,1.0
126629,1.0,4.0,104745.0,0.0,185.0,26.8,105777.0,1.0,188.0,21.9,3.0,3.0,5.0,6385.0,34.0,1112.0,2013.0,0.0
14374,1.0,4.0,105053.0,1.0,188.0,26.4,105138.0,1.0,183.0,26.0,3.0,3.0,46.0,983.0,45.0,1000.0,2014.0,1.0
49572,3.0,0.0,106065.0,1.0,185.0,25.8,105526.0,1.0,193.0,28.3,3.0,6.0,22.0,1734.0,52.0,975.0,2018.0,1.0
104452,2.0,3.0,128034.0,1.0,196.0,24.3,103819.0,1.0,185.0,39.8,5.0,3.0,18.0,2533.0,8.0,4815.0,2021.0,0.0
200114,1.0,4.0,104925.0,1.0,188.0,24.9,104542.0,1.0,188.0,27.0,3.0,3.0,1.0,11200.0,5.0,4930.0,2012.0,0.0
172349,1.0,4.0,105453.0,1.0,178.0,23.3,103819.0,1.0,185.0,31.7,3.0,5.0,16.0,2090.0,2.0,8670.0,2013.0,0.0
12698,1.0,0.0,104607.0,1.0,196.0,19.8,103786.0,1.0,178.0,24.1,3.0,3.0,38.0,906.0,7.0,2045.0,2005.0,1.0
129769,3.0,3.0,103852.0,0.0,188.0,33.9,105683.0,1.0,196.0,24.6,5.0,6.0,19.0,1665.0,10.0,2880.0,2015.0,0.0
87654,3.0,0.0,103344.0,1.0,193.0,25.9,102450.0,1.0,185.0,30.4,3.0,3.0,14.0,1440.0,7.0,2310.0,2005.0,0.0
95525,3.0,4.0,103292.0,1.0,175.0,26.6,102202.0,0.0,190.0,32.3,3.0,6.0,8.0,1875.0,53.0,665.0,2005.0,0.0
206641,3.0,0.0,103507.0,1.0,183.0,25.6,103285.0,1.0,185.0,26.8,3.0,9.0,22.0,1290.0,15.0,1480.0,2005.0,0.0
58528,3.0,4.0,105453.0,1.0,178.0,27.1,105554.0,1.0,175.0,26.7,3.0,7.0,5.0,4730.0,41.0,1016.0,2017.0,0.0
11151,1.0,0.0,103507.0,1.0,183.0,30.4,104252.0,1.0,190.0,26.7,3.0,3.0,21.0,1745.0,54.0,852.0,2010.0,1.0
13706,3.0,4.0,105223.0,1.0,198.0,20.0,103819.0,1.0,185.0,27.1,3.0,3.0,9.0,1685.0,2.0,5930.0,2008.0,1.0
55586,3.0,3.0,104312.0,1.0,190.0,30.5,106401.0,1.0,193.0,19.3,5.0,7.0,49.0,925.0,60.0,805.0,2014.0,1.0
23182,1.0,3.0,103900.0,1.0,180.0,22.3,103498.0,1.0,193.0,24.3,5.0,5.0,8.0,2210.0,20.0,1270.0,2004.0,0.0
189736,3.0,0.0,105064.0,0.0,188.0,22.0,103843.0,1.0,185.0,28.3,3.0,6.0,34.0,1066.0,56.0,775.0,2010.0,0.0
137816,1.0,3.0,100644.0,1.0,198.0,21.1,111575.0,1.0,198.0,22.0,5.0,5.0,3.0,5615.0,38.0,1220.0,2018.0,0.0
196519,1.0,0.0,105550.0,0.0,185.0,28.9,105311.0,1.0,185.0,30.0,3.0,7.0,28.0,1375.0,50.0,947.0,2019.0,0.0
7161,1.0,3.0,100644.0,1.0,198.0,25.0,104745.0,0.0,185.0,35.9,5.0,9.0,3.0,7075.0,5.0,5525.0,2022.0,1.0
146373,3.0,3.0,104978.0,1.0,196.0,26.1,104731.0,1.0,203.0,27.2,5.0,4.0,51.0,873.0,20.0,1740.0,2013.0,1.0
83506,3.0,0.0,104871.0,1.0,188.0,27.6,105453.0,1.0,178.0,24.7,3.0,3.0,34.0,1105.0,7.0,4025.0,2014.0,1.0
173182,3.0,3.0,104755.0,1.0,185.0,29.2,106071.0,1.0,193.0,22.8,5.0,6.0,12.0,2240.0,24.0,1465.0,2015.0,0.0
206267,2.0,0.0,105238.0,1.0,180.0,24.6,104269.0,0.0,188.0,29.5,3.0,6.0,24.0,1500.0,58.0,785.0,2013.0,1.0
11456,3.0,0.0,104269.0,0.0,188.0,23.7,102434.0,1.0,183.0,33.0,3.0,6.0,35.0,850.0,64.0,585.0,2007.0,0.0
63329,3.0,1.0,105227.0,1.0,198.0,27.9,104755.0,1.0,185.0,30.2,5.0,8.0,11.0,2885.0,17.0,1880.0,2016.0,0.0
79210,3.0,4.0,104755.0,1.0,185.0,29.7,105332.0,1.0,196.0,26.8,3.0,6.0,10.0,2795.0,22.0,1571.0,2016.0,0.0
97056,1.0,0.0,144684.0,0.0,178.0,24.4,111815.0,0.0,188.0,26.7,3.0,2.0,47.0,1029.0,11.0,3355.0,2022.0,1.0
5869,1.0,4.0,103498.0,1.0,193.0,25.2,103252.0,1.0,175.0,26.7,3.0,7.0,4.0,3105.0,53.0,742.0,2005.0,0.0
20290,1.0,0.0,103084.0,1.0,185.0,29.4,103786.0,1.0,178.0,25.8,3.0,3.0,28.0,1007.0,4.0,2825.0,2007.0,0.0
78243,3.0,3.0,104731.0,1.0,203.0,25.6,104607.0,1.0,196.0,26.3,5.0,6.0,32.0,1190.0,7.0,3700.0,2012.0,1.0
177143,2.0,0.0,104925.0,1.0,188.0,21.0,104745.0,0.0,185.0,22.0,3.0,2.0,3.0,5225.0,2.0,5585.0,2008.0,1.0
105160,3.0,0.0,104918.0,1.0,190.0,19.7,104053.0,1.0,188.0,24.4,3.0,9.0,13.0,1650.0,4.0,2715.0,2007.0,0.0
186739,1.0,0.0,104076.0,1.0,190.0,25.3,102845.0,1.0,190.0,31.4,3.0,6.0,51.0,621.0,13.0,1585.0,2008.0,0.0
63047,3.0,4.0,106058.0,1.0,185.0,24.8,103970.0,1.0,175.0,35.3,3.0,6.0,17.0,2335.0,33.0,1255.0,2017.0,1.0
160512,1.0,0.0,104198.0,1.0,188.0,26.1,103852.0,0.0,188.0,27.8,3.0,6.0,53.0,946.0,39.0,1115.0,2009.0,0.0
120987,3.0,3.0,103786.0,1.0,178.0,26.6,104022.0,1.0,183.0,25.5,5.0,5.0,4.0,2825.0,14.0,1670.0,2008.0,1.0
78883,3.0,0.0,105992.0,1.0,183.0,25.4,105227.0,1.0,198.0,29.0,3.0,3.0,52.0,920.0,5.0,4155.0,2017.0,1.0
18150,3.0,2.0,104925.0,1.0,188.0,34.4,100644.0,1.0,198.0,24.5,3.0,9.0,1.0,10940.0,3.0,6540.0,2021.0,1.0
32189,3.0,0.0,103694.0,1.0,168.0,31.0,105683.0,1.0,196.0,21.1,3.0,3.0,51.0,867.0,35.0,1090.0,2012.0,1.0
168768,3.0,4.0,104386.0,1.0,180.0,29.1,105683.0,1.0,196.0,22.6,3.0,6.0,20.0,1650.0,10.0,2645.0,2013.0,1.0
40757,1.0,4.0,103507.0,1.0,183.0,30.1,103794.0,1.0,178.0,28.8,3.0,6.0,16.0,2105.0,40.0,979.0,2010.0,0.0
16848,3.0,4.0,104665.0,1.0,180.0,27.7,104022.0,1.0,183.0,31.2,3.0,7.0,55.0,860.0,21.0,1735.0,2013.0,0.0
145968,3.0,4.0,104792.0,1.0,193.0,30.5,104545.0,1.0,206.0,31.8,3.0,6.0,11.0,3280.0,22.0,1760.0,2017.0,0.0
17738,3.0,3.0,103096.0,1.0,173.0,29.0,103598.0,1.0,185.0,26.4,5.0,4.0,44.0,820.0,30.0,965.0,2007.0,0.0
19129,1.0,4.0,104755.0,1.0,185.0,20.8,103835.0,1.0,183.0,25.6,3.0,6.0,13.0,1835.0,53.0,682.0,2007.0,1.0
34767,3.0,4.0,104755.0,1.0,185.0,34.1,105138.0,1.0,183.0,32.3,3.0,6.0,50.0,985.0,12.0,2360.0,2020.0,1.0
204424,3.0,0.0,200175.0,1.0,183.0,20.4,200005.0,0.0,188.0,21.6,3.0,3.0,54.0,921.0,43.0,1121.0,2020.0,0.0
73131,3.0,4.0,105936.0,1.0,185.0,29.4,200282.0,1.0,183.0,22.4,3.0,7.0,33.0,1724.0,18.0,2600.0,2021.0,1.0
166880,3.0,4.0,103900.0,1.0,180.0,30.5,103163.0,1.0,188.0,34.3,3.0,7.0,38.0,980.0,25.0,1418.0,2012.0,1.0
117481,3.0,4.0,104607.0,1.0,196.0,25.0,104198.0,1.0,188.0,27.3,3.0,5.0,7.0,3715.0,35.0,1175.0,2010.0,1.0
85641,3.0,4.0,104797.0,1.0,188.0,25.9,103898.0,1.0,185.0,30.6,3.0,7.0,33.0,1157.0,30.0,1270.0,2012.0,0.0
55197,1.0,0.0,104259.0,1.0,178.0,35.5,126610.0,1.0,196.0,23.0,3.0,3.0,41.0,1045.0,37.0,1145.0,2019.0,1.0
92002,0.0,4.0,102783.0,1.0,180.0,28.5,103852.0,0.0,188.0,23.1,3.0,7.0,27.0,1140.0,28.0,1080.0,2004.0,1.0
99556,3.0,4.0,103819.0,1.0,185.0,29.5,103428.0,1.0,190.0,31.5,3.0,6.0,2.0,7965.0,32.0,1270.0,2011.0,0.0
157561,3.0,4.0,105683.0,1.0,196.0,21.8,104871.0,1.0,188.0,25.7,3.0,6.0,14.0,2300.0,34.0,1131.0,2012.0,0.0
133159,1.0,0.0,104198.0,1.0,188.0,26.1,104678.0,1.0,193.0,23.4,3.0,5.0,56.0,917.0,26.0,1567.0,2009.0,1.0
201430,3.0,3.0,104925.0,1.0,188.0,34.2,106421.0,1.0,198.0,25.5,5.0,2.0,1.0,11113.0,2.0,9980.0,2021.0,1.0
18029,3.0,2.0,106421.0,1.0,198.0,24.7,106043.0,1.0,170.0,28.2,3.0,8.0,4.0,6970.0,9.0,3455.0,2020.0,0.0
173317,3.0,4.0,103990.0,1.0,180.0,33.2,104665.0,1.0,180.0,29.5,3.0,7.0,26.0,1360.0,46.0,955.0,2015.0,0.0
126583,3.0,4.0,104339.0,1.0,196.0,23.3,103781.0,0.0,183.0,26.2,3.0,6.0,38.0,800.0,34.0,855.0,2007.0,1.0
56585,3.0,0.0,105023.0,1.0,198.0,25.9,104468.0,1.0,183.0,28.7,3.0,3.0,31.0,1265.0,16.0,1950.0,2013.0,1.0
97097,1.0,0.0,102845.0,1.0,190.0,26.6,103103.0,1.0,183.0,25.2,3.0,5.0,4.0,2845.0,60.0,702.0,2003.0,0.0
83847,3.0,4.0,105138.0,1.0,183.0,31.4,126610.0,1.0,196.0,23.4,3.0,5.0,10.0,2575.0,13.0,2221.0,2019.0,1.0
46074,3.0,0.0,106043.0,1.0,170.0,29.1,144750.0,1.0,193.0,24.5,3.0,5.0,15.0,2800.0,32.0,1677.0,2021.0,0.0
40653,2.0,0.0,104312.0,1.0,190.0,32.3,103970.0,1.0,175.0,34.1,3.0,6.0,40.0,1075.0,14.0,2605.0,2016.0,0.0
107184,3.0,4.0,104792.0,1.0,193.0,21.8,104214.0,1.0,185.0,25.0,3.0,7.0,39.0,913.0,26.0,1065.0,2008.0,1.0
99800,3.0,3.0,126239.0,1.0,196.0,27.1,106421.0,1.0,198.0,26.5,5.0,7.0,58.0,805.0,1.0,6885.0,2022.0,1.0
154877,3.0,4.0,104926.0,1.0,178.0,29.7,104542.0,1.0,188.0,31.8,3.0,7.0,43.0,980.0,8.0,3480.0,2017.0,0.0
86124,3.0,0.0,103786.0,1.0,178.0,29.5,104926.0,1.0,178.0,23.6,3.0,6.0,22.0,1655.0,55.0,855.0,2011.0,0.0
22125,3.0,0.0,103484.0,1.0,185.0,26.7,102563.0,1.0,180.0,31.5,3.0,6.0,8.0,2240.0,50.0,755.0,2006.0,0.0
48705,1.0,0.0,103893.0,1.0,183.0,31.3,104597.0,1.0,183.0,27.6,3.0,3.0,62.0,761.0,12.0,2390.0,2013.0,1.0
117717,3.0,3.0,104745.0,0.0,185.0,20.2,104022.0,1.0,183.0,24.1,5.0,3.0,2.0,4625.0,54.0,745.0,2006.0,1.0
14766,3.0,4.0,105311.0,1.0,185.0,29.3,105916.0,1.0,188.0,26.4,3.0,7.0,63.0,866.0,51.0,982.0,2018.0,1.0
78443,1.0,0.0,104755.0,1.0,185.0,22.2,102845.0,1.0,190.0,32.0,3.0,9.0,12.0,1565.0,61.0,665.0,2008.0,1.0
137047,1.0,4.0,124187.0,1.0,211.0,21.6,105807.0,1.0,188.0,27.8,3.0,7.0,58.0,877.0,42.0,1030.0,2019.0,0.0
143753,2.0,3.0,104468.0,1.0,183.0,23.4,104755.0,1.0,185.0,22.0,5.0,6.0,29.0,1030.0,10.0,1610.0,2008.0,1.0
150551,1.0,0.0,103285.0,1.0,185.0,32.6,104198.0,1.0,188.0,28.1,3.0,6.0,57.0,883.0,38.0,1155.0,2011.0,1.0
195960,1.0,4.0,104745.0,0.0,185.0,32.9,105932.0,1.0,185.0,27.2,3.0,5.0,2.0,7945.0,18.0,1905.0,2019.0,0.0
135675,3.0,0.0,105643.0,0.0,190.0,24.0,103333.0,1.0,208.0,35.6,3.0,6.0,63.0,775.0,30.0,1265.0,2014.0,1.0
130520,1.0,3.0,103819.0,1.0,185.0,31.8,104542.0,1.0,188.0,28.1,5.0,3.0,3.0,8000.0,8.0,3795.0,2013.0,1.0
62155,3.0,0.0,126774.0,1.0,193.0,22.5,111575.0,1.0,198.0,24.7,3.0,3.0,6.0,6595.0,21.0,2290.0,2021.0,0.0
47095,3.0,3.0,106043.0,1.0,170.0,27.0,100644.0,1.0,198.0,22.3,5.0,5.0,21.0,1725.0,6.0,4005.0,2019.0,0.0
125464,3.0,0.0,103428.0,1.0,190.0,25.3,103602.0,1.0,183.0,24.4,3.0,9.0,26.0,1170.0,23.0,1235.0,2005.0,1.0
105728,2.0,0.0,105062.0,1.0,183.0,31.4,104755.0,1.0,185.0,32.9,3.0,5.0,47.0,955.0,42.0,1080.0,2019.0,1.0
143645,3.0,3.0,103163.0,1.0,188.0,26.7,103971.0,1.0,180.0,22.7,5.0,7.0,17.0,1330.0,42.0,873.0,2005.0,1.0
16050,3.0,4.0,104468.0,1.0,183.0,28.1,104731.0,1.0,203.0,26.7,3.0,5.0,13.0,2390.0,37.0,1055.0,2013.0,1.0
171848,1.0,0.0,104053.0,1.0,188.0,21.6,103632.0,1.0,180.0,23.5,3.0,9.0,2.0,4800.0,60.0,595.0,2004.0,0.0
80760,1.0,3.0,105550.0,0.0,185.0,26.0,106043.0,1.0,170.0,23.7,5.0,4.0,48.0,899.0,63.0,781.0,2016.0,0.0
152249,1.0,4.0,111575.0,1.0,198.0,22.9,104269.0,0.0,188.0,35.4,3.0,6.0,13.0,2685.0,38.0,1155.0,2019.0,1.0
178965,3.0,4.0,101736.0,1.0,180.0,32.8,103813.0,0.0,185.0,21.6,3.0,6.0,2.0,4295.0,35.0,985.0,2003.0,0.0
11480,3.0,4.0,104022.0,1.0,183.0,25.7,104386.0,1.0,180.0,23.7,3.0,5.0,11.0,1545.0,41.0,781.0,2008.0,1.0
102076,3.0,3.0,133430.0,0.0,185.0,20.3,104792.0,1.0,193.0,32.9,5.0,6.0,33.0,1310.0,13.0,2140.0,2019.0,1.0
133622,3.0,3.0,103387.0,1.0,185.0,24.5,101736.0,1.0,180.0,33.7,5.0,5.0,15.0,1540.0,4.0,3425.0,2004.0,1.0
126207,3.0,0.0,100644.0,1.0,198.0,20.4,126094.0,1.0,188.0,19.9,3.0,3.0,4.0,4310.0,39.0,1182.0,2017.0,0.0
147638,3.0,0.0,104593.0,1.0,185.0,25.2,104597.0,1.0,183.0,25.1,3.0,6.0,59.0,819.0,16.0,2195.0,2010.0,0.0
17343,3.0,4.0,104792.0,1.0,193.0,20.5,103898.0,1.0,185.0,25.2,3.0,4.0,49.0,715.0,46.0,757.0,2007.0,1.0
90175,3.0,0.0,103990.0,1.0,180.0,23.3,103812.0,1.0,198.0,24.0,3.0,3.0,20.0,1325.0,47.0,752.0,2005.0,1.0
165201,1.0,4.0,105311.0,1.0,185.0,28.0,104655.0,1.0,180.0,31.2,3.0,6.0,36.0,1080.0,27.0,1425.0,2017.0,1.0
122455,1.0,1.0,104312.0,1.0,190.0,30.1,104918.0,1.0,190.0,26.8,5.0,8.0,34.0,1150.0,8.0,3975.0,2014.0,1.0
153725,2.0,3.0,103333.0,1.0,208.0,30.3,104269.0,0.0,188.0,25.6,5.0,5.0,36.0,1295.0,8.0,3620.0,2009.0,0.0
115403,3.0,4.0,104745.0,0.0,185.0,28.8,104269.0,0.0,188.0,31.3,3.0,6.0,3.0,5810.0,34.0,1180.0,2015.0,1.0
107195,1.0,4.0,104926.0,1.0,178.0,25.8,104925.0,1.0,188.0,25.9,3.0,9.0,32.0,1135.0,1.0,12500.0,2013.0,1.0
191940,1.0,3.0,103280.0,1.0,196.0,24.5,103909.0,1.0,175.0,21.3,5.0,9.0,46.0,793.0,7.0,1985.0,2003.0,0.0
169221,1.0,0.0,105438.0,1.0,183.0,26.4,106401.0,1.0,193.0,20.9,3.0,5.0,58.0,825.0,20.0,1765.0,2016.0,1.0
43609,3.0,3.0,104527.0,1.0,183.0,34.8,106421.0,1.0,198.0,23.9,5.0,5.0,15.0,2045.0,4.0,5960.0,2020.0,0.0
102717,3.0,4.0,106421.0,1.0,198.0,23.4,111575.0,1.0,198.0,23.2,3.0,9.0,9.0,2745.0,8.0,2890.0,2019.0,0.0
41913,2.0,0.0,106234.0,1.0,185.0,27.7,111815.0,0.0,188.0,25.8,3.0,5.0,24.0,2274.0,41.0,1510.0,2021.0,1.0
173820,3.0,4.0,103852.0,0.0,188.0,27.0,103970.0,1.0,175.0,26.5,3.0,6.0,40.0,865.0,5.0,2315.0,2008.0,0.0
9214,3.0,0.0,104230.0,1.0,180.0,26.1,104386.0,1.0,180.0,25.3,3.0,6.0,55.0,798.0,46.0,880.0,2009.0,1.0
164174,3.0,4.0,103163.0,1.0,188.0,35.9,105453.0,1.0,178.0,24.1,3.0,6.0,12.0,2435.0,21.0,1715.0,2014.0,0.0
165418,3.0,2.0,104918.0,1.0,190.0,29.5,104527.0,1.0,183.0,31.6,3.0,8.0,1.0,11185.0,3.0,5115.0,2016.0,0.0
130930,3.0,4.0,106071.0,1.0,193.0,22.9,104755.0,1.0,185.0,29.3,3.0,5.0,20.0,1585.0,11.0,2400.0,2015.0,0.0
196523,2.0,0.0,102148.0,1.0,178.0,36.5,105023.0,1.0,198.0,21.7,3.0,9.0,34.0,1320.0,39.0,1175.0,2009.0,1.0
137190,1.0,4.0,103206.0,1.0,175.0,27.8,104269.0,0.0,188.0,22.4,3.0,7.0,18.0,1455.0,31.0,975.0,2006.0,0.0
179808,1.0,4.0,105238.0,1.0,180.0,23.4,104665.0,1.0,180.0,26.2,3.0,7.0,20.0,1575.0,37.0,1160.0,2012.0,0.0
113445,3.0,4.0,105554.0,1.0,175.0,26.7,105453.0,1.0,178.0,27.1,3.0,7.0,41.0,1016.0,5.0,4730.0,2017.0,1.0
167723,3.0,0.0,104386.0,1.0,180.0,27.6,103566.0,0.0,190.0,31.7,3.0,9.0,9.0,2770.0,50.0,870.0,2012.0,1.0
158536,1.0,0.0,103454.0,1.0,183.0,24.9,103835.0,1.0,183.0,23.0,3.0,3.0,12.0,1595.0,45.0,775.0,2004.0,1.0
132013,1.0,4.0,102271.0,0.0,175.0,30.5,102434.0,1.0,183.0,29.7,3.0,6.0,42.0,863.0,34.0,950.0,2004.0,1.0
56948,3.0,0.0,128034.0,1.0,196.0,24.0,126774.0,1.0,193.0,22.5,3.0,5.0,30.0,1735.0,6.0,6595.0,2021.0,1.0
203,1.0,4.0,104259.0,1.0,178.0,34.4,105077.0,0.0,188.0,30.2,3.0,6.0,40.0,1230.0,24.0,1745.0,2018.0,0.0
75500,1.0,4.0,104755.0,1.0,185.0,20.8,103103.0,1.0,183.0,29.2,3.0,6.0,15.0,1620.0,24.0,1083.0,2007.0,0.0
150423,3.0,4.0,102845.0,1.0,190.0,27.1,103852.0,0.0,188.0,22.0,3.0,5.0,7.0,2705.0,35.0,1025.0,2003.0,1.0
185126,3.0,3.0,104731.0,1.0,203.0,27.6,104273.0,1.0,188.0,30.1,5.0,6.0,21.0,1580.0,40.0,1038.0,2014.0,0.0
136978,1.0,4.0,104745.0,0.0,185.0,28.8,104545.0,1.0,206.0,29.9,3.0,5.0,5.0,5255.0,19.0,1720.0,2015.0,0.0
61577,2.0,3.0,103454.0,1.0,183.0,27.7,104607.0,1.0,196.0,21.7,5.0,4.0,52.0,675.0,11.0,1945.0,2007.0,1.0
143375,1.0,0.0,104593.0,1.0,185.0,25.5,103656.0,1.0,175.0,30.2,3.0,6.0,59.0,844.0,25.0,1405.0,2011.0,1.0
179831,1.0,3.0,104468.0,1.0,183.0,29.4,105683.0,1.0,196.0,23.4,5.0,6.0,30.0,1225.0,9.0,2975.0,2014.0,1.0
54364,1.0,0.0,105807.0,1.0,188.0,24.8,105438.0,1.0,183.0,26.4,3.0,5.0,43.0,995.0,61.0,783.0,2016.0,0.0
67214,3.0,3.0,104926.0,1.0,178.0,28.2,104745.0,0.0,185.0,29.2,5.0,6.0,32.0,1165.0,8.0,3680.0,2015.0,0.0
120219,3.0,3.0,103794.0,1.0,178.0,33.5,103898.0,1.0,185.0,33.0,5.0,4.0,41.0,973.0,25.0,1390.0,2015.0,0.0
38715,1.0,4.0,103909.0,1.0,175.0,23.2,103017.0,1.0,183.0,27.8,3.0,6.0,11.0,1915.0,30.0,1070.0,2005.0,0.0
83516,3.0,0.0,105777.0,1.0,188.0,26.3,105138.0,1.0,183.0,29.4,3.0,3.0,8.0,3575.0,13.0,2525.0,2017.0,0.0
175616,1.0,4.0,103484.0,1.0,185.0,28.3,104527.0,1.0,183.0,23.1,3.0,3.0,8.0,1965.0,24.0,1200.0,2008.0,1.0
90563,3.0,4.0,103285.0,1.0,185.0,24.6,103484.0,1.0,185.0,23.6,3.0,7.0,47.0,815.0,26.0,1090.0,2003.0,1.0
153341,3.0,0.0,111575.0,1.0,198.0,25.1,100644.0,1.0,198.0,24.2,3.0,2.0,25.0,2235.0,5.0,7340.0,2021.0,1.0
67803,1.0,0.0,103454.0,1.0,183.0,25.5,102610.0,1.0,180.0,29.8,3.0,6.0,21.0,1265.0,51.0,770.0,2005.0,1.0
205040,3.0,4.0,105227.0,1.0,198.0,33.8,207989.0,1.0,185.0,19.2,3.0,5.0,17.0,2130.0,4.0,5045.0,2022.0,1.0
26509,3.0,0.0,105227.0,1.0,198.0,21.2,104527.0,1.0,183.0,24.7,3.0,2.0,14.0,2430.0,21.0,1635.0,2010.0,0.0
93604,3.0,0.0,200624.0,1.0,196.0,22.2,126239.0,1.0,196.0,27.2,3.0,9.0,47.0,985.0,56.0,852.0,2022.0,0.0
161243,1.0,0.0,103507.0,1.0,183.0,27.0,103292.0,1.0,175.0,28.2,3.0,3.0,25.0,1100.0,36.0,845.0,2007.0,0.0
30162,3.0,4.0,104678.0,1.0,193.0,25.4,104545.0,1.0,206.0,26.2,3.0,6.0,15.0,1970.0,28.0,1330.0,2011.0,0.0
155516,1.0,0.0,105807.0,1.0,188.0,23.0,104122.0,1.0,183.0,31.4,3.0,5.0,57.0,815.0,55.0,825.0,2014.0,0.0
38681,3.0,4.0,104338.0,1.0,185.0,25.9,104926.0,1.0,178.0,22.7,3.0,7.0,27.0,1430.0,55.0,780.0,2010.0,0.0
105132,3.0,0.0,104755.0,1.0,185.0,28.5,104620.0,1.0,183.0,29.2,3.0,5.0,26.0,1350.0,52.0,810.0,2015.0,0.0
75649,3.0,4.0,102562.0,1.0,190.0,28.3,103484.0,1.0,185.0,23.6,3.0,6.0,12.0,1760.0,26.0,1090.0,2003.0,0.0
131020,3.0,4.0,105223.0,1.0,198.0,29.4,104259.0,1.0,178.0,34.3,3.0,3.0,8.0,3200.0,37.0,1290.0,2018.0,0.0
71075,2.0,0.0,102950.0,1.0,180.0,26.2,102703.0,1.0,180.0,27.4,3.0,6.0,62.0,651.0,53.0,726.0,2003.0,0.0
178431,3.0,3.0,104597.0,1.0,183.0,26.4,104527.0,1.0,183.0,26.8,5.0,6.0,10.0,2380.0,22.0,1615.0,2012.0,0.0
133518,1.0,4.0,104731.0,1.0,203.0,24.8,104926.0,1.0,178.0,23.8,3.0,7.0,33.0,1185.0,53.0,935.0,2011.0,1.0
155028,3.0,0.0,106415.0,0.0,170.0,26.9,134770.0,1.0,183.0,23.7,3.0,3.0,56.0,827.0,2.0,5850.0,2022.0,0.0
139722,2.0,0.0,104925.0,1.0,188.0,30.0,104792.0,1.0,193.0,30.8,3.0,2.0,4.0,5805.0,16.0,2545.0,2017.0,0.0
6311,2.0,0.0,103970.0,1.0,175.0,31.2,103598.0,1.0,185.0,32.9,3.0,6.0,4.0,7220.0,60.0,770.0,2013.0,1.0
192211,1.0,3.0,105453.0,1.0,178.0,26.3,105723.0,1.0,185.0,25.2,5.0,7.0,6.0,4470.0,40.0,1063.0,2016.0,0.0
182715,3.0,0.0,104053.0,1.0,188.0,26.4,105023.0,1.0,198.0,21.3,3.0,3.0,6.0,4510.0,37.0,1615.0,2009.0,0.0
150334,2.0,3.0,111513.0,1.0,188.0,24.0,105357.0,1.0,183.0,30.0,5.0,7.0,35.0,1255.0,64.0,850.0,2019.0,1.0
87582,3.0,3.0,105932.0,1.0,185.0,27.9,104269.0,0.0,188.0,36.1,5.0,7.0,29.0,1485.0,51.0,1050.0,2020.0,1.0
96896,2.0,0.0,126610.0,1.0,196.0,23.1,105932.0,1.0,185.0,27.3,3.0,6.0,22.0,1505.0,17.0,1970.0,2019.0,0.0
199159,1.0,4.0,200005.0,0.0,188.0,22.2,133430.0,0.0,185.0,21.4,3.0,5.0,42.0,1146.0,14.0,2345.0,2020.0,1.0
152464,3.0,0.0,104607.0,1.0,196.0,30.0,104620.0,1.0,183.0,29.9,3.0,5.0,5.0,5050.0,63.0,750.0,2015.0,1.0
68365,3.0,0.0,104022.0,1.0,183.0,28.6,104468.0,1.0,183.0,26.1,3.0,5.0,11.0,2710.0,33.0,1255.0,2011.0,0.0
14600,1.0,4.0,104053.0,1.0,188.0,26.6,103819.0,1.0,185.0,27.7,3.0,3.0,6.0,4040.0,2.0,10170.0,2009.0,1.0
2124,3.0,4.0,104053.0,1.0,188.0,26.5,104925.0,1.0,188.0,21.7,3.0,3.0,7.0,4060.0,3.0,9240.0,2009.0,0.0
21283,3.0,0.0,104745.0,0.0,185.0,35.1,144750.0,1.0,193.0,24.4,3.0,5.0,3.0,8270.0,50.0,1303.0,2021.0,1.0
139951,2.0,0.0,104925.0,1.0,188.0,31.0,105357.0,1.0,183.0,29.0,3.0,6.0,22.0,1665.0,63.0,901.0,2018.0,0.0
25755,3.0,0.0,104607.0,1.0,196.0,26.4,105223.0,1.0,198.0,23.3,3.0,9.0,7.0,3815.0,10.0,2585.0,2012.0,1.0
29114,3.0,0.0,105332.0,1.0,196.0,30.2,104545.0,1.0,206.0,34.2,3.0,5.0,30.0,1368.0,15.0,2040.0,2019.0,0.0
164614,2.0,0.0,122298.0,1.0,188.0,26.6,126610.0,1.0,196.0,26.1,3.0,9.0,29.0,1364.0,10.0,3570.0,2022.0,1.0
188339,3.0,4.0,105676.0,1.0,180.0,28.8,103819.0,1.0,185.0,38.1,3.0,5.0,14.0,2190.0,3.0,7130.0,2019.0,1.0
96264,3.0,4.0,104542.0,1.0,188.0,29.2,103819.0,1.0,185.0,32.9,3.0,2.0,15.0,1910.0,3.0,6070.0,2014.0,0.0
158397,3.0,0.0,102450.0,1.0,185.0,30.4,103017.0,1.0,183.0,27.6,3.0,6.0,7.0,2360.0,24.0,1240.0,2005.0,0.0
150753,3.0,3.0,104871.0,1.0,188.0,28.5,103970.0,1.0,175.0,33.4,5.0,6.0,27.0,1300.0,7.0,3695.0,2015.0,0.0
14830,3.0,0.0,103781.0,0.0,183.0,29.4,104259.0,1.0,178.0,27.0,3.0,3.0,12.0,2650.0,35.0,1215.0,2010.0,0.0
42621,1.0,0.0,102845.0,1.0,190.0,26.6,103786.0,1.0,178.0,21.8,3.0,3.0,4.0,2845.0,44.0,805.0,2003.0,0.0
179438,3.0,0.0,104545.0,1.0,206.0,24.7,103990.0,1.0,180.0,27.6,3.0,3.0,33.0,1067.0,16.0,2175.0,2010.0,0.0
146486,1.0,0.0,102562.0,1.0,190.0,28.3,102227.0,1.0,180.0,30.1,3.0,6.0,9.0,1980.0,54.0,688.0,2003.0,0.0
96320,1.0,3.0,104731.0,1.0,203.0,32.0,106043.0,1.0,170.0,25.7,5.0,5.0,7.0,3635.0,12.0,2165.0,2018.0,1.0
184948,1.0,0.0,103428.0,1.0,190.0,30.8,104259.0,1.0,178.0,26.7,3.0,6.0,53.0,853.0,35.0,1100.0,2010.0,1.0
90265,1.0,4.0,104745.0,0.0,185.0,23.8,103812.0,1.0,198.0,28.7,3.0,5.0,3.0,6480.0,39.0,1025.0,2010.0,0.0
106382,1.0,4.0,144719.0,1.0,183.0,21.9,106432.0,1.0,188.0,22.4,3.0,6.0,61.0,870.0,13.0,2345.0,2019.0,1.0
203699,3.0,0.0,104755.0,1.0,185.0,24.5,104678.0,1.0,193.0,24.9,3.0,3.0,29.0,1385.0,30.0,1385.0,2011.0,1.0
123797,3.0,4.0,103598.0,1.0,185.0,23.6,103789.0,0.0,188.0,22.7,3.0,4.0,63.0,595.0,55.0,658.0,2004.0,0.0
8422,2.0,3.0,104919.0,1.0,188.0,32.1,128034.0,1.0,196.0,22.3,5.0,7.0,59.0,875.0,48.0,959.0,2019.0,1.0
44694,2.0,0.0,105676.0,1.0,180.0,24.5,104468.0,1.0,183.0,30.4,3.0,6.0,15.0,2010.0,13.0,2300.0,2015.0,1.0
144015,1.0,0.0,105332.0,1.0,196.0,32.7,105583.0,1.0,180.0,31.6,3.0,6.0,50.0,1120.0,37.0,1371.0,2022.0,1.0
78571,3.0,4.0,200000.0,1.0,193.0,18.6,105932.0,1.0,185.0,27.0,3.0,5.0,57.0,876.0,19.0,1865.0,2019.0,0.0
56432,3.0,0.0,104797.0,1.0,188.0,26.4,104545.0,1.0,206.0,27.8,3.0,6.0,63.0,770.0,16.0,2125.0,2013.0,0.0
188222,1.0,4.0,104268.0,0.0,185.0,28.4,103428.0,1.0,190.0,32.6,3.0,7.0,56.0,789.0,36.0,1165.0,2012.0,0.0
196166,3.0,4.0,104719.0,1.0,190.0,22.5,104542.0,1.0,188.0,23.4,3.0,6.0,58.0,696.0,15.0,1410.0,2008.0,1.0
92303,3.0,4.0,103344.0,1.0,193.0,24.3,102839.0,1.0,188.0,26.9,3.0,7.0,44.0,815.0,58.0,665.0,2003.0,0.0
201961,1.0,4.0,105777.0,1.0,188.0,30.9,126774.0,1.0,193.0,23.7,3.0,6.0,20.0,1830.0,5.0,5750.0,2022.0,1.0
170794,3.0,0.0,104660.0,1.0,193.0,29.8,105777.0,1.0,188.0,24.4,3.0,6.0,62.0,780.0,28.0,1360.0,2015.0,1.0
46331,3.0,0.0,103970.0,1.0,175.0,29.5,103786.0,1.0,178.0,30.4,3.0,3.0,5.0,4710.0,36.0,1105.0,2011.0,0.0
162059,3.0,4.0,103694.0,1.0,168.0,31.1,104312.0,1.0,190.0,28.0,3.0,4.0,49.0,957.0,46.0,980.0,2012.0,1.0
112035,0.0,0.0,104098.0,1.0,185.0,24.8,104918.0,1.0,190.0,20.4,3.0,3.0,27.0,950.0,16.0,1480.0,2007.0,1.0
19353,3.0,0.0,104593.0,1.0,185.0,25.2,104417.0,1.0,193.0,26.2,3.0,5.0,59.0,819.0,5.0,4780.0,2010.0,1.0
85407,1.0,4.0,104259.0,1.0,178.0,34.5,105453.0,1.0,178.0,28.3,3.0,5.0,28.0,1530.0,24.0,1665.0,2018.0,1.0
140578,1.0,0.0,105077.0,0.0,188.0,32.0,104655.0,1.0,180.0,34.1,3.0,5.0,42.0,1130.0,48.0,1017.0,2020.0,1.0
116069,3.0,0.0,104926.0,1.0,178.0,30.6,105173.0,0.0,183.0,29.5,3.0,3.0,27.0,1670.0,28.0,1625.0,2018.0,0.0
146968,3.0,3.0,103387.0,1.0,185.0,25.2,103103.0,1.0,183.0,26.6,5.0,6.0,15.0,1355.0,23.0,1178.0,2004.0,1.0
94299,3.0,4.0,103819.0,1.0,185.0,25.0,103387.0,1.0,185.0,27.1,3.0,7.0,1.0,7760.0,45.0,820.0,2006.0,0.0
4967,3.0,4.0,103722.0,1.0,180.0,25.4,103990.0,1.0,180.0,24.2,3.0,5.0,52.0,755.0,7.0,2010.0,2006.0,1.0
56574,1.0,1.0,104122.0,1.0,183.0,30.9,104926.0,1.0,178.0,26.6,5.0,8.0,44.0,985.0,15.0,2100.0,2014.0,1.0
73782,1.0,4.0,105554.0,1.0,175.0,30.8,128034.0,1.0,196.0,24.1,3.0,6.0,33.0,1825.0,16.0,2600.0,2021.0,0.0
141620,3.0,0.0,105453.0,1.0,178.0,25.5,105032.0,1.0,193.0,27.7,3.0,3.0,5.0,5525.0,62.0,773.0,2015.0,0.0
174080,1.0,4.0,105223.0,1.0,198.0,23.6,105238.0,1.0,180.0,23.4,3.0,3.0,11.0,2655.0,20.0,1575.0,2012.0,0.0
107173,3.0,4.0,104417.0,1.0,193.0,26.2,103566.0,0.0,190.0,30.4,3.0,9.0,5.0,4960.0,34.0,1215.0,2010.0,0.0
261,3.0,4.0,105807.0,1.0,188.0,27.0,111575.0,1.0,198.0,22.2,3.0,6.0,13.0,2290.0,38.0,1175.0,2018.0,1.0
45795,3.0,3.0,103786.0,1.0,178.0,24.2,103387.0,1.0,185.0,26.2,5.0,7.0,6.0,2215.0,51.0,715.0,2005.0,1.0
22936,1.0,3.0,126774.0,1.0,193.0,22.1,105379.0,1.0,181.0,31.1,5.0,6.0,6.0,5385.0,56.0,965.0,2020.0,0.0
23375,1.0,0.0,105807.0,1.0,188.0,30.7,132283.0,1.0,191.0,26.9,3.0,5.0,19.0,2015.0,28.0,1505.0,2022.0,0.0
1089,3.0,3.0,104925.0,1.0,188.0,32.6,105683.0,1.0,196.0,29.0,5.0,3.0,2.0,9720.0,35.0,1305.0,2020.0,0.0
189553,3.0,0.0,105173.0,0.0,183.0,31.6,105777.0,1.0,188.0,28.7,3.0,5.0,42.0,1086.0,22.0,1682.0,2020.0,1.0
138801,1.0,4.0,105732.0,1.0,188.0,28.0,106432.0,1.0,188.0,22.4,3.0,5.0,49.0,948.0,13.0,2345.0,2019.0,1.0
92061,3.0,0.0,105227.0,1.0,198.0,33.3,111575.0,1.0,198.0,25.7,3.0,3.0,24.0,1840.0,27.0,1770.0,2022.0,1.0
6946,1.0,3.0,105023.0,1.0,198.0,27.6,106432.0,1.0,188.0,18.5,5.0,4.0,38.0,1115.0,46.0,970.0,2015.0,1.0
180168,3.0,0.0,105064.0,0.0,188.0,29.0,103917.0,1.0,190.0,34.9,3.0,6.0,62.0,771.0,38.0,1122.0,2017.0,1.0
39633,3.0,0.0,105227.0,1.0,198.0,33.2,111513.0,1.0,188.0,26.5,3.0,3.0,30.0,1710.0,52.0,1131.0,2022.0,0.0
12160,3.0,4.0,144750.0,1.0,193.0,24.6,134770.0,1.0,183.0,22.7,3.0,6.0,31.0,1652.0,10.0,3615.0,2021.0,1.0
53971,1.0,3.0,106432.0,1.0,188.0,18.5,103990.0,1.0,180.0,33.0,5.0,7.0,46.0,970.0,19.0,1755.0,2015.0,0.0
43742,3.0,0.0,103428.0,1.0,190.0,25.3,103758.0,1.0,188.0,23.6,3.0,9.0,26.0,1135.0,32.0,955.0,2005.0,1.0
63031,3.0,4.0,105138.0,1.0,183.0,28.3,103917.0,1.0,190.0,34.5,3.0,7.0,17.0,2015.0,42.0,1028.0,2016.0,1.0
186238,1.0,4.0,104586.0,1.0,196.0,28.7,104871.0,1.0,188.0,27.2,3.0,7.0,52.0,916.0,49.0,970.0,2014.0,1.0
156038,2.0,0.0,105777.0,1.0,188.0,20.0,105064.0,0.0,188.0,23.4,3.0,7.0,64.0,783.0,30.0,1305.0,2011.0,1.0
72840,3.0,4.0,105077.0,0.0,188.0,33.7,125802.0,1.0,193.0,27.6,3.0,7.0,44.0,1294.0,46.0,1253.0,2021.0,1.0
114284,3.0,0.0,103819.0,1.0,185.0,23.4,103970.0,1.0,175.0,22.7,3.0,6.0,1.0,6335.0,49.0,790.0,2005.0,0.0
47472,3.0,4.0,104259.0,1.0,178.0,27.8,104660.0,1.0,193.0,25.5,3.0,7.0,42.0,1080.0,43.0,1030.0,2011.0,1.0
180754,1.0,4.0,105173.0,0.0,183.0,28.8,104655.0,1.0,180.0,31.3,3.0,7.0,47.0,926.0,23.0,1840.0,2017.0,1.0
126596,3.0,4.0,104053.0,1.0,188.0,27.9,104417.0,1.0,193.0,26.0,3.0,5.0,13.0,2875.0,5.0,4830.0,2010.0,0.0
64294,1.0,0.0,104545.0,1.0,206.0,26.0,103428.0,1.0,190.0,31.7,3.0,8.0,39.0,1070.0,43.0,1055.0,2011.0,1.0
134572,3.0,4.0,106233.0,1.0,185.0,20.9,104468.0,1.0,183.0,29.6,3.0,7.0,44.0,987.0,35.0,1110.0,2014.0,1.0
17826,3.0,4.0,104527.0,1.0,183.0,30.5,104745.0,0.0,185.0,29.4,3.0,3.0,4.0,6585.0,6.0,4630.0,2015.0,0.0
193515,3.0,0.0,103909.0,1.0,175.0,22.1,103786.0,1.0,178.0,22.7,3.0,6.0,4.0,3240.0,53.0,685.0,2004.0,0.0
152526,3.0,0.0,104898.0,1.0,190.0,30.7,105138.0,1.0,183.0,29.7,3.0,9.0,43.0,1130.0,21.0,1855.0,2018.0,1.0
154614,3.0,4.0,103852.0,0.0,188.0,26.1,105223.0,1.0,198.0,19.0,3.0,7.0,35.0,836.0,51.0,654.0,2007.0,1.0
84012,1.0,0.0,111513.0,1.0,188.0,23.8,105932.0,1.0,185.0,27.1,3.0,3.0,33.0,1246.0,18.0,1930.0,2019.0,0.0
25032,3.0,0.0,126774.0,1.0,193.0,21.5,105554.0,1.0,175.0,29.7,3.0,9.0,6.0,4745.0,37.0,1224.0,2020.0,0.0
82369,3.0,0.0,102856.0,1.0,190.0,27.3,103103.0,1.0,183.0,26.0,3.0,9.0,19.0,1370.0,54.0,639.0,2004.0,1.0
16069,1.0,4.0,104542.0,1.0,188.0,29.0,104273.0,1.0,188.0,30.4,3.0,7.0,13.0,2370.0,47.0,975.0,2014.0,0.0
19567,3.0,4.0,104607.0,1.0,196.0,24.9,104571.0,1.0,183.0,25.1,3.0,5.0,7.0,3950.0,20.0,1780.0,2010.0,1.0
5749,2.0,0.0,103819.0,1.0,185.0,24.8,103694.0,1.0,168.0,25.3,3.0,3.0,1.0,7035.0,29.0,1120.0,2006.0,0.0
64677,3.0,4.0,104925.0,1.0,188.0,28.8,105676.0,1.0,180.0,25.2,3.0,9.0,1.0,16540.0,15.0,2290.0,2016.0,0.0
169112,3.0,4.0,104755.0,1.0,185.0,22.3,103888.0,1.0,188.0,26.8,3.0,6.0,14.0,1415.0,25.0,1145.0,2008.0,0.0
126435,3.0,0.0,105332.0,1.0,196.0,26.4,104571.0,1.0,183.0,30.2,3.0,5.0,32.0,1187.0,49.0,907.0,2015.0,0.0
149370,1.0,4.0,104527.0,1.0,183.0,29.0,104597.0,1.0,183.0,28.6,3.0,5.0,3.0,5760.0,20.0,1750.0,2014.0,0.0
22688,1.0,4.0,104597.0,1.0,183.0,30.6,106432.0,1.0,188.0,19.4,3.0,7.0,48.0,944.0,40.0,1015.0,2016.0,1.0
64916,1.0,4.0,103781.0,0.0,183.0,31.9,104731.0,1.0,203.0,26.9,3.0,7.0,35.0,1085.0,27.0,1340.0,2013.0,1.0
84005,3.0,0.0,104468.0,1.0,183.0,23.6,103484.0,1.0,185.0,28.6,3.0,5.0,14.0,1350.0,7.0,2020.0,2008.0,1.0
180011,0.0,0.0,103813.0,0.0,185.0,21.5,102179.0,1.0,185.0,29.9,3.0,5.0,37.0,945.0,64.0,611.0,2003.0,0.0
198183,3.0,4.0,104813.0,1.0,183.0,26.4,104468.0,1.0,183.0,28.2,3.0,6.0,62.0,762.0,13.0,2300.0,2013.0,1.0
19470,3.0,3.0,103819.0,1.0,185.0,34.0,104527.0,1.0,183.0,30.4,5.0,9.0,2.0,9065.0,5.0,5710.0,2015.0,0.0
106742,1.0,0.0,104269.0,0.0,188.0,27.6,104665.0,1.0,180.0,25.4,3.0,6.0,22.0,1460.0,44.0,1033.0,2011.0,0.0
199009,1.0,4.0,103819.0,1.0,185.0,29.7,104745.0,0.0,185.0,24.9,3.0,9.0,3.0,8690.0,1.0,11915.0,2011.0,1.0
106111,2.0,0.0,105311.0,1.0,185.0,26.2,103852.0,0.0,188.0,33.7,3.0,6.0,44.0,1043.0,14.0,2140.0,2015.0,1.0
174654,3.0,0.0,105676.0,1.0,180.0,24.8,104312.0,1.0,190.0,31.6,3.0,6.0,17.0,1715.0,27.0,1405.0,2015.0,0.0
175005,2.0,0.0,105373.0,0.0,190.0,23.9,104926.0,1.0,178.0,26.0,3.0,5.0,35.0,1090.0,30.0,1345.0,2013.0,1.0
173185,1.0,3.0,106233.0,1.0,185.0,22.7,100644.0,1.0,198.0,19.0,5.0,6.0,15.0,2430.0,41.0,1060.0,2016.0,0.0
63085,2.0,3.0,104022.0,1.0,183.0,30.0,103819.0,1.0,185.0,30.8,5.0,3.0,33.0,1210.0,3.0,9435.0,2012.0,1.0
118381,3.0,4.0,104417.0,1.0,193.0,21.0,103103.0,1.0,183.0,27.6,3.0,6.0,44.0,805.0,20.0,1341.0,2005.0,1.0
186818,2.0,0.0,106421.0,1.0,198.0,22.3,106058.0,1.0,185.0,25.7,3.0,6.0,53.0,962.0,14.0,2110.0,2018.0,0.0
98424,3.0,4.0,200000.0,1.0,193.0,18.6,104545.0,1.0,206.0,33.8,3.0,9.0,57.0,876.0,9.0,3485.0,2019.0,1.0
101364,3.0,0.0,104269.0,0.0,188.0,31.1,103970.0,1.0,175.0,32.7,3.0,5.0,33.0,1135.0,10.0,4045.0,2015.0,1.0
416,3.0,4.0,104918.0,1.0,190.0,21.1,104527.0,1.0,183.0,23.3,3.0,5.0,9.0,1730.0,10.0,1660.0,2008.0,0.0
50826,3.0,0.0,105062.0,1.0,183.0,31.1,106045.0,1.0,180.0,26.5,3.0,6.0,50.0,945.0,61.0,770.0,2019.0,0.0
159741,1.0,0.0,104755.0,1.0,185.0,34.8,106426.0,1.0,185.0,24.9,3.0,5.0,52.0,1185.0,22.0,2318.0,2021.0,1.0
133793,3.0,0.0,105777.0,1.0,188.0,28.3,105554.0,1.0,175.0,29.3,3.0,5.0,26.0,1432.0,48.0,1038.0,2019.0,0.0
110531,3.0,4.0,104755.0,1.0,185.0,19.1,103852.0,0.0,188.0,23.9,3.0,7.0,15.0,1459.0,25.0,1215.0,2005.0,0.0
155159,3.0,0.0,104471.0,1.0,183.0,28.0,103794.0,1.0,178.0,31.6,3.0,6.0,63.0,743.0,56.0,778.0,2013.0,0.0
101028,3.0,0.0,103813.0,0.0,185.0,26.2,103602.0,1.0,183.0,27.2,3.0,3.0,29.0,935.0,8.0,2020.0,2007.0,0.0
94429,3.0,4.0,104898.0,1.0,190.0,24.9,103781.0,0.0,183.0,30.8,3.0,7.0,53.0,851.0,22.0,1472.0,2012.0,1.0
162907,3.0,4.0,105023.0,1.0,198.0,23.4,104678.0,1.0,193.0,25.1,3.0,6.0,21.0,1485.0,17.0,1710.0,2011.0,1.0
142884,0.0,1.0,104098.0,1.0,185.0,23.3,104755.0,1.0,185.0,19.7,5.0,8.0,34.0,930.0,16.0,1475.0,2006.0,0.0
184243,3.0,0.0,103333.0,1.0,208.0,37.8,104269.0,0.0,188.0,33.1,3.0,3.0,20.0,1795.0,42.0,1035.0,2017.0,1.0
71168,3.0,0.0,103970.0,1.0,175.0,33.5,105077.0,0.0,188.0,27.7,3.0,6.0,8.0,3805.0,58.0,798.0,2015.0,0.0
19972,3.0,3.0,103206.0,1.0,175.0,25.6,103103.0,1.0,183.0,26.0,5.0,6.0,10.0,1630.0,44.0,793.0,2004.0,0.0
53683,3.0,0.0,105550.0,0.0,185.0,26.3,104291.0,1.0,185.0,32.7,3.0,6.0,57.0,821.0,50.0,878.0,2016.0,1.0
157663,3.0,3.0,104925.0,1.0,188.0,23.2,104678.0,1.0,193.0,24.5,5.0,4.0,3.0,6665.0,47.0,980.0,2010.0,0.0
203602,3.0,3.0,104468.0,1.0,183.0,34.6,126094.0,1.0,188.0,21.8,5.0,7.0,40.0,1240.0,43.0,1066.0,2019.0,1.0
48740,3.0,0.0,105683.0,1.0,196.0,22.1,104797.0,1.0,188.0,26.4,3.0,3.0,13.0,2305.0,47.0,875.0,2013.0,0.0
130231,3.0,0.0,104731.0,1.0,203.0,32.3,105051.0,1.0,188.0,30.8,3.0,6.0,9.0,3595.0,48.0,1019.0,2018.0,0.0
121650,1.0,4.0,104792.0,1.0,193.0,28.6,104607.0,1.0,196.0,29.5,3.0,9.0,18.0,1750.0,8.0,4510.0,2015.0,1.0
130250,1.0,0.0,104665.0,1.0,180.0,29.5,105064.0,0.0,188.0,27.5,3.0,3.0,49.0,905.0,39.0,1065.0,2015.0,1.0
148670,0.0,0.0,102148.0,1.0,178.0,33.8,103786.0,1.0,178.0,25.3,3.0,6.0,43.0,830.0,6.0,2650.0,2006.0,1.0
117499,3.0,3.0,104918.0,1.0,190.0,22.6,103819.0,1.0,185.0,28.4,5.0,2.0,4.0,6780.0,1.0,10550.0,2010.0,1.0
75921,1.0,1.0,106432.0,1.0,188.0,21.8,105449.0,1.0,188.0,28.7,5.0,8.0,18.0,1825.0,30.0,1340.0,2018.0,0.0
7271,2.0,0.0,104925.0,1.0,188.0,22.0,103781.0,0.0,183.0,28.0,3.0,3.0,4.0,8020.0,28.0,1675.0,2009.0,0.0
17562,1.0,3.0,105064.0,0.0,188.0,28.3,104755.0,1.0,185.0,29.9,5.0,4.0,57.0,825.0,12.0,2725.0,2016.0,1.0
206912,1.0,4.0,103970.0,1.0,175.0,31.1,104259.0,1.0,178.0,29.5,3.0,5.0,4.0,6920.0,22.0,1670.0,2013.0,0.0
10123,1.0,0.0,104252.0,1.0,190.0,23.5,104607.0,1.0,196.0,21.6,3.0,6.0,41.0,775.0,12.0,1905.0,2007.0,1.0
155869,3.0,0.0,104198.0,1.0,188.0,30.5,104898.0,1.0,190.0,26.7,3.0,6.0,58.0,776.0,44.0,977.0,2014.0,0.0
40836,1.0,0.0,104745.0,0.0,185.0,21.9,103808.0,1.0,188.0,26.7,3.0,6.0,2.0,5655.0,45.0,760.0,2008.0,0.0
131004,3.0,0.0,105373.0,0.0,190.0,26.5,104571.0,1.0,183.0,30.6,3.0,5.0,43.0,965.0,61.0,769.0,2016.0,0.0
101887,3.0,4.0,111575.0,1.0,198.0,25.3,105932.0,1.0,185.0,29.6,3.0,5.0,29.0,1830.0,36.0,1556.0,2021.0,1.0
129141,3.0,4.0,103852.0,0.0,188.0,28.5,103582.0,0.0,193.0,29.7,3.0,7.0,34.0,1205.0,51.0,842.0,2010.0,0.0
147823,2.0,3.0,106071.0,1.0,193.0,22.6,104925.0,1.0,188.0,28.1,5.0,6.0,26.0,1355.0,1.0,13845.0,2015.0,1.0
200610,1.0,3.0,104259.0,1.0,178.0,32.6,104597.0,1.0,183.0,30.7,5.0,4.0,26.0,1485.0,49.0,899.0,2016.0,1.0
161528,1.0,3.0,104997.0,1.0,190.0,25.7,103781.0,0.0,183.0,32.0,5.0,4.0,62.0,762.0,37.0,1085.0,2013.0,0.0
82071,3.0,4.0,105676.0,1.0,180.0,31.6,105077.0,0.0,188.0,34.5,3.0,7.0,61.0,745.0,43.0,1005.0,2022.0,1.0
58713,3.0,4.0,126127.0,1.0,185.0,25.7,126205.0,1.0,185.0,24.8,3.0,4.0,59.0,912.0,37.0,1277.0,2022.0,1.0
207154,3.0,4.0,105077.0,0.0,188.0,24.5,103285.0,1.0,185.0,33.7,3.0,7.0,47.0,925.0,37.0,1045.0,2012.0,1.0
180904,3.0,0.0,104471.0,1.0,183.0,28.7,105683.0,1.0,196.0,22.7,3.0,9.0,34.0,1170.0,11.0,2815.0,2013.0,1.0
29672,1.0,0.0,104269.0,0.0,188.0,26.4,103781.0,0.0,183.0,28.9,3.0,5.0,9.0,3145.0,27.0,1485.0,2010.0,0.0
105200,3.0,0.0,104745.0,0.0,185.0,17.7,104022.0,1.0,183.0,21.6,3.0,3.0,40.0,887.0,57.0,625.0,2004.0,1.0
77183,3.0,4.0,104719.0,1.0,190.0,26.3,105453.0,1.0,178.0,22.6,3.0,7.0,25.0,1530.0,18.0,1735.0,2012.0,1.0
31398,3.0,0.0,103171.0,1.0,185.0,25.5,103454.0,1.0,183.0,24.0,3.0,6.0,59.0,645.0,13.0,1534.0,2003.0,0.0
116191,2.0,0.0,103997.0,1.0,190.0,28.0,104597.0,1.0,183.0,24.8,3.0,6.0,53.0,825.0,18.0,1960.0,2010.0,1.0
135669,3.0,0.0,105449.0,1.0,188.0,25.8,103970.0,1.0,175.0,33.5,3.0,2.0,47.0,940.0,8.0,3805.0,2015.0,1.0
10615,1.0,0.0,104792.0,1.0,193.0,28.6,104022.0,1.0,183.0,32.8,3.0,5.0,15.0,2020.0,57.0,815.0,2015.0,0.0
64724,2.0,0.0,104053.0,1.0,188.0,28.7,104731.0,1.0,203.0,25.0,3.0,5.0,10.0,2200.0,39.0,1185.0,2011.0,0.0
206853,3.0,0.0,105138.0,1.0,183.0,29.8,106432.0,1.0,188.0,21.2,3.0,3.0,23.0,1845.0,50.0,981.0,2018.0,0.0
81373,1.0,1.0,103507.0,1.0,183.0,24.1,103280.0,1.0,196.0,25.4,5.0,8.0,3.0,4390.0,17.0,1335.0,2004.0,0.0
95770,1.0,0.0,102967.0,1.0,188.0,30.0,103908.0,1.0,185.0,25.2,3.0,9.0,44.0,752.0,57.0,620.0,2007.0,1.0
45171,3.0,4.0,105453.0,1.0,178.0,21.7,104918.0,1.0,190.0,24.4,3.0,9.0,47.0,885.0,4.0,7825.0,2011.0,1.0
110977,1.0,0.0,103970.0,1.0,175.0,32.2,105062.0,1.0,183.0,26.5,3.0,6.0,7.0,3875.0,53.0,862.0,2014.0,0.0
14786,3.0,3.0,104918.0,1.0,190.0,24.2,104898.0,1.0,190.0,24.3,5.0,7.0,4.0,6535.0,41.0,1016.0,2011.0,0.0
118333,1.0,0.0,103103.0,1.0,183.0,28.3,104755.0,1.0,185.0,19.9,3.0,6.0,24.0,1250.0,43.0,825.0,2006.0,1.0
44456,3.0,0.0,106401.0,1.0,193.0,24.6,105138.0,1.0,183.0,31.7,3.0,9.0,29.0,1375.0,10.0,2335.0,2020.0,1.0
51313,3.0,3.0,103285.0,1.0,185.0,34.7,104527.0,1.0,183.0,28.4,5.0,4.0,58.0,810.0,10.0,2610.0,2013.0,1.0
104196,3.0,0.0,104792.0,1.0,193.0,22.0,104259.0,1.0,178.0,24.9,3.0,9.0,28.0,1108.0,32.0,1015.0,2008.0,0.0
165522,3.0,0.0,104719.0,1.0,190.0,26.7,104926.0,1.0,178.0,25.6,3.0,5.0,33.0,1100.0,47.0,880.0,2013.0,0.0
36547,1.0,0.0,103813.0,0.0,185.0,24.7,104745.0,0.0,185.0,19.8,3.0,3.0,20.0,1425.0,2.0,4335.0,2006.0,1.0
55997,0.0,0.0,102338.0,1.0,190.0,29.6,102227.0,1.0,180.0,30.3,3.0,5.0,29.0,1035.0,58.0,638.0,2003.0,1.0
121950,3.0,3.0,104597.0,1.0,183.0,27.0,104607.0,1.0,196.0,26.9,5.0,5.0,12.0,2305.0,7.0,4200.0,2012.0,1.0
192588,3.0,0.0,103598.0,1.0,185.0,30.0,105053.0,1.0,188.0,22.6,3.0,7.0,62.0,771.0,58.0,818.0,2010.0,0.0
130122,3.0,3.0,106421.0,1.0,198.0,24.5,106233.0,1.0,185.0,26.9,5.0,9.0,5.0,5890.0,3.0,7135.0,2020.0,1.0
126897,3.0,4.0,126774.0,1.0,193.0,21.1,106421.0,1.0,198.0,23.6,3.0,9.0,7.0,3630.0,4.0,4965.0,2019.0,1.0
39397,3.0,4.0,106401.0,1.0,193.0,21.8,100644.0,1.0,198.0,19.8,3.0,6.0,16.0,2255.0,20.0,1895.0,2017.0,0.0
101499,3.0,4.0,207989.0,1.0,185.0,18.8,111456.0,1.0,178.0,26.8,3.0,7.0,19.0,2056.0,59.0,976.0,2022.0,0.0
174229,2.0,0.0,103852.0,0.0,188.0,30.8,104542.0,1.0,188.0,27.2,3.0,5.0,30.0,1275.0,6.0,5230.0,2012.0,1.0
139950,3.0,4.0,104269.0,0.0,188.0,26.3,103781.0,0.0,183.0,28.8,3.0,6.0,12.0,2725.0,28.0,1450.0,2010.0,0.0
156384,2.0,0.0,105777.0,1.0,188.0,28.0,200000.0,1.0,193.0,18.8,3.0,6.0,45.0,997.0,21.0,1522.0,2019.0,1.0
123463,3.0,0.0,126094.0,1.0,188.0,21.9,104926.0,1.0,178.0,32.3,3.0,5.0,35.0,1261.0,12.0,2370.0,2019.0,1.0
96239,3.0,0.0,103888.0,1.0,188.0,25.6,104252.0,1.0,190.0,23.8,3.0,7.0,50.0,665.0,52.0,656.0,2007.0,0.0
73160,1.0,0.0,103428.0,1.0,190.0,31.4,105064.0,0.0,188.0,23.1,3.0,3.0,39.0,1095.0,37.0,1150.0,2011.0,0.0
94790,3.0,0.0,104417.0,1.0,193.0,22.0,104571.0,1.0,183.0,21.1,3.0,5.0,41.0,893.0,8.0,1917.0,2006.0,0.0
6629,3.0,0.0,105807.0,1.0,188.0,28.2,105357.0,1.0,183.0,30.3,3.0,6.0,35.0,1252.0,52.0,1016.0,2019.0,0.0
154766,3.0,0.0,105577.0,1.0,193.0,24.3,104918.0,1.0,190.0,27.4,3.0,5.0,44.0,965.0,11.0,3635.0,2014.0,1.0
52211,2.0,3.0,103781.0,0.0,183.0,30.0,104098.0,1.0,185.0,28.5,5.0,7.0,11.0,2175.0,53.0,934.0,2011.0,0.0
7383,3.0,4.0,104545.0,1.0,206.0,33.8,106378.0,1.0,188.0,24.1,3.0,5.0,9.0,3485.0,22.0,1600.0,2019.0,0.0
27708,3.0,0.0,103888.0,1.0,188.0,29.8,105208.0,1.0,190.0,23.0,3.0,5.0,8.0,2820.0,49.0,875.0,2011.0,0.0
131219,3.0,3.0,126774.0,1.0,193.0,23.4,126203.0,1.0,193.0,24.2,5.0,5.0,4.0,6540.0,22.0,2175.0,2022.0,0.0
97619,3.0,0.0,106421.0,1.0,198.0,25.0,105583.0,1.0,180.0,30.6,3.0,6.0,3.0,9735.0,27.0,1875.0,2021.0,1.0
16959,3.0,0.0,105723.0,1.0,185.0,25.6,105064.0,0.0,188.0,28.7,3.0,5.0,45.0,995.0,62.0,771.0,2016.0,1.0
95013,3.0,4.0,105223.0,1.0,198.0,20.8,104918.0,1.0,190.0,22.2,3.0,2.0,6.0,5155.0,3.0,8260.0,2009.0,1.0
137789,3.0,0.0,104269.0,0.0,188.0,25.8,103507.0,1.0,183.0,29.6,3.0,5.0,9.0,3460.0,20.0,1680.0,2009.0,0.0
126248,3.0,4.0,104755.0,1.0,185.0,24.1,104022.0,1.0,183.0,28.1,3.0,7.0,41.0,1045.0,14.0,2680.0,2010.0,0.0
22168,1.0,4.0,105683.0,1.0,196.0,24.3,104918.0,1.0,190.0,27.9,3.0,3.0,6.0,5070.0,3.0,6220.0,2015.0,1.0
188175,3.0,0.0,105223.0,1.0,198.0,29.0,105777.0,1.0,188.0,26.3,3.0,5.0,24.0,1820.0,8.0,3575.0,2017.0,1.0
174117,1.0,0.0,106043.0,1.0,170.0,25.9,104919.0,1.0,188.0,31.1,3.0,3.0,12.0,2470.0,36.0,1197.0,2018.0,1.0
171032,3.0,3.0,105227.0,1.0,198.0,20.3,103970.0,1.0,175.0,26.8,5.0,6.0,20.0,2450.0,12.0,3390.0,2009.0,0.0
165413,3.0,1.0,105357.0,1.0,183.0,29.6,106000.0,1.0,172.0,26.6,3.0,8.0,36.0,1108.0,52.0,905.0,2019.0,0.0
187389,3.0,4.0,104731.0,1.0,203.0,31.8,126207.0,1.0,188.0,20.1,3.0,5.0,8.0,3235.0,63.0,844.0,2018.0,0.0
189864,3.0,0.0,105208.0,1.0,190.0,25.4,105777.0,1.0,188.0,22.7,3.0,3.0,18.0,1788.0,22.0,1675.0,2014.0,1.0
129935,3.0,4.0,102271.0,0.0,175.0,30.9,103632.0,1.0,180.0,24.0,3.0,7.0,48.0,765.0,41.0,845.0,2004.0,1.0
152978,1.0,0.0,105453.0,1.0,178.0,27.3,104999.0,0.0,190.0,29.7,3.0,9.0,9.0,3560.0,33.0,1165.0,2017.0,1.0
18832,3.0,0.0,104745.0,0.0,185.0,25.5,104792.0,1.0,193.0,25.3,3.0,9.0,2.0,9595.0,16.0,1910.0,2012.0,1.0
95889,1.0,0.0,103454.0,1.0,183.0,27.3,104338.0,1.0,185.0,22.9,3.0,6.0,53.0,690.0,58.0,664.0,2007.0,0.0
93162,1.0,0.0,104527.0,1.0,183.0,34.1,106000.0,1.0,172.0,26.9,3.0,5.0,27.0,1365.0,57.0,856.0,2019.0,1.0
51653,1.0,4.0,103720.0,1.0,180.0,22.2,103096.0,1.0,173.0,25.3,3.0,6.0,1.0,4260.0,37.0,910.0,2003.0,0.0
91009,2.0,0.0,126127.0,1.0,185.0,26.0,133430.0,0.0,185.0,23.1,3.0,5.0,56.0,946.0,16.0,2293.0,2022.0,0.0
176182,3.0,3.0,105526.0,1.0,193.0,29.7,104925.0,1.0,188.0,32.6,5.0,4.0,37.0,1270.0,2.0,9720.0,2020.0,1.0
203711,2.0,0.0,105683.0,1.0,196.0,21.4,103819.0,1.0,185.0,30.8,3.0,3.0,21.0,1540.0,3.0,9310.0,2012.0,1.0
92025,3.0,0.0,106071.0,1.0,193.0,22.9,105449.0,1.0,188.0,25.7,3.0,6.0,20.0,1575.0,48.0,915.0,2015.0,1.0
70158,3.0,0.0,106043.0,1.0,170.0,29.1,126094.0,1.0,188.0,23.9,3.0,3.0,15.0,2800.0,5.0,6130.0,2021.0,1.0
107061,1.0,0.0,105077.0,0.0,188.0,34.5,124079.0,1.0,185.0,25.2,3.0,3.0,52.0,915.0,49.0,965.0,2022.0,0.0
112710,3.0,4.0,200282.0,1.0,183.0,22.4,105932.0,1.0,185.0,29.4,3.0,6.0,17.0,2600.0,43.0,1498.0,2021.0,1.0
106226,2.0,3.0,105577.0,1.0,193.0,25.0,104678.0,1.0,193.0,29.3,5.0,5.0,56.0,870.0,24.0,1494.0,2015.0,0.0
198712,1.0,4.0,105807.0,1.0,188.0,30.7,100644.0,1.0,198.0,24.9,3.0,5.0,19.0,2015.0,3.0,7195.0,2022.0,1.0
130103,3.0,2.0,103786.0,1.0,178.0,27.4,104542.0,1.0,188.0,23.5,3.0,8.0,5.0,2315.0,7.0,1950.0,2008.0,0.0
155655,2.0,0.0,103163.0,1.0,188.0,35.1,105208.0,1.0,190.0,24.7,3.0,5.0,11.0,2585.0,38.0,1026.0,2013.0,0.0
3767,3.0,0.0,103997.0,1.0,190.0,29.3,105208.0,1.0,190.0,23.0,3.0,6.0,56.0,812.0,49.0,875.0,2011.0,1.0
180362,3.0,0.0,104607.0,1.0,196.0,32.4,106000.0,1.0,172.0,25.7,3.0,3.0,17.0,2230.0,29.0,1490.0,2018.0,0.0
10424,2.0,0.0,105173.0,0.0,183.0,29.9,106000.0,1.0,172.0,26.0,3.0,2.0,24.0,1580.0,30.0,1460.0,2018.0,1.0
71862,3.0,0.0,103285.0,1.0,185.0,30.1,104417.0,1.0,193.0,24.3,3.0,3.0,26.0,2260.0,17.0,2650.0,2009.0,0.0
71948,1.0,0.0,207518.0,1.0,185.0,20.3,200221.0,1.0,183.0,23.1,3.0,3.0,62.0,781.0,35.0,1130.0,2022.0,0.0
178976,3.0,4.0,105668.0,1.0,203.0,24.3,105138.0,1.0,183.0,26.9,3.0,7.0,49.0,905.0,15.0,1975.0,2015.0,0.0
173522,1.0,4.0,104338.0,1.0,185.0,29.1,105332.0,1.0,196.0,24.0,3.0,7.0,18.0,1830.0,36.0,1065.0,2013.0,1.0
833,3.0,4.0,104559.0,1.0,188.0,28.7,103917.0,1.0,190.0,32.1,3.0,4.0,60.0,761.0,39.0,1042.0,2014.0,0.0
121087,3.0,4.0,106000.0,1.0,172.0,26.3,105916.0,1.0,188.0,26.6,3.0,7.0,39.0,1145.0,42.0,1092.0,2018.0,1.0
171285,1.0,4.0,104925.0,1.0,188.0,34.9,104792.0,1.0,193.0,35.6,3.0,6.0,1.0,8400.0,21.0,1745.0,2022.0,0.0
206353,3.0,0.0,200175.0,1.0,183.0,21.4,206173.0,1.0,188.0,19.4,3.0,3.0,42.0,1328.0,36.0,1464.0,2021.0,1.0
154822,1.0,1.0,104607.0,1.0,196.0,28.9,104755.0,1.0,185.0,28.2,5.0,8.0,6.0,4240.0,21.0,1730.0,2014.0,1.0
114082,3.0,0.0,200000.0,1.0,193.0,19.1,105311.0,1.0,185.0,30.4,3.0,5.0,20.0,1725.0,62.0,961.0,2019.0,1.0
106418,3.0,0.0,200282.0,1.0,183.0,23.4,125802.0,1.0,193.0,28.4,3.0,9.0,30.0,1345.0,53.0,885.0,2022.0,0.0
112700,1.0,3.0,106415.0,0.0,170.0,25.0,200000.0,1.0,193.0,20.1,5.0,4.0,52.0,1017.0,22.0,1976.0,2020.0,0.0
125477,3.0,4.0,103888.0,1.0,188.0,28.6,104755.0,1.0,185.0,24.1,3.0,5.0,36.0,1151.0,41.0,1045.0,2010.0,0.0
168823,2.0,3.0,104745.0,0.0,185.0,20.0,103819.0,1.0,185.0,24.8,5.0,2.0,2.0,4545.0,1.0,7260.0,2006.0,1.0
41958,3.0,0.0,104259.0,1.0,178.0,29.2,105023.0,1.0,198.0,25.2,3.0,9.0,19.0,1770.0,22.0,1650.0,2013.0,0.0
94952,3.0,4.0,103852.0,0.0,188.0,26.0,103819.0,1.0,185.0,26.1,3.0,3.0,42.0,741.0,1.0,7355.0,2007.0,1.0
133000,2.0,3.0,104542.0,1.0,188.0,30.1,103333.0,1.0,208.0,36.3,5.0,6.0,12.0,2565.0,25.0,1385.0,2015.0,1.0
53537,3.0,4.0,105023.0,1.0,198.0,31.0,106043.0,1.0,170.0,26.1,3.0,7.0,57.0,920.0,16.0,1975.0,2018.0,0.0
73633,3.0,3.0,103017.0,1.0,183.0,28.1,103285.0,1.0,185.0,26.7,5.0,7.0,38.0,900.0,18.0,1390.0,2005.0,0.0
4711,3.0,0.0,103852.0,0.0,188.0,29.3,104252.0,1.0,190.0,27.3,3.0,6.0,44.0,1025.0,35.0,1168.0,2011.0,0.0
40593,3.0,0.0,104259.0,1.0,178.0,35.2,105815.0,1.0,188.0,27.4,3.0,9.0,34.0,1125.0,63.0,814.0,2019.0,1.0
106961,3.0,0.0,105227.0,1.0,198.0,20.3,104678.0,1.0,193.0,22.9,3.0,9.0,22.0,2330.0,49.0,1400.0,2009.0,0.0
92793,3.0,4.0,103498.0,1.0,193.0,23.1,102905.0,0.0,175.0,26.1,3.0,7.0,7.0,2235.0,53.0,700.0,2003.0,0.0
69604,3.0,4.0,103752.0,1.0,185.0,28.9,104792.0,1.0,193.0,23.5,3.0,7.0,58.0,754.0,15.0,2130.0,2010.0,0.0
115278,3.0,4.0,103813.0,0.0,185.0,29.6,103656.0,1.0,175.0,30.2,3.0,7.0,51.0,957.0,26.0,1405.0,2011.0,1.0
91347,1.0,4.0,103507.0,1.0,183.0,27.1,103454.0,1.0,183.0,27.5,3.0,6.0,21.0,1230.0,55.0,665.0,2007.0,0.0
199814,1.0,0.0,104259.0,1.0,178.0,26.5,104547.0,0.0,188.0,25.0,3.0,8.0,35.0,1320.0,49.0,868.0,2010.0,0.0
82182,3.0,0.0,104386.0,1.0,180.0,24.2,104678.0,1.0,193.0,22.6,3.0,5.0,41.0,845.0,60.0,676.0,2008.0,1.0
3581,3.0,3.0,105227.0,1.0,198.0,23.9,104918.0,1.0,190.0,25.2,5.0,3.0,13.0,2185.0,4.0,7290.0,2012.0,1.0
168232,3.0,0.0,103852.0,0.0,188.0,23.3,103758.0,1.0,188.0,23.7,3.0,3.0,21.0,1290.0,33.0,1015.0,2005.0,0.0
81720,3.0,4.0,104745.0,0.0,185.0,24.1,104527.0,1.0,183.0,25.3,3.0,6.0,1.0,10745.0,24.0,1520.0,2010.0,0.0
48114,3.0,3.0,104918.0,1.0,190.0,25.6,104468.0,1.0,183.0,28.0,5.0,5.0,3.0,8000.0,16.0,2145.0,2013.0,0.0
148435,3.0,3.0,104527.0,1.0,183.0,31.8,103819.0,1.0,185.0,35.4,5.0,9.0,4.0,5155.0,17.0,1980.0,2017.0,1.0
193665,1.0,3.0,104269.0,0.0,188.0,24.5,104745.0,0.0,185.0,21.9,5.0,5.0,23.0,1240.0,2.0,5585.0,2008.0,1.0
73630,1.0,0.0,200624.0,1.0,196.0,20.8,106415.0,0.0,170.0,25.6,3.0,3.0,63.0,1043.0,60.0,1113.0,2021.0,0.0
80535,3.0,3.0,104925.0,1.0,188.0,31.2,105815.0,1.0,188.0,27.0,5.0,7.0,6.0,4445.0,61.0,876.0,2018.0,0.0
141982,1.0,3.0,104571.0,1.0,183.0,26.9,103428.0,1.0,190.0,32.7,5.0,4.0,42.0,990.0,44.0,970.0,2012.0,0.0
187688,1.0,4.0,103656.0,1.0,175.0,33.3,105332.0,1.0,196.0,24.9,3.0,7.0,57.0,810.0,34.0,1155.0,2014.0,0.0
109707,3.0,0.0,128034.0,1.0,196.0,22.8,106432.0,1.0,188.0,23.1,3.0,8.0,37.0,1198.0,28.0,1415.0,2020.0,0.0
191610,1.0,0.0,106043.0,1.0,170.0,22.6,105053.0,1.0,188.0,27.4,3.0,3.0,63.0,765.0,50.0,930.0,2015.0,0.0
117266,3.0,0.0,104678.0,1.0,193.0,30.4,104918.0,1.0,190.0,29.2,3.0,7.0,35.0,1260.0,2.0,10065.0,2016.0,1.0
148510,3.0,0.0,104527.0,1.0,183.0,24.5,104925.0,1.0,188.0,22.4,3.0,3.0,21.0,1580.0,3.0,7890.0,2009.0,1.0
96016,3.0,0.0,106233.0,1.0,185.0,26.1,126610.0,1.0,196.0,23.5,3.0,9.0,5.0,5085.0,11.0,2545.0,2019.0,0.0
89279,3.0,0.0,104755.0,1.0,185.0,23.2,104269.0,0.0,188.0,25.8,3.0,3.0,47.0,985.0,9.0,3430.0,2009.0,1.0
197413,3.0,0.0,104586.0,1.0,196.0,28.5,103819.0,1.0,185.0,32.5,3.0,3.0,49.0,906.0,8.0,4305.0,2014.0,1.0
52927,3.0,4.0,104597.0,1.0,183.0,26.5,104269.0,0.0,188.0,28.3,3.0,6.0,12.0,2205.0,20.0,1530.0,2012.0,0.0
128638,3.0,3.0,104925.0,1.0,188.0,20.6,104542.0,1.0,188.0,22.7,5.0,2.0,3.0,4315.0,38.0,789.0,2008.0,0.0
114824,3.0,0.0,103333.0,1.0,208.0,30.8,103786.0,1.0,178.0,28.5,3.0,3.0,37.0,1015.0,6.0,4930.0,2010.0,1.0
82454,1.0,0.0,103781.0,0.0,183.0,29.1,104312.0,1.0,190.0,26.4,3.0,3.0,15.0,2470.0,55.0,860.0,2010.0,1.0
200347,2.0,1.0,106071.0,1.0,193.0,23.3,104545.0,1.0,206.0,30.8,5.0,8.0,20.0,1885.0,11.0,2585.0,2016.0,1.0
74621,2.0,0.0,126207.0,1.0,188.0,20.4,104919.0,1.0,188.0,31.0,3.0,5.0,62.0,903.0,38.0,1182.0,2018.0,0.0
175941,3.0,3.0,103758.0,1.0,188.0,23.7,101736.0,1.0,180.0,34.7,5.0,6.0,30.0,1015.0,8.0,2100.0,2005.0,1.0
8050,3.0,2.0,104542.0,1.0,188.0,23.5,104925.0,1.0,188.0,21.4,3.0,8.0,7.0,1950.0,3.0,4645.0,2008.0,0.0
101099,1.0,0.0,105332.0,1.0,196.0,30.0,133430.0,0.0,185.0,20.0,3.0,3.0,51.0,938.0,23.0,1425.0,2019.0,0.0
136783,3.0,4.0,104918.0,1.0,190.0,21.8,103819.0,1.0,185.0,27.5,3.0,9.0,4.0,7400.0,2.0,11000.0,2009.0,0.0
189781,1.0,4.0,104471.0,1.0,183.0,29.3,104871.0,1.0,188.0,27.2,3.0,5.0,40.0,1055.0,47.0,970.0,2014.0,1.0
178924,1.0,0.0,104607.0,1.0,196.0,23.5,104269.0,0.0,188.0,25.4,3.0,5.0,28.0,1780.0,7.0,3790.0,2009.0,1.0
19146,3.0,3.0,103900.0,1.0,180.0,21.0,103598.0,1.0,185.0,22.4,5.0,6.0,12.0,1740.0,23.0,1225.0,2003.0,0.0
203171,1.0,3.0,105227.0,1.0,198.0,21.6,104919.0,1.0,188.0,23.0,5.0,6.0,12.0,2945.0,57.0,822.0,2010.0,0.0
63217,3.0,0.0,105238.0,1.0,180.0,22.9,104719.0,1.0,190.0,25.5,3.0,6.0,16.0,1880.0,34.0,1145.0,2011.0,1.0
144687,3.0,0.0,206173.0,1.0,188.0,21.1,208029.0,1.0,185.0,19.4,3.0,9.0,10.0,3200.0,31.0,1336.0,2022.0,1.0
68085,1.0,4.0,103602.0,1.0,183.0,23.7,103018.0,1.0,196.0,26.7,3.0,7.0,15.0,1405.0,29.0,1035.0,2004.0,1.0
59393,2.0,0.0,200000.0,1.0,193.0,21.8,128034.0,1.0,196.0,25.3,3.0,3.0,9.0,3895.0,12.0,3258.0,2022.0,1.0
4000,3.0,0.0,106298.0,1.0,185.0,24.6,106432.0,1.0,188.0,21.9,3.0,5.0,23.0,1780.0,13.0,2415.0,2018.0,1.0
27635,1.0,4.0,103917.0,1.0,190.0,35.2,104655.0,1.0,180.0,31.3,3.0,6.0,48.0,925.0,27.0,1490.0,2017.0,1.0
145638,3.0,4.0,103454.0,1.0,183.0,24.4,104745.0,0.0,185.0,17.7,3.0,7.0,12.0,1602.0,36.0,953.0,2004.0,1.0
164885,3.0,3.0,104269.0,0.0,188.0,28.7,103819.0,1.0,185.0,31.0,5.0,6.0,26.0,1525.0,1.0,12165.0,2012.0,1.0
71599,3.0,4.0,104542.0,1.0,188.0,30.8,104925.0,1.0,188.0,28.7,3.0,3.0,9.0,2950.0,1.0,16540.0,2016.0,1.0
45949,3.0,0.0,133430.0,0.0,185.0,18.4,100644.0,1.0,198.0,20.4,3.0,8.0,51.0,926.0,4.0,4470.0,2017.0,1.0
131057,2.0,3.0,104745.0,0.0,185.0,24.0,104607.0,1.0,196.0,24.7,5.0,2.0,1.0,8745.0,13.0,2825.0,2010.0,0.0
153784,3.0,0.0,106233.0,1.0,185.0,24.0,105449.0,1.0,188.0,27.7,3.0,6.0,7.0,3925.0,46.0,1000.0,2017.0,1.0
161387,3.0,0.0,103852.0,0.0,188.0,26.4,104386.0,1.0,180.0,23.6,3.0,6.0,41.0,785.0,40.0,792.0,2008.0,0.0
43341,3.0,0.0,104468.0,1.0,183.0,30.6,105379.0,1.0,181.0,26.0,3.0,6.0,11.0,2730.0,58.0,821.0,2015.0,1.0
89865,3.0,3.0,103103.0,1.0,183.0,27.0,103292.0,1.0,175.0,26.1,5.0,6.0,27.0,1136.0,10.0,1920.0,2005.0,0.0
86354,3.0,0.0,104925.0,1.0,188.0,26.3,104269.0,0.0,188.0,29.8,3.0,5.0,1.0,11120.0,31.0,1210.0,2013.0,0.0
57056,2.0,0.0,104571.0,1.0,183.0,31.0,105023.0,1.0,198.0,28.7,3.0,5.0,40.0,1130.0,33.0,1180.0,2016.0,0.0
62567,3.0,0.0,104597.0,1.0,183.0,26.1,104022.0,1.0,183.0,29.2,3.0,6.0,11.0,2300.0,37.0,1090.0,2011.0,1.0
139979,3.0,0.0,104068.0,1.0,183.0,22.2,103602.0,1.0,183.0,24.4,3.0,3.0,62.0,625.0,23.0,1235.0,2005.0,1.0
1237,3.0,3.0,104792.0,1.0,193.0,28.3,105668.0,1.0,203.0,24.1,5.0,7.0,19.0,1770.0,44.0,925.0,2015.0,1.0
136405,2.0,0.0,105332.0,1.0,196.0,23.1,103997.0,1.0,190.0,30.0,3.0,5.0,60.0,730.0,48.0,855.0,2012.0,0.0
110359,3.0,2.0,103819.0,1.0,185.0,34.2,104925.0,1.0,188.0,28.4,3.0,2.0,3.0,7340.0,1.0,15285.0,2015.0,1.0
156459,3.0,3.0,104745.0,0.0,185.0,23.2,103602.0,1.0,183.0,29.0,5.0,3.0,3.0,9025.0,11.0,2825.0,2009.0,0.0
90291,3.0,4.0,103285.0,1.0,185.0,29.9,104542.0,1.0,188.0,23.5,3.0,6.0,28.0,1095.0,14.0,1485.0,2008.0,1.0
170579,1.0,3.0,104731.0,1.0,203.0,32.0,104999.0,0.0,190.0,30.7,5.0,6.0,7.0,3635.0,64.0,870.0,2018.0,0.0
131300,3.0,0.0,104198.0,1.0,188.0,32.3,105227.0,1.0,198.0,26.9,3.0,9.0,29.0,1280.0,14.0,2270.0,2015.0,0.0
177166,3.0,0.0,105023.0,1.0,198.0,21.3,103294.0,1.0,170.0,30.1,3.0,5.0,34.0,1675.0,60.0,1178.0,2009.0,1.0
45926,1.0,3.0,105227.0,1.0,198.0,29.6,104926.0,1.0,178.0,31.0,5.0,5.0,4.0,4950.0,18.0,1940.0,2018.0,0.0
138459,3.0,0.0,103843.0,1.0,185.0,28.4,104925.0,1.0,188.0,22.7,3.0,5.0,54.0,781.0,2.0,8310.0,2010.0,1.0
34972,1.0,0.0,104926.0,1.0,178.0,27.7,105053.0,1.0,188.0,27.2,3.0,3.0,26.0,1380.0,33.0,1165.0,2015.0,1.0
89200,2.0,0.0,104252.0,1.0,190.0,23.6,104571.0,1.0,183.0,21.9,3.0,3.0,37.0,828.0,18.0,1490.0,2007.0,1.0
192824,1.0,0.0,207989.0,1.0,185.0,19.2,111575.0,1.0,198.0,26.1,3.0,3.0,6.0,4845.0,26.0,1440.0,2022.0,0.0
51970,3.0,4.0,105208.0,1.0,190.0,24.9,104918.0,1.0,190.0,26.2,3.0,5.0,38.0,1035.0,2.0,8610.0,2013.0,0.0
176337,2.0,3.0,104547.0,0.0,188.0,32.1,103893.0,1.0,183.0,35.5,5.0,4.0,52.0,893.0,33.0,1188.0,2017.0,1.0
92065,3.0,0.0,105238.0,1.0,180.0,25.9,104468.0,1.0,183.0,29.8,3.0,6.0,24.0,1455.0,18.0,1810.0,2014.0,0.0
196614,3.0,0.0,105916.0,1.0,188.0,29.0,105807.0,1.0,188.0,29.6,3.0,6.0,44.0,1382.0,15.0,2630.0,2021.0,0.0
73972,2.0,0.0,105577.0,1.0,193.0,25.9,104198.0,1.0,188.0,33.0,3.0,6.0,46.0,955.0,53.0,900.0,2016.0,1.0
15492,3.0,4.0,104252.0,1.0,190.0,26.8,104871.0,1.0,188.0,23.5,3.0,7.0,45.0,972.0,58.0,830.0,2010.0,1.0
81106,3.0,0.0,102344.0,1.0,188.0,28.9,103819.0,1.0,185.0,21.5,3.0,9.0,62.0,613.0,6.0,2415.0,2003.0,1.0
198492,1.0,4.0,104468.0,1.0,183.0,26.3,103428.0,1.0,190.0,31.6,3.0,6.0,19.0,1520.0,42.0,1035.0,2011.0,1.0
98449,3.0,0.0,106432.0,1.0,188.0,20.2,105227.0,1.0,198.0,28.3,3.0,5.0,61.0,750.0,7.0,3470.0,2017.0,1.0
139622,3.0,0.0,104926.0,1.0,178.0,34.4,106043.0,1.0,170.0,29.1,3.0,6.0,36.0,1494.0,16.0,2693.0,2021.0,1.0
136338,3.0,0.0,104918.0,1.0,190.0,29.2,105449.0,1.0,188.0,26.6,3.0,3.0,2.0,10065.0,22.0,1510.0,2016.0,0.0
21646,1.0,0.0,104547.0,0.0,188.0,27.8,104597.0,1.0,183.0,27.5,3.0,3.0,41.0,950.0,12.0,2480.0,2013.0,1.0
114909,3.0,0.0,103813.0,0.0,185.0,26.4,104542.0,1.0,188.0,22.7,3.0,9.0,27.0,995.0,43.0,714.0,2007.0,0.0
182644,3.0,4.0,103786.0,1.0,178.0,24.1,104607.0,1.0,196.0,19.8,3.0,6.0,6.0,2115.0,33.0,1016.0,2005.0,0.0
166123,2.0,3.0,104898.0,1.0,190.0,24.2,103888.0,1.0,188.0,29.5,5.0,6.0,58.0,879.0,9.0,2335.0,2011.0,1.0
52088,3.0,0.0,103970.0,1.0,175.0,31.5,104792.0,1.0,193.0,27.1,3.0,6.0,3.0,6800.0,31.0,1230.0,2013.0,0.0
37939,3.0,4.0,103252.0,1.0,175.0,27.1,103344.0,1.0,193.0,26.5,3.0,6.0,54.0,686.0,12.0,1640.0,2005.0,1.0
59941,3.0,0.0,105676.0,1.0,180.0,25.6,104534.0,1.0,175.0,31.3,3.0,6.0,13.0,2655.0,64.0,791.0,2016.0,0.0
109803,2.0,3.0,103970.0,1.0,175.0,30.2,105223.0,1.0,198.0,23.7,5.0,5.0,5.0,5250.0,9.0,3180.0,2012.0,0.0
164103,1.0,0.0,103852.0,0.0,188.0,25.7,103908.0,1.0,185.0,25.4,3.0,5.0,61.0,586.0,28.0,970.0,2007.0,1.0
24068,3.0,0.0,104731.0,1.0,203.0,29.4,106432.0,1.0,188.0,18.9,3.0,6.0,12.0,2565.0,47.0,916.0,2015.0,0.0
184553,3.0,0.0,103786.0,1.0,178.0,30.6,103819.0,1.0,185.0,30.5,3.0,9.0,49.0,875.0,3.0,8010.0,2012.0,1.0
172505,1.0,0.0,122298.0,1.0,188.0,26.7,200221.0,1.0,183.0,23.1,3.0,6.0,25.0,1455.0,35.0,1130.0,2022.0,1.0
57629,3.0,4.0,103813.0,0.0,185.0,25.0,104918.0,1.0,190.0,19.2,3.0,3.0,15.0,1600.0,31.0,1035.0,2006.0,1.0
142358,3.0,4.0,105138.0,1.0,183.0,27.4,104198.0,1.0,188.0,32.3,3.0,7.0,23.0,1510.0,28.0,1420.0,2015.0,0.0
177395,1.0,0.0,105643.0,0.0,190.0,30.7,105807.0,1.0,188.0,30.0,3.0,9.0,48.0,1345.0,13.0,2940.0,2021.0,1.0
99412,1.0,4.0,104022.0,1.0,183.0,29.8,105223.0,1.0,198.0,23.6,3.0,6.0,34.0,1175.0,11.0,2655.0,2012.0,1.0
27890,3.0,4.0,105683.0,1.0,196.0,22.6,104871.0,1.0,188.0,26.4,3.0,7.0,13.0,2225.0,28.0,1361.0,2013.0,0.0
197265,3.0,4.0,103852.0,0.0,188.0,33.0,104545.0,1.0,206.0,29.4,3.0,5.0,21.0,1745.0,14.0,1925.0,2014.0,0.0
143835,3.0,4.0,102783.0,1.0,180.0,27.2,104022.0,1.0,183.0,21.1,3.0,7.0,8.0,2055.0,38.0,945.0,2003.0,0.0
204503,2.0,3.0,104312.0,1.0,190.0,31.3,104918.0,1.0,190.0,28.1,5.0,6.0,27.0,1280.0,3.0,7450.0,2015.0,1.0
141354,3.0,0.0,104180.0,0.0,193.0,32.6,105777.0,1.0,188.0,24.6,3.0,9.0,38.0,1105.0,28.0,1315.0,2016.0,1.0
111614,3.0,0.0,104926.0,1.0,178.0,28.6,104542.0,1.0,188.0,30.7,3.0,3.0,21.0,1515.0,10.0,2635.0,2016.0,1.0
47865,3.0,0.0,102783.0,1.0,180.0,27.3,102854.0,1.0,193.0,26.9,3.0,2.0,8.0,2415.0,13.0,1515.0,2003.0,1.0
31565,3.0,0.0,103813.0,0.0,185.0,29.1,103781.0,0.0,183.0,29.3,3.0,3.0,60.0,820.0,13.0,2605.0,2010.0,0.0
108204,3.0,4.0,105138.0,1.0,183.0,29.5,105227.0,1.0,198.0,29.0,3.0,5.0,23.0,1935.0,5.0,4185.0,2017.0,1.0
193915,3.0,0.0,104755.0,1.0,185.0,27.2,105683.0,1.0,196.0,22.7,3.0,9.0,9.0,3165.0,11.0,2610.0,2013.0,1.0
143999,3.0,0.0,104755.0,1.0,185.0,31.3,103852.0,0.0,188.0,36.0,3.0,6.0,32.0,1375.0,33.0,1295.0,2017.0,0.0
125730,0.0,0.0,102035.0,1.0,183.0,31.5,103694.0,1.0,168.0,22.6,3.0,6.0,41.0,888.0,51.0,733.0,2003.0,1.0
158698,3.0,0.0,104022.0,1.0,183.0,27.3,104468.0,1.0,183.0,24.8,3.0,3.0,23.0,1430.0,12.0,2595.0,2009.0,0.0
101473,3.0,4.0,104871.0,1.0,188.0,28.4,104919.0,1.0,188.0,28.2,3.0,6.0,49.0,925.0,34.0,1125.0,2015.0,0.0
180,3.0,0.0,208029.0,1.0,185.0,19.3,122330.0,1.0,196.0,25.2,3.0,3.0,31.0,1348.0,44.0,985.0,2022.0,1.0
161560,3.0,4.0,104594.0,1.0,194.0,27.1,105683.0,1.0,196.0,21.7,3.0,7.0,60.0,728.0,14.0,2335.0,2012.0,1.0
165260,2.0,0.0,125802.0,1.0,193.0,28.2,106421.0,1.0,198.0,26.3,3.0,3.0,49.0,1035.0,2.0,8160.0,2022.0,1.0
202177,3.0,4.0,104745.0,0.0,185.0,27.7,104926.0,1.0,178.0,26.8,3.0,5.0,1.0,13130.0,14.0,2295.0,2014.0,0.0
61343,3.0,0.0,103819.0,1.0,185.0,32.5,104586.0,1.0,196.0,28.5,3.0,3.0,8.0,4305.0,49.0,906.0,2014.0,0.0
141959,3.0,0.0,106234.0,1.0,185.0,29.1,122330.0,1.0,196.0,25.3,3.0,6.0,60.0,785.0,38.0,1095.0,2022.0,1.0
54895,2.0,0.0,103819.0,1.0,185.0,30.9,104268.0,0.0,185.0,28.6,3.0,7.0,1.0,11075.0,51.0,869.0,2012.0,0.0
36915,3.0,0.0,104468.0,1.0,183.0,27.8,104719.0,1.0,190.0,26.5,3.0,5.0,19.0,1815.0,25.0,1475.0,2012.0,1.0
80606,1.0,0.0,103344.0,1.0,193.0,27.1,103970.0,1.0,175.0,24.1,3.0,8.0,4.0,2610.0,15.0,1505.0,2006.0,1.0
35213,3.0,4.0,103819.0,1.0,185.0,32.9,103852.0,0.0,188.0,32.8,3.0,9.0,3.0,6070.0,25.0,1500.0,2014.0,0.0
19748,3.0,4.0,102035.0,1.0,183.0,32.5,104269.0,0.0,188.0,20.9,3.0,7.0,51.0,740.0,39.0,858.0,2004.0,1.0
46030,1.0,1.0,104745.0,0.0,185.0,31.8,100644.0,1.0,198.0,20.9,5.0,8.0,1.0,8770.0,4.0,4925.0,2018.0,0.0
65688,1.0,0.0,105064.0,0.0,188.0,24.5,104386.0,1.0,180.0,28.0,3.0,9.0,64.0,722.0,8.0,3215.0,2012.0,1.0
134873,3.0,0.0,104918.0,1.0,190.0,27.4,105577.0,1.0,193.0,24.3,3.0,5.0,11.0,3635.0,44.0,965.0,2014.0,0.0
46280,3.0,0.0,106432.0,1.0,188.0,24.2,105554.0,1.0,175.0,30.6,3.0,3.0,25.0,1855.0,33.0,1589.0,2021.0,1.0
3768,1.0,3.0,103632.0,1.0,180.0,24.6,102450.0,1.0,185.0,30.7,5.0,7.0,59.0,645.0,8.0,2195.0,2005.0,0.0
148180,3.0,4.0,102783.0,1.0,180.0,26.8,101885.0,0.0,190.0,31.9,3.0,7.0,15.0,1570.0,48.0,785.0,2003.0,0.0
118110,3.0,4.0,106071.0,1.0,193.0,23.9,105138.0,1.0,183.0,28.4,3.0,7.0,23.0,1680.0,19.0,1950.0,2016.0,1.0
180984,3.0,4.0,106043.0,1.0,170.0,26.1,105023.0,1.0,198.0,31.0,3.0,7.0,16.0,1975.0,57.0,920.0,2018.0,1.0
29382,3.0,0.0,103786.0,1.0,178.0,25.7,103694.0,1.0,168.0,26.1,3.0,5.0,4.0,2825.0,34.0,890.0,2007.0,1.0
62083,2.0,0.0,103852.0,0.0,188.0,31.7,104468.0,1.0,183.0,28.4,3.0,2.0,39.0,1015.0,17.0,1985.0,2013.0,0.0
13490,3.0,4.0,105053.0,1.0,188.0,23.2,103566.0,0.0,190.0,30.8,3.0,7.0,44.0,1016.0,27.0,1370.0,2011.0,1.0
42009,1.0,3.0,102854.0,1.0,193.0,26.7,102148.0,1.0,178.0,30.4,5.0,7.0,13.0,1755.0,54.0,745.0,2003.0,0.0
10127,3.0,4.0,104053.0,1.0,188.0,26.5,103970.0,1.0,175.0,26.9,3.0,5.0,7.0,4060.0,12.0,3025.0,2009.0,0.0
12567,3.0,4.0,111513.0,1.0,188.0,26.8,126239.0,1.0,196.0,26.6,3.0,4.0,53.0,986.0,58.0,940.0,2022.0,1.0
128796,1.0,3.0,106378.0,1.0,188.0,22.3,104731.0,1.0,203.0,31.0,5.0,6.0,49.0,933.0,56.0,845.0,2017.0,1.0
199044,1.0,3.0,104022.0,1.0,183.0,27.9,104542.0,1.0,188.0,25.1,5.0,5.0,14.0,2375.0,10.0,3185.0,2010.0,0.0
178359,1.0,4.0,206173.0,1.0,188.0,19.7,200005.0,0.0,188.0,22.8,3.0,7.0,18.0,2545.0,32.0,1825.0,2021.0,0.0
81164,3.0,0.0,104890.0,1.0,190.0,28.5,104620.0,1.0,183.0,29.9,3.0,6.0,64.0,760.0,62.0,775.0,2015.0,1.0
93204,3.0,0.0,133430.0,0.0,185.0,22.4,126203.0,1.0,193.0,23.9,3.0,5.0,13.0,3265.0,39.0,1495.0,2021.0,0.0
73860,3.0,4.0,104597.0,1.0,183.0,22.1,103602.0,1.0,183.0,27.2,3.0,6.0,26.0,1015.0,6.0,2245.0,2007.0,1.0
197949,3.0,3.0,136440.0,0.0,180.0,27.3,106421.0,1.0,198.0,25.5,5.0,7.0,57.0,1175.0,2.0,9980.0,2021.0,1.0
164650,3.0,0.0,106071.0,1.0,193.0,23.7,103333.0,1.0,208.0,37.3,3.0,5.0,19.0,1850.0,35.0,1235.0,2016.0,1.0
139034,1.0,4.0,124079.0,1.0,185.0,24.9,200005.0,0.0,188.0,23.7,3.0,7.0,45.0,1098.0,48.0,1078.0,2022.0,0.0
183171,3.0,0.0,102148.0,1.0,178.0,34.7,103813.0,0.0,185.0,26.1,3.0,3.0,43.0,754.0,25.0,1070.0,2007.0,0.0
57513,3.0,4.0,106421.0,1.0,198.0,23.6,111815.0,0.0,188.0,24.1,3.0,6.0,4.0,4965.0,64.0,910.0,2019.0,0.0
112026,3.0,4.0,104053.0,1.0,188.0,27.9,103888.0,1.0,188.0,28.6,3.0,9.0,13.0,2875.0,36.0,1151.0,2010.0,1.0
199483,3.0,3.0,106421.0,1.0,198.0,24.9,126774.0,1.0,193.0,22.4,5.0,9.0,4.0,8715.0,6.0,5965.0,2021.0,0.0
206955,2.0,0.0,105668.0,1.0,203.0,24.5,104655.0,1.0,180.0,29.4,3.0,6.0,51.0,905.0,23.0,1502.0,2015.0,0.0
102060,3.0,4.0,104918.0,1.0,190.0,24.2,104731.0,1.0,203.0,25.2,3.0,6.0,4.0,6705.0,35.0,1200.0,2011.0,1.0
80114,2.0,3.0,103819.0,1.0,185.0,25.8,103163.0,1.0,188.0,29.2,5.0,5.0,1.0,7290.0,10.0,1960.0,2007.0,0.0
24381,3.0,4.0,104198.0,1.0,188.0,27.3,104607.0,1.0,196.0,25.0,3.0,5.0,35.0,1175.0,7.0,3715.0,2010.0,0.0
168482,3.0,0.0,132283.0,1.0,191.0,25.4,128034.0,1.0,196.0,23.7,3.0,5.0,42.0,1253.0,31.0,1493.0,2020.0,0.0
15417,3.0,4.0,105777.0,1.0,188.0,27.2,104269.0,0.0,188.0,34.7,3.0,6.0,5.0,4610.0,31.0,1305.0,2018.0,0.0
98873,2.0,0.0,106378.0,1.0,188.0,23.4,106401.0,1.0,193.0,23.1,3.0,5.0,17.0,1950.0,21.0,1675.0,2018.0,1.0
36596,3.0,3.0,122330.0,1.0,196.0,23.6,105379.0,1.0,181.0,31.5,5.0,4.0,45.0,1220.0,57.0,1065.0,2021.0,0.0
184929,1.0,0.0,103498.0,1.0,193.0,23.2,103813.0,0.0,185.0,21.7,3.0,5.0,8.0,1965.0,35.0,940.0,2003.0,0.0
27633,1.0,4.0,105932.0,1.0,185.0,27.2,104745.0,0.0,185.0,32.9,3.0,5.0,18.0,1905.0,2.0,7945.0,2019.0,1.0
100152,1.0,0.0,103813.0,0.0,185.0,31.8,103163.0,1.0,188.0,35.1,3.0,3.0,42.0,945.0,14.0,2340.0,2013.0,0.0
48,1.0,0.0,105453.0,1.0,178.0,27.1,106043.0,1.0,170.0,24.4,3.0,5.0,5.0,4625.0,50.0,890.0,2017.0,0.0
194147,1.0,4.0,105453.0,1.0,178.0,25.3,104918.0,1.0,190.0,27.9,3.0,9.0,5.0,5280.0,3.0,6220.0,2015.0,1.0
131033,3.0,0.0,103285.0,1.0,185.0,31.8,103812.0,1.0,198.0,29.2,3.0,6.0,37.0,1155.0,51.0,915.0,2010.0,0.0
66022,2.0,3.0,103888.0,1.0,188.0,27.5,104925.0,1.0,188.0,22.0,5.0,6.0,25.0,1735.0,4.0,7860.0,2009.0,1.0
66904,3.0,0.0,104022.0,1.0,183.0,31.6,104997.0,1.0,190.0,26.4,3.0,6.0,15.0,2100.0,64.0,740.0,2014.0,1.0
84032,1.0,3.0,104597.0,1.0,183.0,23.7,105208.0,1.0,190.0,20.7,5.0,7.0,34.0,1525.0,40.0,1360.0,2009.0,0.0
28511,1.0,4.0,105932.0,1.0,185.0,27.1,126207.0,1.0,188.0,21.2,3.0,7.0,17.0,1930.0,37.0,1185.0,2019.0,1.0
155512,3.0,4.0,105453.0,1.0,178.0,27.1,104180.0,0.0,193.0,33.8,3.0,6.0,5.0,4730.0,28.0,1370.0,2017.0,0.0
11032,3.0,2.0,104468.0,1.0,183.0,23.8,104918.0,1.0,190.0,21.4,3.0,8.0,9.0,1780.0,4.0,3420.0,2008.0,1.0
177209,2.0,3.0,105227.0,1.0,198.0,19.7,103908.0,1.0,185.0,26.4,5.0,6.0,55.0,705.0,16.0,1345.0,2008.0,0.0
123376,2.0,0.0,105453.0,1.0,178.0,31.4,200624.0,1.0,196.0,20.9,3.0,5.0,57.0,1138.0,52.0,1187.0,2021.0,1.0
186764,2.0,0.0,100644.0,1.0,198.0,24.1,200005.0,0.0,188.0,22.9,3.0,5.0,6.0,7350.0,31.0,1815.0,2021.0,1.0
82839,1.0,0.0,105223.0,1.0,198.0,19.8,103812.0,1.0,198.0,26.9,3.0,9.0,44.0,855.0,59.0,703.0,2008.0,0.0
5619,1.0,4.0,103656.0,1.0,175.0,29.3,104571.0,1.0,183.0,24.8,3.0,7.0,32.0,1270.0,29.0,1345.0,2010.0,0.0
117040,0.0,0.0,104339.0,1.0,196.0,22.5,103018.0,1.0,196.0,29.2,3.0,3.0,12.0,1750.0,60.0,645.0,2006.0,0.0
176982,3.0,3.0,104053.0,1.0,188.0,20.3,101962.0,1.0,193.0,31.3,5.0,3.0,10.0,2045.0,22.0,1295.0,2003.0,0.0
131822,1.0,0.0,104665.0,1.0,180.0,25.2,104597.0,1.0,183.0,25.6,3.0,6.0,51.0,953.0,11.0,2395.0,2011.0,1.0
57872,3.0,4.0,103656.0,1.0,175.0,28.2,103722.0,1.0,180.0,28.0,3.0,4.0,35.0,1569.0,50.0,1289.0,2009.0,0.0
102630,1.0,0.0,122298.0,1.0,188.0,26.5,200175.0,1.0,183.0,22.6,3.0,9.0,40.0,1161.0,38.0,1211.0,2022.0,0.0
169472,3.0,4.0,126203.0,1.0,193.0,20.9,104898.0,1.0,190.0,31.5,3.0,7.0,59.0,858.0,44.0,1045.0,2018.0,0.0
42784,3.0,4.0,103857.0,1.0,180.0,27.8,103786.0,1.0,178.0,28.2,3.0,6.0,43.0,1073.0,8.0,3655.0,2009.0,1.0
38912,3.0,0.0,206173.0,1.0,188.0,20.3,126239.0,1.0,196.0,26.4,3.0,8.0,10.0,3350.0,58.0,1029.0,2022.0,0.0
148680,3.0,3.0,104571.0,1.0,183.0,31.2,105332.0,1.0,196.0,27.3,5.0,7.0,44.0,1015.0,34.0,1305.0,2016.0,0.0
131993,3.0,4.0,103970.0,1.0,175.0,29.5,104053.0,1.0,188.0,29.1,3.0,3.0,5.0,4200.0,15.0,1985.0,2011.0,0.0
62432,3.0,4.0,106234.0,1.0,185.0,28.0,128034.0,1.0,196.0,24.6,3.0,5.0,24.0,2085.0,12.0,3333.0,2021.0,1.0
144221,3.0,1.0,106421.0,1.0,198.0,20.9,104925.0,1.0,188.0,29.6,3.0,8.0,63.0,749.0,2.0,9825.0,2017.0,1.0
136486,1.0,4.0,103602.0,1.0,183.0,26.7,103428.0,1.0,190.0,27.6,3.0,3.0,6.0,2535.0,23.0,1125.0,2007.0,0.0
82100,3.0,0.0,104291.0,1.0,185.0,34.9,105023.0,1.0,198.0,31.2,3.0,6.0,42.0,1042.0,48.0,955.0,2019.0,1.0
152529,1.0,0.0,102783.0,1.0,180.0,28.2,103454.0,1.0,183.0,24.7,3.0,9.0,8.0,2190.0,13.0,1543.0,2004.0,1.0
117228,3.0,0.0,105449.0,1.0,188.0,26.1,105357.0,1.0,183.0,26.6,3.0,6.0,31.0,1240.0,63.0,766.0,2016.0,0.0
2616,3.0,0.0,104214.0,1.0,185.0,25.2,104259.0,1.0,178.0,25.0,3.0,5.0,21.0,1240.0,30.0,1040.0,2008.0,0.0
92295,1.0,4.0,104571.0,1.0,183.0,30.8,104468.0,1.0,183.0,31.3,3.0,7.0,38.0,1057.0,18.0,1900.0,2016.0,1.0
145111,0.0,1.0,102318.0,1.0,183.0,31.4,103344.0,1.0,193.0,26.3,5.0,8.0,41.0,825.0,19.0,1435.0,2005.0,1.0
150808,3.0,4.0,126774.0,1.0,193.0,24.2,104925.0,1.0,188.0,35.4,3.0,9.0,5.0,5035.0,7.0,4320.0,2022.0,1.0
106316,3.0,0.0,105223.0,1.0,198.0,25.2,103285.0,1.0,185.0,35.1,3.0,3.0,5.0,5255.0,45.0,970.0,2014.0,0.0
126749,3.0,4.0,105138.0,1.0,183.0,26.4,105577.0,1.0,193.0,24.2,3.0,6.0,18.0,1865.0,44.0,965.0,2014.0,0.0
125260,3.0,4.0,103758.0,1.0,188.0,23.4,104022.0,1.0,183.0,22.3,3.0,7.0,40.0,855.0,31.0,1065.0,2004.0,0.0
67994,3.0,0.0,103970.0,1.0,175.0,25.4,103852.0,0.0,188.0,26.0,3.0,3.0,8.0,1940.0,46.0,697.0,2007.0,0.0
76008,1.0,0.0,103163.0,1.0,188.0,27.1,104026.0,1.0,198.0,22.8,3.0,8.0,22.0,1215.0,12.0,1625.0,2005.0,0.0
163067,3.0,0.0,103602.0,1.0,183.0,28.0,105227.0,1.0,198.0,19.8,3.0,6.0,15.0,1340.0,33.0,960.0,2008.0,0.0
170391,3.0,0.0,106071.0,1.0,193.0,23.3,106233.0,1.0,185.0,22.4,3.0,2.0,21.0,1675.0,15.0,2020.0,2016.0,1.0
90230,3.0,4.0,104022.0,1.0,183.0,32.3,105053.0,1.0,188.0,26.9,3.0,7.0,47.0,850.0,31.0,1200.0,2014.0,1.0
135862,0.0,4.0,104607.0,1.0,196.0,20.1,102562.0,1.0,190.0,30.6,3.0,7.0,50.0,725.0,49.0,725.0,2005.0,0.0
200145,3.0,0.0,105332.0,1.0,196.0,28.6,104919.0,1.0,188.0,30.6,3.0,5.0,42.0,1155.0,52.0,909.0,2018.0,0.0
47898,0.0,4.0,104607.0,1.0,196.0,20.1,103292.0,1.0,175.0,26.8,3.0,3.0,50.0,725.0,11.0,1730.0,2005.0,0.0
66149,1.0,0.0,103909.0,1.0,175.0,21.0,102845.0,1.0,190.0,26.4,3.0,2.0,36.0,960.0,4.0,2630.0,2003.0,1.0
11705,3.0,3.0,104607.0,1.0,196.0,26.3,104597.0,1.0,183.0,26.4,5.0,5.0,7.0,3700.0,10.0,2380.0,2012.0,0.0
195059,3.0,3.0,104545.0,1.0,206.0,24.3,104053.0,1.0,188.0,27.0,5.0,6.0,55.0,914.0,5.0,5720.0,2009.0,0.0
19642,1.0,3.0,104180.0,0.0,193.0,32.0,104925.0,1.0,188.0,28.0,5.0,7.0,55.0,868.0,1.0,13845.0,2015.0,1.0
158702,1.0,0.0,104678.0,1.0,193.0,25.2,104719.0,1.0,190.0,25.0,3.0,5.0,16.0,1815.0,52.0,943.0,2011.0,1.0
71769,3.0,3.0,104665.0,1.0,180.0,25.9,103428.0,1.0,190.0,32.3,5.0,7.0,45.0,920.0,29.0,1270.0,2012.0,1.0
61243,3.0,4.0,103720.0,1.0,180.0,22.0,102338.0,1.0,190.0,29.0,3.0,6.0,1.0,4630.0,23.0,1235.0,2003.0,0.0
164878,2.0,0.0,105077.0,0.0,188.0,25.4,104269.0,0.0,188.0,29.5,3.0,5.0,61.0,755.0,58.0,785.0,2013.0,1.0
202716,1.0,0.0,104919.0,1.0,188.0,27.1,106233.0,1.0,185.0,20.8,3.0,5.0,46.0,919.0,55.0,852.0,2014.0,0.0
46296,0.0,0.0,103507.0,1.0,183.0,28.6,104542.0,1.0,188.0,23.5,3.0,3.0,63.0,655.0,14.0,1485.0,2008.0,1.0
95406,2.0,3.0,104871.0,1.0,188.0,29.3,104792.0,1.0,193.0,29.8,5.0,4.0,34.0,1175.0,16.0,2110.0,2016.0,0.0
123707,1.0,0.0,105311.0,1.0,185.0,27.9,105643.0,0.0,190.0,26.3,3.0,3.0,37.0,1055.0,54.0,860.0,2017.0,0.0
161625,1.0,4.0,103507.0,1.0,183.0,26.1,104098.0,1.0,185.0,23.3,3.0,7.0,26.0,1295.0,33.0,930.0,2006.0,0.0
15649,0.0,0.0,103781.0,0.0,183.0,23.3,102271.0,0.0,175.0,30.9,3.0,5.0,36.0,857.0,41.0,810.0,2004.0,0.0
134671,3.0,2.0,200000.0,1.0,193.0,22.2,134770.0,1.0,183.0,23.8,3.0,8.0,6.0,3995.0,4.0,5020.0,2022.0,1.0
27524,1.0,0.0,103333.0,1.0,208.0,27.1,103018.0,1.0,196.0,28.7,3.0,7.0,56.0,686.0,59.0,665.0,2006.0,0.0
5758,3.0,4.0,104053.0,1.0,188.0,26.1,104468.0,1.0,183.0,23.8,3.0,5.0,7.0,2045.0,10.0,1740.0,2008.0,0.0
51871,3.0,3.0,103819.0,1.0,185.0,33.0,105227.0,1.0,198.0,25.9,5.0,9.0,3.0,7490.0,16.0,1845.0,2014.0,1.0
82274,3.0,0.0,105332.0,1.0,196.0,29.3,105453.0,1.0,178.0,28.7,3.0,5.0,63.0,850.0,12.0,2520.0,2018.0,1.0
137863,1.0,3.0,106233.0,1.0,185.0,23.7,106071.0,1.0,193.0,24.6,5.0,4.0,7.0,4145.0,39.0,1015.0,2017.0,0.0
107249,1.0,4.0,126774.0,1.0,193.0,22.6,106234.0,1.0,185.0,27.6,3.0,6.0,5.0,7040.0,29.0,1918.0,2021.0,0.0
50904,3.0,4.0,104542.0,1.0,188.0,34.5,104745.0,0.0,185.0,33.4,3.0,3.0,35.0,1230.0,2.0,9225.0,2019.0,1.0
139113,3.0,0.0,104731.0,1.0,203.0,25.3,104053.0,1.0,188.0,29.0,3.0,6.0,31.0,1200.0,15.0,1995.0,2011.0,0.0
8045,3.0,3.0,100644.0,1.0,198.0,24.3,206173.0,1.0,188.0,20.0,5.0,5.0,4.0,8240.0,16.0,2750.0,2021.0,0.0
98197,1.0,0.0,106058.0,1.0,185.0,24.5,105449.0,1.0,188.0,27.2,3.0,9.0,16.0,2405.0,29.0,1380.0,2017.0,1.0
39776,3.0,4.0,103507.0,1.0,183.0,23.0,102701.0,0.0,175.0,27.2,3.0,6.0,3.0,3135.0,31.0,1080.0,2003.0,1.0
167182,1.0,0.0,104871.0,1.0,188.0,25.4,104338.0,1.0,185.0,28.2,3.0,3.0,51.0,829.0,14.0,2240.0,2012.0,1.0
94983,1.0,3.0,104979.0,1.0,185.0,26.8,104918.0,1.0,190.0,27.0,5.0,4.0,53.0,862.0,8.0,4120.0,2014.0,1.0
116053,1.0,1.0,103694.0,1.0,168.0,26.0,103720.0,1.0,180.0,25.9,5.0,8.0,34.0,895.0,18.0,1335.0,2007.0,1.0
108948,0.0,0.0,104022.0,1.0,183.0,24.5,102967.0,1.0,188.0,29.8,3.0,3.0,22.0,1145.0,48.0,742.0,2007.0,0.0
77236,3.0,0.0,103786.0,1.0,178.0,23.5,103333.0,1.0,208.0,25.8,3.0,6.0,28.0,1085.0,61.0,640.0,2005.0,0.0
8702,1.0,0.0,104792.0,1.0,193.0,26.8,103656.0,1.0,175.0,32.6,3.0,3.0,56.0,820.0,49.0,875.0,2013.0,0.0
88279,2.0,0.0,102703.0,1.0,180.0,29.4,103598.0,1.0,185.0,24.8,3.0,7.0,58.0,673.0,51.0,718.0,2005.0,1.0
188258,1.0,4.0,103970.0,1.0,175.0,26.1,104269.0,0.0,188.0,24.4,3.0,5.0,5.0,2780.0,28.0,1120.0,2008.0,1.0
204828,1.0,0.0,103428.0,1.0,190.0,23.8,103852.0,0.0,188.0,21.7,3.0,5.0,31.0,1055.0,50.0,723.0,2003.0,0.0
148942,3.0,4.0,104925.0,1.0,188.0,26.2,104545.0,1.0,206.0,28.2,3.0,3.0,1.0,11400.0,22.0,1585.0,2013.0,1.0
61823,3.0,4.0,104269.0,0.0,188.0,21.3,104053.0,1.0,188.0,22.5,3.0,7.0,45.0,803.0,3.0,3855.0,2005.0,1.0
37880,1.0,4.0,105777.0,1.0,188.0,25.9,105526.0,1.0,193.0,26.9,3.0,6.0,11.0,2880.0,58.0,813.0,2017.0,1.0
33720,2.0,0.0,104053.0,1.0,188.0,26.7,103333.0,1.0,208.0,30.2,3.0,3.0,6.0,4400.0,29.0,1665.0,2009.0,0.0
19941,3.0,4.0,103758.0,1.0,188.0,24.2,103017.0,1.0,183.0,28.0,3.0,6.0,21.0,1345.0,39.0,845.0,2005.0,1.0
24008,3.0,0.0,106000.0,1.0,172.0,25.4,104542.0,1.0,188.0,32.5,3.0,5.0,31.0,1411.0,15.0,2490.0,2017.0,1.0
82548,2.0,3.0,104731.0,1.0,203.0,28.0,104273.0,1.0,188.0,30.5,5.0,7.0,18.0,1745.0,50.0,885.0,2014.0,0.0
39563,3.0,2.0,105453.0,1.0,178.0,24.8,104925.0,1.0,188.0,27.4,3.0,9.0,5.0,4625.0,1.0,10010.0,2014.0,1.0
27048,3.0,1.0,104527.0,1.0,183.0,21.4,104925.0,1.0,188.0,19.3,5.0,8.0,44.0,803.0,21.0,1183.0,2006.0,1.0
71807,3.0,3.0,104745.0,0.0,185.0,32.2,105932.0,1.0,185.0,26.5,5.0,5.0,1.0,10040.0,37.0,1152.0,2018.0,0.0
67793,1.0,0.0,200221.0,1.0,183.0,23.0,105311.0,1.0,185.0,33.2,3.0,6.0,36.0,1110.0,60.0,834.0,2022.0,0.0
78122,3.0,2.0,126610.0,1.0,196.0,23.5,106233.0,1.0,185.0,26.1,3.0,8.0,8.0,2670.0,5.0,5025.0,2019.0,0.0
73645,2.0,3.0,104527.0,1.0,183.0,29.2,104797.0,1.0,188.0,27.7,5.0,6.0,3.0,5420.0,45.0,985.0,2014.0,0.0
162213,1.0,0.0,104745.0,0.0,185.0,26.6,104593.0,1.0,185.0,27.4,3.0,3.0,5.0,5400.0,64.0,739.0,2013.0,0.0
134086,3.0,1.0,126203.0,1.0,193.0,24.8,122330.0,1.0,196.0,25.2,3.0,8.0,12.0,3055.0,44.0,985.0,2022.0,0.0
67737,1.0,0.0,103835.0,1.0,183.0,26.4,104597.0,1.0,183.0,22.5,3.0,5.0,41.0,770.0,28.0,1065.0,2008.0,1.0
192914,3.0,0.0,104269.0,0.0,188.0,35.2,106421.0,1.0,198.0,23.0,3.0,5.0,26.0,1455.0,16.0,2160.0,2019.0,1.0
23189,3.0,4.0,100644.0,1.0,198.0,22.5,133430.0,0.0,185.0,20.5,3.0,5.0,6.0,4335.0,28.0,1460.0,2019.0,1.0
205494,3.0,3.0,105992.0,1.0,183.0,25.6,104655.0,1.0,180.0,32.0,5.0,7.0,45.0,1115.0,34.0,1345.0,2018.0,0.0
58126,3.0,4.0,103507.0,1.0,183.0,23.6,102456.0,1.0,180.0,29.0,3.0,5.0,1.0,4195.0,19.0,1240.0,2003.0,0.0
142600,3.0,4.0,103428.0,1.0,190.0,27.1,102845.0,1.0,190.0,30.1,3.0,7.0,35.0,915.0,43.0,825.0,2006.0,0.0
150948,3.0,0.0,102610.0,1.0,180.0,29.2,103387.0,1.0,185.0,25.3,3.0,6.0,52.0,735.0,25.0,1220.0,2004.0,1.0
35659,3.0,0.0,104180.0,0.0,193.0,33.4,105453.0,1.0,178.0,26.8,3.0,9.0,37.0,1095.0,5.0,4650.0,2016.0,1.0
136834,3.0,0.0,105526.0,1.0,193.0,29.8,105932.0,1.0,185.0,28.0,3.0,5.0,34.0,1270.0,29.0,1440.0,2020.0,0.0
95045,1.0,0.0,105643.0,0.0,190.0,27.3,106210.0,0.0,198.0,24.6,3.0,6.0,63.0,825.0,61.0,850.0,2018.0,0.0
37655,1.0,4.0,104022.0,1.0,183.0,24.8,103898.0,1.0,185.0,25.3,3.0,7.0,16.0,1645.0,38.0,837.0,2007.0,0.0
120094,1.0,4.0,105453.0,1.0,178.0,28.2,106421.0,1.0,198.0,22.1,3.0,6.0,36.0,1280.0,49.0,984.0,2018.0,0.0
13060,1.0,4.0,104542.0,1.0,188.0,27.0,105992.0,1.0,183.0,20.0,3.0,6.0,5.0,4885.0,61.0,757.0,2012.0,0.0
117000,3.0,2.0,105676.0,1.0,180.0,26.9,105777.0,1.0,188.0,26.4,3.0,2.0,8.0,2975.0,6.0,3650.0,2017.0,1.0
56345,1.0,0.0,103970.0,1.0,175.0,29.9,103997.0,1.0,190.0,29.7,3.0,5.0,6.0,4345.0,54.0,832.0,2012.0,0.0
77732,2.0,3.0,104198.0,1.0,188.0,26.0,103819.0,1.0,185.0,27.8,5.0,7.0,42.0,1186.0,2.0,10620.0,2009.0,1.0
31288,3.0,4.0,105023.0,1.0,198.0,23.4,104269.0,0.0,188.0,27.3,3.0,6.0,24.0,1440.0,9.0,3095.0,2011.0,0.0
116787,1.0,3.0,126774.0,1.0,193.0,22.8,100644.0,1.0,198.0,24.1,5.0,9.0,5.0,7500.0,6.0,6990.0,2021.0,0.0
4644,1.0,0.0,105683.0,1.0,196.0,22.3,104745.0,0.0,185.0,26.8,3.0,9.0,13.0,2225.0,5.0,5985.0,2013.0,1.0
47386,2.0,0.0,125802.0,1.0,193.0,28.2,200325.0,1.0,188.0,23.1,3.0,5.0,49.0,1035.0,62.0,945.0,2022.0,0.0
86500,3.0,4.0,104022.0,1.0,183.0,24.1,103344.0,1.0,193.0,27.4,3.0,6.0,44.0,835.0,3.0,3195.0,2006.0,1.0
111622,3.0,4.0,104918.0,1.0,190.0,21.4,104620.0,1.0,183.0,23.0,3.0,6.0,4.0,2995.0,43.0,810.0,2008.0,0.0
133567,1.0,4.0,104745.0,0.0,185.0,28.9,105777.0,1.0,188.0,23.9,3.0,3.0,4.0,5390.0,11.0,2985.0,2015.0,0.0
179889,3.0,0.0,103819.0,1.0,185.0,29.4,104542.0,1.0,188.0,25.7,3.0,9.0,2.0,9145.0,13.0,2345.0,2011.0,0.0
112908,3.0,4.0,102845.0,1.0,190.0,27.5,103990.0,1.0,180.0,21.8,3.0,5.0,6.0,2350.0,20.0,1165.0,2004.0,0.0
196028,1.0,4.0,105676.0,1.0,180.0,25.3,103852.0,0.0,188.0,34.5,3.0,7.0,13.0,2560.0,23.0,1585.0,2016.0,0.0
52345,1.0,0.0,104259.0,1.0,178.0,30.5,104273.0,1.0,188.0,30.3,3.0,6.0,26.0,1465.0,46.0,985.0,2014.0,0.0
152412,3.0,0.0,104386.0,1.0,180.0,26.0,105053.0,1.0,188.0,22.6,3.0,6.0,46.0,930.0,58.0,818.0,2010.0,0.0
204509,3.0,4.0,104338.0,1.0,185.0,27.9,104925.0,1.0,188.0,24.8,3.0,9.0,21.0,1495.0,1.0,12670.0,2012.0,1.0
85324,1.0,0.0,104312.0,1.0,190.0,31.4,105373.0,0.0,190.0,26.0,3.0,6.0,26.0,1355.0,34.0,1100.0,2015.0,0.0
48288,3.0,4.0,104542.0,1.0,188.0,27.3,104871.0,1.0,188.0,25.4,3.0,6.0,6.0,5230.0,47.0,924.0,2012.0,1.0
145874,1.0,0.0,104338.0,1.0,185.0,23.3,104269.0,0.0,188.0,23.6,3.0,9.0,32.0,895.0,41.0,750.0,2007.0,0.0
159786,3.0,0.0,103428.0,1.0,190.0,31.1,104597.0,1.0,183.0,25.1,3.0,3.0,41.0,1090.0,16.0,2175.0,2010.0,1.0
9917,3.0,0.0,105671.0,1.0,178.0,25.8,104678.0,1.0,193.0,30.6,3.0,6.0,61.0,801.0,33.0,1295.0,2016.0,1.0
93889,3.0,4.0,103602.0,1.0,183.0,25.0,103900.0,1.0,180.0,23.6,3.0,6.0,18.0,1385.0,11.0,1680.0,2005.0,0.0
89591,3.0,4.0,104999.0,0.0,190.0,30.9,105777.0,1.0,188.0,27.2,3.0,6.0,44.0,1030.0,5.0,4700.0,2018.0,1.0
31560,1.0,0.0,102720.0,1.0,178.0,29.4,104745.0,0.0,185.0,19.1,3.0,3.0,57.0,647.0,3.0,3750.0,2005.0,1.0
68974,1.0,4.0,104527.0,1.0,183.0,30.0,105777.0,1.0,188.0,23.9,3.0,5.0,9.0,3495.0,11.0,2985.0,2015.0,1.0
31940,1.0,0.0,103970.0,1.0,175.0,27.2,103786.0,1.0,178.0,28.1,3.0,9.0,23.0,1780.0,12.0,2935.0,2009.0,1.0
90038,1.0,0.0,103252.0,1.0,175.0,26.6,103990.0,1.0,180.0,22.9,3.0,6.0,55.0,720.0,15.0,1585.0,2005.0,0.0
70430,1.0,4.0,200624.0,1.0,196.0,21.8,122298.0,1.0,188.0,26.5,3.0,7.0,30.0,1336.0,32.0,1319.0,2022.0,1.0
163329,1.0,3.0,104925.0,1.0,188.0,25.0,104745.0,0.0,185.0,25.9,5.0,2.0,1.0,11800.0,2.0,10060.0,2012.0,1.0
17155,3.0,0.0,103813.0,0.0,185.0,31.0,104607.0,1.0,196.0,26.9,3.0,5.0,42.0,957.0,7.0,4155.0,2012.0,1.0
40115,1.0,1.0,104053.0,1.0,188.0,24.4,104607.0,1.0,196.0,21.3,5.0,8.0,4.0,2715.0,12.0,1785.0,2007.0,0.0
78769,3.0,0.0,105723.0,1.0,185.0,25.6,105643.0,0.0,190.0,26.0,3.0,6.0,47.0,970.0,48.0,960.0,2016.0,1.0
7413,3.0,0.0,105051.0,1.0,188.0,30.8,126610.0,1.0,196.0,22.4,3.0,5.0,47.0,994.0,60.0,869.0,2018.0,0.0
182252,1.0,0.0,104871.0,1.0,188.0,27.0,103970.0,1.0,175.0,31.8,3.0,6.0,45.0,940.0,4.0,5440.0,2014.0,1.0
206974,1.0,0.0,103602.0,1.0,183.0,26.7,103908.0,1.0,185.0,25.2,3.0,6.0,6.0,2535.0,42.0,770.0,2007.0,1.0
1218,1.0,0.0,104792.0,1.0,193.0,19.0,103252.0,1.0,175.0,27.1,3.0,6.0,45.0,820.0,61.0,635.0,2005.0,1.0
1822,3.0,4.0,104925.0,1.0,188.0,30.8,105332.0,1.0,196.0,28.8,3.0,7.0,12.0,2300.0,47.0,1075.0,2018.0,1.0
21869,3.0,4.0,105643.0,0.0,190.0,23.8,104792.0,1.0,193.0,27.9,3.0,7.0,63.0,781.0,23.0,1590.0,2014.0,1.0
83627,3.0,4.0,105526.0,1.0,193.0,29.5,104542.0,1.0,188.0,34.5,3.0,5.0,36.0,1200.0,35.0,1230.0,2019.0,1.0
59656,3.0,0.0,104871.0,1.0,188.0,28.0,104468.0,1.0,183.0,30.1,3.0,3.0,35.0,1150.0,17.0,1890.0,2015.0,1.0
189378,1.0,0.0,103333.0,1.0,208.0,36.1,106210.0,0.0,198.0,21.7,3.0,3.0,22.0,1470.0,46.0,978.0,2015.0,1.0
126599,3.0,4.0,106233.0,1.0,185.0,26.0,126610.0,1.0,196.0,23.4,3.0,3.0,5.0,4915.0,13.0,2221.0,2019.0,1.0
163316,3.0,4.0,104068.0,1.0,183.0,21.0,102783.0,1.0,180.0,27.4,3.0,6.0,34.0,1040.0,6.0,2850.0,2003.0,0.0
70147,1.0,0.0,132283.0,1.0,191.0,24.2,106233.0,1.0,185.0,25.9,3.0,9.0,56.0,954.0,4.0,4595.0,2019.0,1.0
142241,2.0,0.0,104571.0,1.0,183.0,27.9,105208.0,1.0,190.0,24.7,3.0,6.0,40.0,995.0,38.0,1026.0,2013.0,1.0
144167,1.0,0.0,104312.0,1.0,190.0,30.2,104797.0,1.0,188.0,27.6,3.0,3.0,33.0,1150.0,57.0,845.0,2014.0,1.0
147009,3.0,0.0,111815.0,0.0,188.0,25.5,104926.0,1.0,178.0,33.8,3.0,5.0,61.0,1070.0,17.0,2530.0,2021.0,0.0
17758,3.0,0.0,104607.0,1.0,196.0,31.4,104542.0,1.0,188.0,31.8,3.0,9.0,13.0,2790.0,14.0,2730.0,2017.0,1.0
132686,1.0,0.0,104424.0,1.0,178.0,27.7,104122.0,1.0,183.0,29.2,3.0,8.0,60.0,758.0,37.0,1060.0,2012.0,1.0
102805,3.0,4.0,105357.0,1.0,183.0,29.3,105932.0,1.0,185.0,26.6,3.0,7.0,35.0,1205.0,22.0,1767.0,2018.0,1.0
29405,3.0,0.0,104797.0,1.0,188.0,25.4,105683.0,1.0,196.0,21.1,3.0,2.0,61.0,767.0,32.0,1140.0,2012.0,1.0
70889,3.0,4.0,104731.0,1.0,203.0,29.4,104745.0,0.0,185.0,29.4,3.0,5.0,12.0,2475.0,6.0,4630.0,2015.0,1.0
40941,3.0,0.0,103507.0,1.0,183.0,25.0,103285.0,1.0,185.0,26.2,3.0,5.0,64.0,580.0,28.0,1135.0,2005.0,1.0
106412,3.0,4.0,103990.0,1.0,180.0,20.8,103813.0,0.0,185.0,21.6,3.0,7.0,27.0,1130.0,34.0,1005.0,2003.0,0.0
88844,1.0,0.0,102035.0,1.0,183.0,35.1,104076.0,1.0,190.0,24.5,3.0,8.0,38.0,805.0,45.0,735.0,2007.0,1.0
37273,3.0,0.0,104053.0,1.0,188.0,22.0,103819.0,1.0,185.0,23.1,3.0,2.0,2.0,3770.0,1.0,6760.0,2004.0,1.0
157272,3.0,0.0,103852.0,0.0,188.0,38.0,104527.0,1.0,183.0,34.5,3.0,5.0,62.0,958.0,18.0,1670.0,2019.0,1.0
189505,2.0,3.0,104925.0,1.0,188.0,27.0,105777.0,1.0,188.0,23.1,5.0,9.0,2.0,12330.0,13.0,2595.0,2014.0,0.0
135218,1.0,4.0,103843.0,1.0,185.0,28.5,105208.0,1.0,190.0,21.6,3.0,7.0,59.0,766.0,44.0,904.0,2010.0,1.0
203448,2.0,0.0,104417.0,1.0,193.0,19.8,103970.0,1.0,175.0,22.2,3.0,6.0,44.0,770.0,49.0,749.0,2004.0,0.0
202242,3.0,3.0,105173.0,0.0,183.0,28.5,111575.0,1.0,198.0,20.6,5.0,4.0,61.0,781.0,52.0,875.0,2017.0,1.0
139159,3.0,4.0,105385.0,0.0,183.0,28.0,105332.0,1.0,196.0,28.2,3.0,7.0,61.0,820.0,41.0,1085.0,2017.0,1.0
111903,1.0,3.0,106210.0,0.0,198.0,23.8,105138.0,1.0,183.0,29.1,5.0,6.0,57.0,840.0,18.0,2155.0,2017.0,1.0
53940,3.0,4.0,104792.0,1.0,193.0,30.9,105453.0,1.0,178.0,27.6,3.0,6.0,22.0,1915.0,9.0,3320.0,2017.0,0.0
74074,3.0,4.0,103786.0,1.0,178.0,28.7,104678.0,1.0,193.0,24.0,3.0,6.0,6.0,5290.0,35.0,1110.0,2010.0,1.0
128222,3.0,0.0,103720.0,1.0,180.0,26.0,103781.0,0.0,183.0,25.7,3.0,2.0,20.0,1230.0,31.0,955.0,2007.0,0.0
206598,1.0,3.0,105173.0,0.0,183.0,32.2,105077.0,0.0,188.0,32.6,5.0,4.0,39.0,1271.0,44.0,1130.0,2020.0,1.0
195527,3.0,4.0,103812.0,1.0,198.0,28.0,103781.0,0.0,183.0,28.2,3.0,7.0,32.0,1341.0,31.0,1345.0,2009.0,0.0
47357,1.0,3.0,106233.0,1.0,185.0,22.7,105676.0,1.0,180.0,25.4,5.0,3.0,15.0,2430.0,13.0,2570.0,2016.0,0.0
77039,3.0,0.0,104468.0,1.0,183.0,31.6,106432.0,1.0,188.0,19.7,3.0,7.0,31.0,1385.0,51.0,900.0,2016.0,0.0
91090,3.0,4.0,103819.0,1.0,185.0,27.6,104925.0,1.0,188.0,21.8,3.0,9.0,2.0,10910.0,3.0,8420.0,2009.0,1.0
176563,3.0,4.0,104755.0,1.0,185.0,29.3,104180.0,0.0,193.0,32.4,3.0,7.0,11.0,2400.0,36.0,1140.0,2015.0,0.0
52797,3.0,0.0,103900.0,1.0,180.0,27.0,104755.0,1.0,185.0,22.5,3.0,9.0,11.0,3450.0,25.0,2330.0,2009.0,0.0
104793,1.0,0.0,103084.0,1.0,185.0,30.6,104527.0,1.0,183.0,23.2,3.0,3.0,54.0,735.0,10.0,1760.0,2008.0,1.0
203435,3.0,0.0,104607.0,1.0,196.0,24.8,104979.0,1.0,185.0,23.0,3.0,5.0,8.0,3780.0,37.0,1092.0,2010.0,0.0
182558,3.0,4.0,104678.0,1.0,193.0,23.0,103900.0,1.0,180.0,27.1,3.0,6.0,41.0,1490.0,14.0,2895.0,2009.0,1.0
81584,2.0,0.0,104468.0,1.0,183.0,21.4,103163.0,1.0,188.0,28.1,3.0,6.0,47.0,791.0,26.0,1175.0,2006.0,1.0
190420,3.0,4.0,105064.0,0.0,188.0,27.6,104655.0,1.0,180.0,29.6,3.0,7.0,33.0,1145.0,31.0,1170.0,2015.0,0.0
146449,3.0,0.0,104918.0,1.0,190.0,21.6,104053.0,1.0,188.0,26.3,3.0,2.0,4.0,7050.0,8.0,3940.0,2009.0,0.0
188104,3.0,4.0,104545.0,1.0,206.0,29.4,105449.0,1.0,188.0,24.7,3.0,6.0,14.0,1925.0,42.0,974.0,2014.0,0.0
125794,3.0,4.0,103970.0,1.0,175.0,26.3,104755.0,1.0,185.0,22.0,3.0,5.0,5.0,2945.0,12.0,1445.0,2008.0,1.0
174523,3.0,4.0,104312.0,1.0,190.0,24.4,104022.0,1.0,183.0,26.0,3.0,7.0,35.0,950.0,16.0,1270.0,2008.0,1.0
170936,1.0,4.0,102148.0,1.0,178.0,33.4,103103.0,1.0,183.0,28.3,3.0,6.0,53.0,722.0,24.0,1270.0,2006.0,0.0
127044,3.0,0.0,104542.0,1.0,188.0,28.8,104607.0,1.0,196.0,28.4,3.0,3.0,10.0,2785.0,6.0,4890.0,2014.0,1.0
38995,1.0,0.0,104792.0,1.0,193.0,24.8,103812.0,1.0,198.0,29.9,3.0,6.0,7.0,2755.0,64.0,760.0,2011.0,1.0
33468,1.0,4.0,103602.0,1.0,183.0,25.7,104417.0,1.0,193.0,21.6,3.0,5.0,21.0,1420.0,62.0,650.0,2006.0,0.0
152282,1.0,4.0,126094.0,1.0,188.0,24.4,200282.0,1.0,183.0,23.1,3.0,6.0,8.0,4375.0,25.0,1566.0,2022.0,0.0
30015,3.0,0.0,103428.0,1.0,190.0,23.9,103602.0,1.0,183.0,23.0,3.0,6.0,34.0,1020.0,15.0,1420.0,2003.0,0.0
149874,3.0,0.0,103344.0,1.0,193.0,26.5,103163.0,1.0,188.0,27.5,3.0,5.0,13.0,1530.0,40.0,880.0,2005.0,0.0
1043,3.0,4.0,104527.0,1.0,183.0,23.9,104312.0,1.0,190.0,25.0,3.0,7.0,16.0,2700.0,39.0,1525.0,2009.0,0.0
139185,3.0,3.0,105223.0,1.0,198.0,28.9,104745.0,0.0,185.0,31.2,5.0,9.0,28.0,1460.0,1.0,7645.0,2017.0,1.0
80252,3.0,2.0,104745.0,0.0,185.0,27.4,103819.0,1.0,185.0,32.2,3.0,9.0,1.0,12030.0,7.0,3805.0,2013.0,0.0
197837,3.0,4.0,105138.0,1.0,183.0,34.3,106218.0,1.0,180.0,29.0,3.0,6.0,19.0,1760.0,54.0,836.0,2022.0,0.0
111746,3.0,0.0,103344.0,1.0,193.0,27.7,104918.0,1.0,190.0,19.6,3.0,2.0,5.0,2495.0,17.0,1370.0,2007.0,0.0
154329,2.0,0.0,106298.0,1.0,185.0,24.3,126774.0,1.0,193.0,19.8,3.0,6.0,18.0,1870.0,35.0,1238.0,2018.0,1.0
53957,3.0,2.0,103819.0,1.0,185.0,26.2,103786.0,1.0,178.0,26.4,3.0,8.0,1.0,6530.0,4.0,2725.0,2007.0,0.0
35493,3.0,4.0,105676.0,1.0,180.0,27.6,105683.0,1.0,196.0,27.6,3.0,7.0,11.0,3120.0,29.0,1360.0,2018.0,1.0
112245,3.0,0.0,105223.0,1.0,198.0,24.8,104731.0,1.0,203.0,27.1,3.0,3.0,7.0,4500.0,21.0,1740.0,2013.0,0.0
45975,1.0,4.0,104755.0,1.0,185.0,29.8,105453.0,1.0,178.0,26.3,3.0,5.0,12.0,2680.0,6.0,4290.0,2016.0,1.0
189655,0.0,4.0,103018.0,1.0,196.0,29.3,104068.0,1.0,183.0,24.0,3.0,7.0,58.0,695.0,52.0,725.0,2006.0,1.0
16932,2.0,0.0,103917.0,1.0,190.0,34.3,106071.0,1.0,193.0,23.6,3.0,3.0,49.0,931.0,23.0,1625.0,2016.0,0.0
179348,2.0,3.0,104594.0,1.0,194.0,28.8,104269.0,0.0,188.0,30.6,5.0,4.0,58.0,827.0,24.0,1555.0,2014.0,0.0
71460,2.0,0.0,105208.0,1.0,190.0,24.7,103163.0,1.0,188.0,35.1,3.0,5.0,38.0,1026.0,11.0,2585.0,2013.0,1.0
21526,3.0,0.0,104269.0,0.0,188.0,35.8,106043.0,1.0,170.0,27.1,3.0,6.0,38.0,1195.0,16.0,1995.0,2019.0,1.0
94804,1.0,4.0,104745.0,0.0,185.0,20.9,104925.0,1.0,188.0,19.9,3.0,3.0,2.0,4875.0,5.0,2720.0,2007.0,0.0
132865,3.0,0.0,103808.0,1.0,188.0,29.3,103812.0,1.0,198.0,29.2,3.0,6.0,55.0,905.0,51.0,915.0,2010.0,0.0
44687,3.0,3.0,104597.0,1.0,183.0,21.0,103970.0,1.0,175.0,24.4,5.0,4.0,45.0,815.0,13.0,1675.0,2006.0,1.0
191070,3.0,0.0,126094.0,1.0,188.0,24.7,202195.0,1.0,198.0,25.2,3.0,5.0,8.0,3575.0,32.0,1252.0,2022.0,0.0
52456,3.0,4.0,105311.0,1.0,185.0,29.9,105449.0,1.0,188.0,29.2,3.0,7.0,41.0,1072.0,38.0,1160.0,2019.0,0.0
88795,2.0,0.0,105550.0,0.0,185.0,29.0,105676.0,1.0,180.0,28.5,3.0,6.0,24.0,1430.0,33.0,1255.0,2019.0,1.0
162463,3.0,0.0,104312.0,1.0,190.0,34.8,200282.0,1.0,183.0,19.8,3.0,2.0,37.0,1100.0,29.0,1253.0,2019.0,1.0
40014,3.0,0.0,103888.0,1.0,188.0,27.1,104229.0,1.0,180.0,25.5,3.0,6.0,21.0,2340.0,57.0,1244.0,2009.0,0.0
170215,1.0,0.0,104259.0,1.0,178.0,24.5,103970.0,1.0,175.0,26.1,3.0,8.0,35.0,905.0,5.0,2730.0,2008.0,0.0
182624,3.0,0.0,103786.0,1.0,178.0,28.3,104417.0,1.0,193.0,25.1,3.0,9.0,8.0,3535.0,11.0,3020.0,2009.0,0.0
161639,3.0,3.0,104053.0,1.0,188.0,24.9,103819.0,1.0,185.0,26.0,5.0,3.0,5.0,2990.0,1.0,7605.0,2007.0,1.0
59128,3.0,0.0,103498.0,1.0,193.0,24.0,102035.0,1.0,183.0,31.9,3.0,5.0,30.0,1035.0,37.0,953.0,2004.0,1.0
7068,3.0,0.0,104755.0,1.0,185.0,20.5,102845.0,1.0,190.0,30.3,3.0,9.0,18.0,1385.0,44.0,790.0,2007.0,1.0
68591,1.0,0.0,133430.0,0.0,185.0,22.0,134770.0,1.0,183.0,22.4,3.0,2.0,15.0,2675.0,21.0,2485.0,2021.0,1.0
173717,3.0,0.0,105227.0,1.0,198.0,33.0,111575.0,1.0,198.0,25.4,3.0,5.0,35.0,1515.0,30.0,1696.0,2021.0,0.0
23726,3.0,2.0,103990.0,1.0,180.0,24.5,103484.0,1.0,185.0,26.8,3.0,8.0,6.0,2275.0,8.0,2130.0,2006.0,0.0
182627,1.0,1.0,104925.0,1.0,188.0,21.7,103970.0,1.0,175.0,26.9,5.0,8.0,3.0,9420.0,12.0,3025.0,2009.0,1.0
139528,3.0,4.0,103163.0,1.0,188.0,35.3,103819.0,1.0,185.0,32.0,3.0,5.0,13.0,2140.0,5.0,5515.0,2013.0,1.0
189641,1.0,4.0,104918.0,1.0,190.0,27.9,105676.0,1.0,180.0,24.4,3.0,5.0,3.0,7130.0,20.0,1705.0,2015.0,1.0
164683,3.0,4.0,104919.0,1.0,188.0,28.8,105227.0,1.0,198.0,27.4,3.0,6.0,46.0,965.0,12.0,2555.0,2016.0,1.0
166289,0.0,4.0,102610.0,1.0,180.0,28.3,103151.0,1.0,183.0,25.6,3.0,7.0,23.0,1205.0,26.0,1133.0,2003.0,0.0
189086,1.0,4.0,104607.0,1.0,196.0,29.5,105683.0,1.0,196.0,24.2,3.0,3.0,8.0,4510.0,6.0,5070.0,2015.0,0.0
178429,1.0,0.0,104797.0,1.0,188.0,25.7,103786.0,1.0,178.0,30.9,3.0,5.0,42.0,972.0,53.0,850.0,2012.0,1.0
25478,3.0,2.0,105227.0,1.0,198.0,28.1,104527.0,1.0,183.0,31.6,3.0,8.0,7.0,3450.0,3.0,5115.0,2016.0,1.0
94554,2.0,0.0,105023.0,1.0,198.0,29.7,106421.0,1.0,198.0,21.3,3.0,6.0,28.0,1495.0,52.0,864.0,2017.0,1.0
76595,3.0,4.0,103808.0,1.0,188.0,26.2,104468.0,1.0,183.0,22.8,3.0,7.0,30.0,937.0,33.0,925.0,2007.0,1.0
15989,3.0,0.0,105173.0,0.0,183.0,31.2,126774.0,1.0,193.0,21.1,3.0,5.0,61.0,971.0,7.0,3420.0,2019.0,0.0
136974,3.0,4.0,103970.0,1.0,175.0,31.9,105453.0,1.0,178.0,24.2,3.0,5.0,4.0,5150.0,21.0,1715.0,2014.0,1.0
163190,3.0,4.0,104547.0,0.0,188.0,24.9,104607.0,1.0,196.0,24.5,3.0,6.0,58.0,756.0,20.0,1760.0,2010.0,1.0
123372,3.0,4.0,104871.0,1.0,188.0,25.7,105683.0,1.0,196.0,21.8,3.0,6.0,34.0,1131.0,14.0,2300.0,2012.0,1.0
165129,3.0,0.0,106210.0,0.0,198.0,23.2,104607.0,1.0,196.0,31.0,3.0,3.0,52.0,863.0,9.0,3470.0,2016.0,1.0
47122,3.0,4.0,103454.0,1.0,183.0,24.0,102856.0,1.0,190.0,27.0,3.0,6.0,21.0,1192.0,20.0,1225.0,2003.0,0.0
99266,3.0,4.0,104542.0,1.0,188.0,30.8,106233.0,1.0,185.0,22.5,3.0,5.0,9.0,2950.0,13.0,2430.0,2016.0,0.0
205003,3.0,1.0,104586.0,1.0,196.0,30.6,100644.0,1.0,198.0,18.8,3.0,8.0,50.0,897.0,58.0,821.0,2016.0,0.0
104122,3.0,0.0,104273.0,1.0,188.0,30.2,104542.0,1.0,188.0,28.8,3.0,3.0,36.0,1108.0,10.0,2885.0,2014.0,1.0
132068,2.0,3.0,103819.0,1.0,185.0,22.8,103720.0,1.0,180.0,23.3,5.0,3.0,1.0,5610.0,10.0,1745.0,2004.0,0.0
14869,1.0,0.0,144684.0,0.0,178.0,24.6,207989.0,1.0,185.0,19.2,3.0,9.0,48.0,956.0,6.0,4845.0,2022.0,1.0
92204,3.0,1.0,200282.0,1.0,183.0,23.7,105227.0,1.0,198.0,34.1,3.0,8.0,24.0,1790.0,17.0,2105.0,2022.0,0.0
58934,3.0,4.0,105227.0,1.0,198.0,27.8,104678.0,1.0,193.0,30.5,3.0,7.0,14.0,2605.0,35.0,1270.0,2016.0,0.0
125279,3.0,0.0,105526.0,1.0,193.0,24.3,105676.0,1.0,180.0,23.7,3.0,9.0,61.0,773.0,45.0,923.0,2014.0,1.0
77487,1.0,0.0,200005.0,0.0,188.0,20.8,111815.0,0.0,188.0,23.7,3.0,6.0,61.0,823.0,41.0,1055.0,2019.0,0.0
204809,3.0,0.0,104468.0,1.0,183.0,26.1,104755.0,1.0,185.0,24.6,3.0,3.0,33.0,1255.0,28.0,1360.0,2011.0,1.0
165138,3.0,2.0,126094.0,1.0,188.0,24.0,134770.0,1.0,183.0,22.8,3.0,8.0,5.0,4950.0,8.0,3760.0,2021.0,1.0
152656,3.0,1.0,106421.0,1.0,198.0,25.7,105807.0,1.0,188.0,30.3,3.0,8.0,2.0,8640.0,20.0,2230.0,2021.0,0.0
124254,1.0,0.0,102783.0,1.0,180.0,28.0,102562.0,1.0,190.0,29.1,3.0,8.0,7.0,2370.0,14.0,1425.0,2004.0,0.0
153866,1.0,3.0,103602.0,1.0,183.0,27.8,103819.0,1.0,185.0,26.7,5.0,3.0,25.0,1160.0,1.0,6675.0,2008.0,1.0
51472,3.0,0.0,104542.0,1.0,188.0,23.7,103813.0,0.0,185.0,27.4,3.0,5.0,7.0,3950.0,41.0,1600.0,2009.0,0.0
119649,3.0,3.0,104542.0,1.0,188.0,30.3,105227.0,1.0,198.0,26.9,5.0,3.0,18.0,1675.0,9.0,3550.0,2015.0,1.0
160753,3.0,0.0,104269.0,0.0,188.0,35.2,105051.0,1.0,188.0,31.2,3.0,6.0,26.0,1455.0,45.0,1001.0,2019.0,0.0
188077,3.0,0.0,102257.0,0.0,193.0,32.4,102148.0,1.0,178.0,33.1,3.0,5.0,45.0,800.0,41.0,825.0,2006.0,1.0
177076,3.0,4.0,104338.0,1.0,185.0,24.9,102967.0,1.0,188.0,31.9,3.0,4.0,59.0,1165.0,53.0,1233.0,2009.0,0.0
45736,3.0,0.0,103103.0,1.0,183.0,27.5,103971.0,1.0,180.0,23.3,3.0,6.0,26.0,1181.0,43.0,807.0,2005.0,0.0
131733,3.0,3.0,104180.0,0.0,193.0,34.6,105807.0,1.0,188.0,26.5,5.0,6.0,28.0,1490.0,11.0,2615.0,2018.0,1.0
72966,3.0,4.0,104527.0,1.0,183.0,24.5,103285.0,1.0,185.0,30.8,3.0,5.0,22.0,1650.0,16.0,2055.0,2009.0,1.0
92224,2.0,3.0,103344.0,1.0,193.0,24.2,103758.0,1.0,188.0,22.1,5.0,4.0,39.0,915.0,37.0,920.0,2003.0,0.0
167736,3.0,4.0,105173.0,0.0,183.0,30.3,105453.0,1.0,178.0,28.8,3.0,6.0,46.0,1045.0,11.0,3210.0,2018.0,1.0
146097,3.0,4.0,104542.0,1.0,188.0,23.5,104053.0,1.0,188.0,26.1,3.0,3.0,14.0,1485.0,7.0,2045.0,2008.0,0.0
99348,3.0,3.0,103970.0,1.0,175.0,25.4,104252.0,1.0,190.0,23.8,5.0,4.0,15.0,1565.0,51.0,656.0,2007.0,0.0
75126,3.0,0.0,104871.0,1.0,188.0,25.6,104527.0,1.0,183.0,27.5,3.0,5.0,31.0,1210.0,16.0,1865.0,2012.0,1.0
78125,3.0,4.0,104607.0,1.0,196.0,29.5,104338.0,1.0,185.0,30.9,3.0,3.0,9.0,4510.0,46.0,940.0,2015.0,0.0
199057,3.0,3.0,103819.0,1.0,185.0,22.0,103900.0,1.0,180.0,21.6,5.0,5.0,2.0,3825.0,13.0,1700.0,2003.0,1.0
196690,3.0,0.0,105032.0,1.0,193.0,27.7,105064.0,0.0,188.0,27.5,3.0,7.0,62.0,773.0,31.0,1145.0,2015.0,0.0
139384,3.0,4.0,105238.0,1.0,180.0,24.3,103786.0,1.0,178.0,31.7,3.0,7.0,22.0,1635.0,41.0,950.0,2013.0,0.0
73659,1.0,4.0,104871.0,1.0,188.0,32.2,106043.0,1.0,170.0,26.7,3.0,6.0,47.0,970.0,25.0,1485.0,2019.0,0.0
151697,1.0,0.0,104259.0,1.0,178.0,27.7,103656.0,1.0,175.0,30.6,3.0,6.0,43.0,1080.0,49.0,960.0,2011.0,0.0
118881,3.0,0.0,105453.0,1.0,178.0,29.1,105916.0,1.0,188.0,27.0,3.0,3.0,7.0,4100.0,38.0,1080.0,2019.0,0.0
173548,1.0,4.0,103819.0,1.0,185.0,30.7,104925.0,1.0,188.0,24.9,3.0,9.0,2.0,9430.0,1.0,11200.0,2012.0,1.0
92505,1.0,0.0,105053.0,1.0,188.0,27.3,105311.0,1.0,185.0,26.0,3.0,6.0,31.0,1185.0,56.0,852.0,2015.0,0.0
108450,3.0,0.0,105449.0,1.0,188.0,25.6,106071.0,1.0,193.0,22.7,3.0,6.0,55.0,835.0,26.0,1400.0,2015.0,0.0
73084,1.0,0.0,105023.0,1.0,198.0,27.4,106058.0,1.0,185.0,22.5,3.0,2.0,42.0,1040.0,46.0,945.0,2015.0,1.0
148114,1.0,0.0,106058.0,1.0,185.0,22.5,105023.0,1.0,198.0,27.4,3.0,2.0,46.0,945.0,42.0,1040.0,2015.0,0.0
78963,1.0,0.0,104597.0,1.0,183.0,25.9,104468.0,1.0,183.0,26.5,3.0,2.0,14.0,1955.0,18.0,1745.0,2011.0,1.0
201556,3.0,1.0,104338.0,1.0,185.0,27.4,104386.0,1.0,180.0,27.2,5.0,8.0,27.0,1340.0,13.0,2010.0,2011.0,1.0
133382,3.0,4.0,103900.0,1.0,180.0,27.1,104678.0,1.0,193.0,23.0,3.0,6.0,14.0,2895.0,41.0,1490.0,2009.0,0.0
129604,2.0,0.0,102202.0,0.0,190.0,32.1,103852.0,0.0,188.0,23.7,3.0,6.0,53.0,710.0,32.0,1055.0,2005.0,1.0
72654,3.0,3.0,200005.0,0.0,188.0,22.1,126610.0,1.0,196.0,24.3,5.0,7.0,42.0,1111.0,8.0,2940.0,2020.0,1.0
100484,3.0,4.0,104755.0,1.0,185.0,20.3,104925.0,1.0,188.0,19.4,3.0,6.0,27.0,1045.0,17.0,1360.0,2006.0,1.0
185201,3.0,0.0,104545.0,1.0,206.0,27.8,104797.0,1.0,188.0,26.4,3.0,6.0,16.0,2125.0,63.0,770.0,2013.0,1.0
162194,3.0,0.0,104098.0,1.0,185.0,23.6,104053.0,1.0,188.0,23.8,3.0,3.0,33.0,980.0,10.0,1885.0,2006.0,0.0
101462,1.0,4.0,104745.0,0.0,185.0,31.9,106000.0,1.0,172.0,25.9,3.0,6.0,2.0,7950.0,31.0,1415.0,2018.0,0.0
12213,3.0,3.0,104259.0,1.0,178.0,33.2,104792.0,1.0,193.0,30.3,5.0,6.0,33.0,1325.0,6.0,3625.0,2017.0,1.0
61482,3.0,4.0,106233.0,1.0,185.0,25.4,105683.0,1.0,196.0,28.1,3.0,9.0,8.0,3800.0,14.0,2275.0,2019.0,0.0
23971,3.0,0.0,104252.0,1.0,190.0,33.3,104898.0,1.0,190.0,29.8,3.0,6.0,46.0,913.0,57.0,808.0,2017.0,1.0
61835,2.0,0.0,104918.0,1.0,190.0,19.0,104098.0,1.0,185.0,23.5,3.0,6.0,45.0,802.0,31.0,980.0,2006.0,0.0
156592,3.0,4.0,105223.0,1.0,198.0,18.4,104745.0,0.0,185.0,20.7,3.0,5.0,63.0,576.0,2.0,4755.0,2007.0,1.0
88664,3.0,0.0,104678.0,1.0,193.0,30.7,104731.0,1.0,203.0,30.4,3.0,6.0,28.0,1385.0,52.0,850.0,2016.0,0.0
59471,3.0,0.0,105077.0,0.0,188.0,34.7,106218.0,1.0,180.0,29.2,3.0,6.0,40.0,1085.0,62.0,806.0,2022.0,1.0
167395,1.0,3.0,102148.0,1.0,178.0,34.4,103428.0,1.0,190.0,27.7,5.0,4.0,55.0,621.0,21.0,1275.0,2007.0,1.0
64997,2.0,3.0,100644.0,1.0,198.0,20.2,126207.0,1.0,188.0,19.4,5.0,7.0,12.0,3070.0,64.0,756.0,2017.0,0.0
51160,3.0,3.0,104545.0,1.0,206.0,34.3,105227.0,1.0,198.0,30.9,5.0,6.0,14.0,2075.0,23.0,1590.0,2019.0,1.0
191804,3.0,0.0,103794.0,1.0,178.0,25.5,103835.0,1.0,183.0,25.3,3.0,6.0,58.0,686.0,43.0,809.0,2007.0,0.0
54585,1.0,4.0,104731.0,1.0,203.0,26.9,104607.0,1.0,196.0,27.6,3.0,5.0,27.0,1295.0,6.0,4760.0,2013.0,1.0
201784,3.0,4.0,103720.0,1.0,180.0,23.4,102450.0,1.0,185.0,29.9,3.0,5.0,10.0,1945.0,6.0,2340.0,2004.0,0.0
199654,1.0,4.0,126094.0,1.0,188.0,23.4,126774.0,1.0,193.0,22.6,3.0,2.0,8.0,5400.0,5.0,7040.0,2021.0,1.0
125389,1.0,4.0,104468.0,1.0,183.0,31.3,104918.0,1.0,190.0,28.9,3.0,5.0,18.0,1900.0,2.0,7925.0,2016.0,1.0
174562,2.0,0.0,104586.0,1.0,196.0,29.8,104571.0,1.0,183.0,29.9,3.0,6.0,38.0,1115.0,63.0,787.0,2015.0,1.0
9619,2.0,3.0,104620.0,1.0,183.0,22.7,103602.0,1.0,183.0,27.9,5.0,7.0,46.0,763.0,14.0,1405.0,2008.0,0.0
124319,3.0,0.0,105807.0,1.0,188.0,30.4,105936.0,1.0,185.0,29.8,3.0,8.0,20.0,2230.0,42.0,1402.0,2022.0,0.0
62661,3.0,0.0,106210.0,0.0,198.0,22.5,105138.0,1.0,183.0,27.8,3.0,5.0,51.0,840.0,17.0,1935.0,2016.0,1.0
40852,3.0,0.0,103909.0,1.0,175.0,23.6,104022.0,1.0,183.0,23.2,3.0,3.0,8.0,2015.0,24.0,1220.0,2005.0,0.0
62476,3.0,3.0,103970.0,1.0,175.0,28.4,105238.0,1.0,180.0,21.8,5.0,4.0,12.0,3065.0,45.0,997.0,2010.0,0.0
134868,0.0,4.0,103898.0,1.0,185.0,24.8,102148.0,1.0,178.0,33.8,3.0,7.0,42.0,837.0,50.0,755.0,2006.0,0.0
51139,1.0,0.0,104259.0,1.0,178.0,34.5,104999.0,0.0,190.0,30.6,3.0,5.0,34.0,1320.0,54.0,977.0,2018.0,0.0
127171,3.0,4.0,104053.0,1.0,188.0,23.5,104269.0,0.0,188.0,22.3,3.0,6.0,4.0,2535.0,32.0,930.0,2006.0,0.0
84821,1.0,0.0,105138.0,1.0,183.0,29.2,104926.0,1.0,178.0,30.1,3.0,9.0,18.0,2245.0,31.0,1270.0,2017.0,1.0
49197,3.0,0.0,105138.0,1.0,183.0,32.4,128034.0,1.0,196.0,23.6,3.0,3.0,13.0,2665.0,31.0,1468.0,2020.0,0.0
109747,3.0,0.0,104678.0,1.0,193.0,24.9,104755.0,1.0,185.0,24.5,3.0,3.0,30.0,1385.0,29.0,1385.0,2011.0,0.0
2339,3.0,4.0,104925.0,1.0,188.0,29.4,105227.0,1.0,198.0,28.0,3.0,3.0,1.0,12900.0,10.0,3100.0,2016.0,1.0
39628,2.0,0.0,103819.0,1.0,185.0,30.9,105223.0,1.0,198.0,23.8,3.0,9.0,1.0,11075.0,9.0,3180.0,2012.0,0.0
136436,1.0,0.0,105992.0,1.0,183.0,26.0,126207.0,1.0,188.0,20.3,3.0,6.0,56.0,920.0,61.0,883.0,2018.0,1.0
153004,2.0,3.0,105223.0,1.0,198.0,24.7,104813.0,1.0,183.0,26.7,5.0,6.0,8.0,3960.0,55.0,816.0,2013.0,0.0
62677,1.0,0.0,102610.0,1.0,180.0,29.0,104214.0,1.0,185.0,20.9,3.0,5.0,55.0,695.0,62.0,639.0,2004.0,1.0
47436,3.0,0.0,105550.0,0.0,185.0,26.4,104755.0,1.0,185.0,30.3,3.0,6.0,59.0,816.0,16.0,2110.0,2016.0,0.0
55594,1.0,1.0,105223.0,1.0,198.0,23.9,103285.0,1.0,185.0,33.7,5.0,8.0,8.0,3890.0,40.0,985.0,2012.0,0.0
147188,3.0,3.0,104607.0,1.0,196.0,24.9,103566.0,0.0,190.0,30.2,5.0,4.0,7.0,3860.0,35.0,1185.0,2010.0,1.0
166296,1.0,4.0,106233.0,1.0,185.0,23.6,104655.0,1.0,180.0,31.3,3.0,6.0,7.0,4035.0,23.0,1840.0,2017.0,0.0
181415,3.0,4.0,104918.0,1.0,190.0,22.8,104312.0,1.0,190.0,26.0,3.0,7.0,4.0,7255.0,46.0,900.0,2010.0,0.0
19581,1.0,3.0,105453.0,1.0,178.0,30.7,105554.0,1.0,175.0,30.3,5.0,4.0,35.0,1345.0,34.0,1384.0,2020.0,0.0
98572,3.0,0.0,103206.0,1.0,175.0,27.7,104022.0,1.0,183.0,23.6,3.0,5.0,23.0,1295.0,47.0,765.0,2006.0,0.0
113010,1.0,0.0,103103.0,1.0,183.0,25.5,102845.0,1.0,190.0,26.8,3.0,6.0,62.0,635.0,4.0,3160.0,2003.0,1.0
91535,3.0,0.0,134868.0,1.0,188.0,26.2,106234.0,1.0,185.0,29.0,3.0,6.0,54.0,888.0,39.0,1085.0,2022.0,1.0
183115,1.0,4.0,103813.0,0.0,185.0,21.8,102905.0,0.0,175.0,26.3,3.0,7.0,35.0,975.0,60.0,695.0,2003.0,0.0
124149,3.0,4.0,104925.0,1.0,188.0,19.2,103722.0,1.0,180.0,25.4,3.0,6.0,24.0,1168.0,52.0,755.0,2006.0,1.0
27317,3.0,4.0,104229.0,1.0,180.0,31.2,103898.0,1.0,185.0,32.8,3.0,7.0,39.0,1003.0,28.0,1330.0,2014.0,1.0
9756,1.0,0.0,104214.0,1.0,185.0,24.5,104076.0,1.0,190.0,25.3,3.0,3.0,32.0,945.0,51.0,621.0,2008.0,1.0
29863,3.0,4.0,105449.0,1.0,188.0,26.8,105550.0,0.0,185.0,26.4,3.0,7.0,33.0,1295.0,57.0,828.0,2016.0,0.0
25180,3.0,0.0,103970.0,1.0,175.0,33.4,103852.0,0.0,188.0,34.0,3.0,2.0,8.0,3695.0,17.0,1935.0,2015.0,0.0
78005,1.0,0.0,104597.0,1.0,183.0,21.8,103970.0,1.0,175.0,25.2,3.0,2.0,37.0,810.0,15.0,1610.0,2007.0,1.0
130668,3.0,0.0,104755.0,1.0,185.0,28.6,105668.0,1.0,203.0,24.2,3.0,2.0,28.0,1350.0,44.0,925.0,2015.0,0.0
87033,1.0,3.0,105053.0,1.0,188.0,23.4,104665.0,1.0,180.0,25.3,5.0,4.0,63.0,790.0,48.0,985.0,2011.0,1.0
69700,1.0,4.0,104468.0,1.0,183.0,27.3,104542.0,1.0,188.0,26.9,3.0,3.0,15.0,1980.0,5.0,4795.0,2012.0,0.0
135717,3.0,0.0,103819.0,1.0,185.0,24.4,102148.0,1.0,178.0,33.0,3.0,5.0,1.0,6725.0,58.0,615.0,2006.0,0.0
102801,2.0,0.0,105223.0,1.0,198.0,30.7,133430.0,0.0,185.0,20.1,3.0,6.0,12.0,2695.0,25.0,1390.0,2019.0,0.0
205084,3.0,4.0,102563.0,1.0,180.0,31.3,104571.0,1.0,183.0,21.1,3.0,7.0,38.0,925.0,10.0,1852.0,2006.0,1.0
202831,0.0,2.0,103786.0,1.0,178.0,24.4,101736.0,1.0,180.0,35.5,3.0,8.0,7.0,2090.0,5.0,2275.0,2005.0,0.0
49950,3.0,4.0,104918.0,1.0,190.0,25.4,103285.0,1.0,185.0,33.8,3.0,3.0,3.0,8090.0,41.0,935.0,2012.0,0.0
59868,1.0,1.0,105227.0,1.0,198.0,23.5,103900.0,1.0,180.0,30.2,5.0,8.0,23.0,1435.0,50.0,905.0,2012.0,0.0
147029,3.0,0.0,111577.0,1.0,188.0,21.8,126774.0,1.0,193.0,19.9,3.0,6.0,62.0,900.0,32.0,1399.0,2018.0,1.0
93100,2.0,3.0,104925.0,1.0,188.0,31.1,105815.0,1.0,188.0,26.9,5.0,4.0,21.0,1715.0,57.0,923.0,2018.0,0.0
149120,3.0,4.0,104898.0,1.0,190.0,31.3,105807.0,1.0,188.0,27.0,3.0,5.0,55.0,930.0,13.0,2290.0,2018.0,1.0
151153,3.0,0.0,104745.0,0.0,185.0,22.6,104542.0,1.0,188.0,23.8,3.0,3.0,1.0,14260.0,13.0,3160.0,2009.0,0.0
80677,0.0,0.0,102839.0,1.0,188.0,27.1,103344.0,1.0,193.0,24.5,3.0,3.0,61.0,615.0,47.0,795.0,2003.0,1.0
102122,3.0,3.0,102358.0,1.0,190.0,30.4,103498.0,1.0,193.0,24.5,5.0,4.0,59.0,690.0,14.0,1585.0,2004.0,0.0
109458,2.0,0.0,103110.0,1.0,180.0,28.4,103018.0,1.0,196.0,28.9,3.0,6.0,54.0,699.0,46.0,800.0,2006.0,1.0
122209,1.0,0.0,103507.0,1.0,183.0,32.0,105453.0,1.0,178.0,22.1,3.0,6.0,47.0,960.0,17.0,1710.0,2012.0,1.0
36254,1.0,4.0,104022.0,1.0,183.0,25.8,104214.0,1.0,185.0,24.7,3.0,6.0,11.0,1600.0,32.0,1055.0,2008.0,1.0
50139,1.0,4.0,103917.0,1.0,190.0,26.2,103990.0,1.0,180.0,26.0,3.0,6.0,44.0,761.0,16.0,1400.0,2008.0,1.0
113262,2.0,3.0,103888.0,1.0,188.0,25.5,104745.0,0.0,185.0,21.0,5.0,4.0,38.0,840.0,2.0,5225.0,2007.0,1.0
182022,3.0,4.0,104076.0,1.0,190.0,25.7,103333.0,1.0,208.0,29.4,3.0,6.0,48.0,833.0,22.0,1110.0,2008.0,1.0
36363,3.0,3.0,106298.0,1.0,185.0,24.8,105062.0,1.0,183.0,31.0,5.0,4.0,31.0,1245.0,56.0,890.0,2019.0,0.0
175280,3.0,4.0,105227.0,1.0,198.0,25.4,104925.0,1.0,188.0,26.7,3.0,5.0,26.0,1455.0,2.0,10260.0,2014.0,1.0
176966,3.0,4.0,207989.0,1.0,185.0,19.4,105777.0,1.0,188.0,31.4,3.0,5.0,1.0,6730.0,28.0,1460.0,2022.0,0.0
181414,3.0,4.0,103908.0,1.0,185.0,25.1,103781.0,0.0,183.0,25.8,3.0,7.0,61.0,585.0,29.0,1050.0,2007.0,0.0
84651,3.0,4.0,126207.0,1.0,188.0,20.5,105777.0,1.0,188.0,27.2,3.0,5.0,41.0,1065.0,5.0,4610.0,2018.0,1.0
199316,3.0,4.0,104338.0,1.0,185.0,29.9,104098.0,1.0,185.0,31.2,3.0,7.0,43.0,1000.0,30.0,1212.0,2014.0,1.0
33617,1.0,0.0,105449.0,1.0,188.0,25.2,105023.0,1.0,198.0,27.4,3.0,5.0,52.0,880.0,42.0,1040.0,2015.0,1.0
11215,3.0,0.0,103970.0,1.0,175.0,23.5,103252.0,1.0,175.0,27.1,3.0,6.0,16.0,1380.0,58.0,656.0,2005.0,1.0
23216,3.0,0.0,104999.0,0.0,190.0,30.4,104607.0,1.0,196.0,32.4,3.0,6.0,53.0,952.0,17.0,2320.0,2018.0,1.0
62042,1.0,1.0,104607.0,1.0,196.0,20.0,103017.0,1.0,183.0,28.2,5.0,8.0,37.0,890.0,36.0,900.0,2005.0,0.0
162805,3.0,3.0,103990.0,1.0,180.0,31.7,103898.0,1.0,185.0,32.0,5.0,7.0,18.0,1810.0,38.0,1090.0,2014.0,0.0
166655,3.0,4.0,101962.0,1.0,193.0,31.9,102434.0,1.0,183.0,29.0,3.0,7.0,22.0,1225.0,31.0,1045.0,2003.0,0.0
165080,3.0,4.0,207733.0,0.0,191.0,20.8,126207.0,1.0,188.0,24.7,3.0,6.0,45.0,981.0,21.0,1920.0,2022.0,1.0
38583,3.0,4.0,103656.0,1.0,175.0,26.9,102148.0,1.0,178.0,34.8,3.0,7.0,44.0,690.0,39.0,731.0,2007.0,1.0
194634,3.0,3.0,105453.0,1.0,178.0,26.6,104527.0,1.0,183.0,31.4,5.0,9.0,7.0,4165.0,3.0,4980.0,2016.0,1.0
10597,3.0,4.0,106298.0,1.0,185.0,22.6,103852.0,0.0,188.0,35.1,3.0,6.0,17.0,2106.0,30.0,1375.0,2016.0,0.0
190679,2.0,0.0,104755.0,1.0,185.0,18.9,103018.0,1.0,196.0,27.9,3.0,2.0,27.0,1170.0,40.0,880.0,2005.0,0.0
12513,1.0,0.0,103813.0,0.0,185.0,31.8,104338.0,1.0,185.0,29.1,3.0,2.0,42.0,945.0,19.0,1750.0,2013.0,1.0
155013,3.0,4.0,102845.0,1.0,190.0,29.9,103970.0,1.0,175.0,24.3,3.0,7.0,42.0,855.0,16.0,1655.0,2006.0,1.0
139554,1.0,0.0,104338.0,1.0,185.0,23.3,103990.0,1.0,180.0,25.2,3.0,3.0,32.0,895.0,7.0,2085.0,2007.0,0.0
157183,3.0,0.0,104022.0,1.0,183.0,32.3,105064.0,0.0,188.0,26.8,3.0,6.0,27.0,1350.0,58.0,794.0,2014.0,1.0
66855,2.0,0.0,104053.0,1.0,188.0,25.7,103888.0,1.0,188.0,26.4,3.0,5.0,6.0,2405.0,36.0,900.0,2008.0,0.0
77452,3.0,3.0,103285.0,1.0,185.0,31.1,103333.0,1.0,208.0,30.8,5.0,4.0,13.0,2525.0,39.0,1015.0,2010.0,1.0
145532,3.0,4.0,104925.0,1.0,188.0,20.2,104053.0,1.0,188.0,24.9,3.0,3.0,4.0,3200.0,3.0,3290.0,2007.0,0.0
185461,3.0,2.0,104918.0,1.0,190.0,22.5,104269.0,0.0,188.0,26.0,3.0,8.0,4.0,6630.0,8.0,3300.0,2009.0,0.0
164973,3.0,3.0,104122.0,1.0,183.0,30.9,104273.0,1.0,188.0,30.1,5.0,4.0,41.0,1020.0,40.0,1038.0,2014.0,1.0
109609,1.0,3.0,122298.0,1.0,188.0,26.6,104745.0,0.0,185.0,35.9,5.0,6.0,29.0,1344.0,5.0,5525.0,2022.0,1.0
35949,3.0,0.0,126094.0,1.0,188.0,22.2,200000.0,1.0,193.0,19.4,3.0,9.0,18.0,1799.0,22.0,1656.0,2020.0,0.0
19960,3.0,0.0,104053.0,1.0,188.0,26.9,105223.0,1.0,198.0,20.8,3.0,2.0,5.0,5470.0,6.0,5005.0,2009.0,1.0
197503,1.0,3.0,106058.0,1.0,185.0,24.6,106210.0,0.0,198.0,23.8,5.0,4.0,15.0,2415.0,57.0,840.0,2017.0,1.0
164517,3.0,0.0,105453.0,1.0,178.0,22.0,104571.0,1.0,183.0,26.5,3.0,5.0,25.0,1430.0,44.0,940.0,2012.0,1.0
77948,3.0,0.0,106000.0,1.0,172.0,25.3,105777.0,1.0,188.0,26.3,3.0,6.0,36.0,1191.0,8.0,3575.0,2017.0,1.0
181821,3.0,0.0,103598.0,1.0,185.0,25.4,103722.0,1.0,180.0,24.8,3.0,2.0,47.0,731.0,49.0,712.0,2006.0,1.0
48859,3.0,4.0,105807.0,1.0,188.0,28.0,104468.0,1.0,183.0,34.6,3.0,7.0,53.0,962.0,35.0,1275.0,2019.0,0.0
102908,2.0,0.0,105676.0,1.0,180.0,25.5,106432.0,1.0,188.0,19.5,3.0,6.0,11.0,2735.0,49.0,935.0,2016.0,0.0
190275,3.0,3.0,104918.0,1.0,190.0,19.6,104745.0,0.0,185.0,20.6,5.0,5.0,16.0,1505.0,2.0,4525.0,2007.0,1.0
95378,1.0,4.0,104926.0,1.0,178.0,33.9,126610.0,1.0,196.0,25.0,3.0,6.0,28.0,2048.0,10.0,3493.0,2021.0,1.0
45173,1.0,0.0,103169.0,1.0,180.0,31.1,104676.0,0.0,190.0,23.2,3.0,5.0,64.0,1014.0,61.0,1032.0,2009.0,0.0
72511,1.0,4.0,103285.0,1.0,185.0,27.4,103819.0,1.0,185.0,24.7,3.0,5.0,18.0,1420.0,1.0,7160.0,2006.0,1.0
122540,3.0,0.0,103852.0,0.0,188.0,23.0,102563.0,1.0,180.0,29.5,3.0,6.0,29.0,1030.0,48.0,753.0,2004.0,1.0
151098,1.0,4.0,103602.0,1.0,183.0,22.7,103096.0,1.0,173.0,25.3,3.0,7.0,23.0,1291.0,40.0,880.0,2003.0,1.0
42442,3.0,0.0,100644.0,1.0,198.0,24.5,200282.0,1.0,183.0,22.6,3.0,5.0,4.0,6680.0,32.0,1641.0,2021.0,0.0
32880,1.0,4.0,102148.0,1.0,178.0,35.4,104312.0,1.0,190.0,24.2,3.0,7.0,50.0,706.0,46.0,743.0,2008.0,1.0
29817,3.0,3.0,106401.0,1.0,193.0,23.7,105683.0,1.0,196.0,28.0,5.0,4.0,52.0,920.0,17.0,1900.0,2019.0,1.0
165175,3.0,0.0,106415.0,0.0,170.0,27.0,200175.0,1.0,183.0,23.0,3.0,6.0,41.0,1077.0,33.0,1256.0,2022.0,1.0
12279,1.0,4.0,104926.0,1.0,178.0,30.9,106233.0,1.0,185.0,24.6,3.0,6.0,21.0,1805.0,8.0,3545.0,2018.0,0.0
165435,1.0,4.0,103017.0,1.0,183.0,30.7,104259.0,1.0,178.0,24.5,3.0,6.0,44.0,745.0,31.0,1060.0,2008.0,1.0
197189,3.0,3.0,104925.0,1.0,188.0,27.2,105023.0,1.0,198.0,26.8,5.0,6.0,1.0,12770.0,57.0,820.0,2014.0,0.0
95979,3.0,2.0,104918.0,1.0,190.0,29.5,105227.0,1.0,198.0,28.1,3.0,8.0,1.0,11185.0,7.0,3450.0,2016.0,0.0
1291,3.0,4.0,103898.0,1.0,185.0,27.2,104259.0,1.0,178.0,25.3,3.0,4.0,44.0,1422.0,36.0,1550.0,2009.0,1.0
119163,1.0,0.0,106071.0,1.0,193.0,23.2,103893.0,1.0,183.0,34.1,3.0,3.0,20.0,1720.0,59.0,786.0,2016.0,1.0
36188,3.0,4.0,103017.0,1.0,183.0,28.0,103758.0,1.0,188.0,24.2,3.0,6.0,39.0,845.0,21.0,1345.0,2005.0,0.0
112344,3.0,4.0,103898.0,1.0,185.0,32.6,105683.0,1.0,196.0,23.6,3.0,5.0,47.0,935.0,6.0,4375.0,2014.0,1.0
188666,2.0,0.0,104607.0,1.0,196.0,30.7,104571.0,1.0,183.0,30.9,3.0,6.0,8.0,3030.0,42.0,1040.0,2016.0,1.0
144683,3.0,4.0,103819.0,1.0,185.0,28.0,103970.0,1.0,175.0,27.3,3.0,5.0,1.0,11040.0,19.0,1890.0,2009.0,0.0
15006,3.0,0.0,105227.0,1.0,198.0,31.2,105550.0,0.0,185.0,29.6,3.0,8.0,38.0,1165.0,25.0,1530.0,2020.0,1.0
196684,1.0,0.0,126610.0,1.0,196.0,25.8,207989.0,1.0,185.0,18.7,3.0,3.0,6.0,5018.0,29.0,1673.0,2022.0,1.0
52355,3.0,4.0,100644.0,1.0,198.0,22.4,106421.0,1.0,198.0,23.6,3.0,2.0,6.0,4185.0,4.0,4965.0,2019.0,1.0
97132,1.0,4.0,103786.0,1.0,178.0,29.9,104678.0,1.0,193.0,25.2,3.0,7.0,30.0,1275.0,15.0,1780.0,2011.0,1.0
109337,3.0,1.0,103781.0,0.0,183.0,27.7,103017.0,1.0,183.0,31.6,5.0,8.0,32.0,1722.0,33.0,1710.0,2009.0,1.0
163680,3.0,4.0,104607.0,1.0,196.0,31.5,104180.0,0.0,193.0,33.8,3.0,6.0,14.0,2790.0,29.0,1390.0,2017.0,0.0
92056,3.0,4.0,104527.0,1.0,183.0,30.9,105676.0,1.0,180.0,25.2,3.0,5.0,4.0,6325.0,18.0,1930.0,2016.0,1.0
12031,1.0,0.0,104527.0,1.0,183.0,31.1,105807.0,1.0,188.0,24.8,3.0,3.0,4.0,6110.0,43.0,995.0,2016.0,0.0
131574,1.0,0.0,103786.0,1.0,178.0,23.3,103970.0,1.0,175.0,22.4,3.0,3.0,43.0,779.0,51.0,739.0,2004.0,1.0
110352,1.0,4.0,105683.0,1.0,196.0,24.2,103990.0,1.0,180.0,32.9,3.0,5.0,6.0,5070.0,20.0,1720.0,2015.0,0.0
19398,1.0,4.0,104918.0,1.0,190.0,25.9,104527.0,1.0,183.0,28.0,3.0,5.0,2.0,8750.0,17.0,2005.0,2013.0,1.0
104899,1.0,4.0,103786.0,1.0,178.0,26.9,103017.0,1.0,183.0,30.8,3.0,5.0,4.0,3290.0,41.0,785.0,2008.0,1.0
114775,3.0,4.0,104180.0,0.0,193.0,31.8,106058.0,1.0,185.0,22.4,3.0,7.0,36.0,1146.0,58.0,851.0,2015.0,1.0
11794,3.0,0.0,104978.0,1.0,196.0,26.2,104542.0,1.0,188.0,28.4,3.0,5.0,57.0,838.0,8.0,3295.0,2013.0,1.0
46517,3.0,0.0,105311.0,1.0,185.0,27.7,104898.0,1.0,190.0,29.7,3.0,3.0,44.0,1030.0,58.0,795.0,2017.0,0.0
49776,1.0,0.0,103813.0,0.0,185.0,29.9,105053.0,1.0,188.0,23.6,3.0,7.0,55.0,901.0,62.0,790.0,2011.0,0.0
144879,3.0,4.0,128034.0,1.0,196.0,22.4,126774.0,1.0,193.0,20.9,3.0,6.0,48.0,1023.0,5.0,4045.0,2019.0,0.0
198034,2.0,0.0,105777.0,1.0,188.0,23.0,105238.0,1.0,180.0,25.5,3.0,3.0,13.0,2435.0,19.0,1680.0,2014.0,0.0
87498,2.0,0.0,106432.0,1.0,188.0,21.5,105138.0,1.0,183.0,30.1,3.0,9.0,34.0,1245.0,16.0,2030.0,2018.0,0.0
8381,2.0,0.0,102562.0,1.0,190.0,29.2,103819.0,1.0,185.0,22.8,3.0,9.0,19.0,1310.0,1.0,5610.0,2004.0,1.0
202899,1.0,0.0,103602.0,1.0,183.0,26.8,103428.0,1.0,190.0,27.7,3.0,8.0,5.0,2810.0,21.0,1275.0,2007.0,1.0
97549,2.0,3.0,104053.0,1.0,188.0,26.8,104607.0,1.0,196.0,23.7,5.0,5.0,6.0,4310.0,20.0,1910.0,2009.0,0.0
201394,3.0,4.0,105053.0,1.0,188.0,26.9,104022.0,1.0,183.0,32.3,3.0,7.0,31.0,1200.0,47.0,850.0,2014.0,0.0
102441,3.0,0.0,104898.0,1.0,190.0,25.8,105373.0,0.0,190.0,23.5,3.0,5.0,58.0,755.0,33.0,1165.0,2013.0,0.0
34596,3.0,4.0,104386.0,1.0,180.0,28.2,104678.0,1.0,193.0,26.6,3.0,6.0,9.0,3185.0,32.0,1210.0,2012.0,0.0
96629,3.0,0.0,100644.0,1.0,198.0,24.7,200000.0,1.0,193.0,21.4,3.0,8.0,3.0,7840.0,11.0,3308.0,2022.0,1.0
113585,3.0,4.0,104471.0,1.0,183.0,28.5,105223.0,1.0,198.0,24.8,3.0,6.0,35.0,1115.0,7.0,4660.0,2013.0,1.0
116692,3.0,3.0,104527.0,1.0,183.0,21.4,103990.0,1.0,180.0,24.3,5.0,6.0,46.0,803.0,5.0,2190.0,2006.0,1.0
82736,3.0,4.0,104655.0,1.0,180.0,31.8,105077.0,0.0,188.0,29.7,3.0,6.0,36.0,1280.0,24.0,1880.0,2017.0,0.0
157797,3.0,0.0,104745.0,0.0,185.0,30.1,105064.0,0.0,188.0,28.6,3.0,3.0,5.0,4940.0,54.0,880.0,2016.0,0.0
23543,3.0,0.0,103285.0,1.0,185.0,29.8,104098.0,1.0,185.0,25.7,3.0,9.0,29.0,1046.0,32.0,1008.0,2008.0,1.0
181000,3.0,4.0,104338.0,1.0,185.0,27.9,104053.0,1.0,188.0,29.5,3.0,5.0,21.0,1495.0,34.0,1165.0,2012.0,0.0
152263,1.0,0.0,103781.0,0.0,183.0,23.9,103294.0,1.0,170.0,26.4,3.0,9.0,47.0,810.0,48.0,801.0,2005.0,0.0
133989,3.0,0.0,104068.0,1.0,183.0,21.0,103758.0,1.0,188.0,22.4,3.0,5.0,31.0,1065.0,33.0,1045.0,2003.0,0.0
189959,3.0,4.0,104607.0,1.0,196.0,24.4,104269.0,0.0,188.0,26.3,3.0,6.0,25.0,1590.0,12.0,2860.0,2010.0,0.0
57438,3.0,4.0,106058.0,1.0,185.0,21.8,105683.0,1.0,196.0,23.6,3.0,6.0,60.0,807.0,6.0,4375.0,2014.0,1.0
87672,3.0,4.0,103206.0,1.0,175.0,28.1,103819.0,1.0,185.0,24.9,3.0,6.0,33.0,990.0,1.0,7260.0,2006.0,1.0
113115,3.0,0.0,104607.0,1.0,196.0,26.9,104545.0,1.0,206.0,27.3,3.0,2.0,7.0,4155.0,10.0,2880.0,2012.0,1.0
144020,3.0,0.0,103720.0,1.0,180.0,28.6,104022.0,1.0,183.0,27.2,3.0,9.0,26.0,1375.0,49.0,910.0,2009.0,1.0
138152,3.0,0.0,103786.0,1.0,178.0,29.4,104468.0,1.0,183.0,25.8,3.0,3.0,11.0,2955.0,52.0,915.0,2010.0,1.0
151405,3.0,3.0,104918.0,1.0,190.0,29.2,105453.0,1.0,178.0,26.6,5.0,3.0,2.0,9305.0,7.0,4165.0,2016.0,1.0
100318,3.0,1.0,106214.0,1.0,196.0,29.1,105173.0,0.0,183.0,34.2,3.0,8.0,52.0,875.0,47.0,956.0,2022.0,1.0
170870,3.0,0.0,105554.0,1.0,175.0,29.7,104926.0,1.0,178.0,32.7,3.0,6.0,37.0,1224.0,11.0,2400.0,2020.0,0.0
1192,2.0,0.0,104022.0,1.0,183.0,29.9,103285.0,1.0,185.0,33.5,3.0,3.0,31.0,1210.0,26.0,1340.0,2012.0,0.0
72642,1.0,3.0,104792.0,1.0,193.0,27.7,104198.0,1.0,188.0,30.9,5.0,5.0,28.0,1390.0,41.0,1063.0,2014.0,0.0
111245,1.0,4.0,103819.0,1.0,185.0,24.6,103970.0,1.0,175.0,24.0,3.0,3.0,1.0,6810.0,15.0,1485.0,2006.0,0.0
144357,3.0,4.0,207518.0,1.0,185.0,20.6,134770.0,1.0,183.0,23.8,3.0,5.0,23.0,1746.0,4.0,5510.0,2022.0,0.0
115373,2.0,0.0,104745.0,0.0,185.0,21.0,105223.0,1.0,198.0,18.7,3.0,6.0,2.0,5225.0,59.0,593.0,2007.0,0.0
39447,1.0,1.0,105227.0,1.0,198.0,24.3,104312.0,1.0,190.0,28.9,5.0,8.0,13.0,2300.0,18.0,1765.0,2013.0,0.0
197556,1.0,0.0,103852.0,0.0,188.0,32.5,104471.0,1.0,183.0,29.2,3.0,6.0,30.0,1225.0,37.0,1110.0,2014.0,1.0
174444,2.0,3.0,105227.0,1.0,198.0,28.7,104180.0,0.0,193.0,34.1,5.0,3.0,6.0,4235.0,26.0,1675.0,2017.0,0.0
111273,0.0,0.0,104745.0,0.0,185.0,17.3,103852.0,0.0,188.0,22.0,3.0,6.0,48.0,781.0,30.0,1075.0,2003.0,1.0
123249,3.0,4.0,103786.0,1.0,178.0,30.7,105064.0,0.0,188.0,24.1,3.0,6.0,43.0,1010.0,50.0,930.0,2012.0,1.0
58828,3.0,3.0,103206.0,1.0,175.0,25.6,104068.0,1.0,183.0,21.2,5.0,5.0,10.0,1630.0,33.0,1050.0,2004.0,0.0
98109,2.0,0.0,103852.0,0.0,188.0,28.7,103898.0,1.0,185.0,28.4,3.0,5.0,31.0,1385.0,38.0,1059.0,2010.0,0.0
166187,3.0,0.0,105916.0,1.0,188.0,29.6,105138.0,1.0,183.0,33.5,3.0,5.0,39.0,1459.0,20.0,2270.0,2021.0,0.0
59837,1.0,0.0,102856.0,1.0,190.0,27.4,103602.0,1.0,183.0,23.5,3.0,2.0,17.0,1410.0,36.0,995.0,2004.0,1.0
30492,3.0,0.0,104252.0,1.0,190.0,27.9,103344.0,1.0,193.0,32.5,3.0,5.0,22.0,1645.0,26.0,1375.0,2011.0,1.0
16789,3.0,0.0,105683.0,1.0,196.0,21.7,104386.0,1.0,180.0,28.2,3.0,3.0,15.0,2090.0,9.0,3185.0,2012.0,0.0
197280,2.0,0.0,104755.0,1.0,185.0,27.9,103852.0,0.0,188.0,32.7,3.0,2.0,14.0,2310.0,25.0,1455.0,2014.0,1.0
168559,3.0,3.0,104925.0,1.0,188.0,33.7,106421.0,1.0,198.0,24.9,5.0,2.0,1.0,12030.0,4.0,8715.0,2021.0,0.0
123807,3.0,4.0,104792.0,1.0,193.0,24.1,104755.0,1.0,185.0,24.3,3.0,6.0,14.0,2370.0,31.0,1305.0,2010.0,1.0
85794,1.0,4.0,200221.0,1.0,183.0,22.9,125802.0,1.0,193.0,28.2,3.0,7.0,29.0,1470.0,50.0,1007.0,2022.0,0.0
130829,1.0,3.0,105807.0,1.0,188.0,29.2,104925.0,1.0,188.0,33.3,5.0,3.0,18.0,2130.0,1.0,11260.0,2020.0,1.0
74908,1.0,0.0,103808.0,1.0,188.0,26.7,104745.0,0.0,185.0,21.9,3.0,6.0,45.0,760.0,2.0,5655.0,2008.0,1.0
161446,3.0,3.0,103781.0,0.0,183.0,27.2,103852.0,0.0,188.0,26.9,5.0,4.0,48.0,814.0,29.0,1020.0,2008.0,0.0
79523,3.0,0.0,104925.0,1.0,188.0,25.3,104542.0,1.0,188.0,27.4,3.0,2.0,2.0,10470.0,7.0,4520.0,2012.0,0.0
36714,3.0,0.0,106421.0,1.0,198.0,24.9,105453.0,1.0,178.0,31.0,3.0,8.0,4.0,8470.0,41.0,1345.0,2021.0,0.0
114958,1.0,3.0,111575.0,1.0,198.0,23.0,105223.0,1.0,198.0,30.6,5.0,5.0,11.0,2800.0,9.0,3235.0,2019.0,0.0
33430,3.0,2.0,103498.0,1.0,193.0,24.8,102450.0,1.0,185.0,30.1,3.0,8.0,4.0,2860.0,7.0,2365.0,2004.0,0.0
61211,3.0,0.0,105453.0,1.0,178.0,31.1,106432.0,1.0,188.0,24.2,3.0,3.0,45.0,1355.0,26.0,1890.0,2021.0,1.0
68503,3.0,0.0,104586.0,1.0,196.0,29.0,104665.0,1.0,180.0,28.5,3.0,5.0,33.0,1120.0,47.0,926.0,2014.0,0.0
92189,2.0,3.0,103852.0,0.0,188.0,21.7,103819.0,1.0,185.0,21.8,5.0,5.0,52.0,723.0,5.0,2580.0,2003.0,1.0
200193,3.0,0.0,104919.0,1.0,188.0,28.4,104559.0,1.0,188.0,30.4,3.0,6.0,34.0,1115.0,52.0,829.0,2015.0,1.0
179225,3.0,3.0,103333.0,1.0,208.0,25.5,102450.0,1.0,185.0,29.9,5.0,4.0,52.0,726.0,6.0,2380.0,2004.0,1.0
189070,1.0,3.0,105449.0,1.0,188.0,25.4,104660.0,1.0,193.0,29.3,5.0,7.0,56.0,850.0,54.0,894.0,2015.0,0.0
54946,3.0,0.0,103507.0,1.0,183.0,25.5,103900.0,1.0,180.0,23.6,3.0,3.0,23.0,1225.0,9.0,1915.0,2005.0,0.0
141713,1.0,4.0,104999.0,0.0,190.0,29.7,104607.0,1.0,196.0,31.6,3.0,7.0,32.0,1167.0,13.0,2690.0,2017.0,1.0
66233,3.0,3.0,105332.0,1.0,196.0,27.3,105583.0,1.0,180.0,26.1,5.0,4.0,34.0,1305.0,59.0,806.0,2016.0,0.0
40684,2.0,3.0,102854.0,1.0,193.0,27.7,104053.0,1.0,188.0,21.8,5.0,3.0,23.0,1190.0,2.0,4695.0,2004.0,1.0
29954,1.0,0.0,104180.0,0.0,193.0,31.9,105807.0,1.0,188.0,23.7,3.0,3.0,45.0,983.0,64.0,755.0,2015.0,1.0
62984,3.0,0.0,200282.0,1.0,183.0,20.4,126203.0,1.0,193.0,21.7,3.0,2.0,34.0,1285.0,32.0,1320.0,2019.0,0.0
103720,2.0,3.0,111815.0,0.0,188.0,23.8,105453.0,1.0,178.0,29.5,5.0,7.0,55.0,915.0,7.0,4040.0,2019.0,1.0
125522,3.0,4.0,104607.0,1.0,196.0,20.4,103720.0,1.0,180.0,25.0,3.0,6.0,25.0,1280.0,10.0,1890.0,2006.0,0.0
113076,1.0,4.0,105357.0,1.0,183.0,29.8,105449.0,1.0,188.0,29.3,3.0,7.0,48.0,965.0,59.0,875.0,2019.0,0.0
202009,1.0,4.0,104719.0,1.0,190.0,26.0,104745.0,0.0,185.0,25.9,3.0,5.0,26.0,1295.0,3.0,9105.0,2012.0,1.0
84085,3.0,4.0,133430.0,0.0,185.0,19.8,105449.0,1.0,188.0,29.1,3.0,7.0,25.0,1485.0,38.0,1170.0,2019.0,0.0
145039,2.0,3.0,102035.0,1.0,183.0,34.2,103819.0,1.0,185.0,24.8,5.0,9.0,59.0,638.0,1.0,7260.0,2006.0,1.0
177661,3.0,4.0,104417.0,1.0,193.0,25.1,103812.0,1.0,198.0,28.2,3.0,7.0,11.0,3125.0,27.0,1286.0,2009.0,0.0
80551,3.0,3.0,106043.0,1.0,170.0,25.0,105227.0,1.0,198.0,28.9,5.0,6.0,33.0,1280.0,7.0,4155.0,2017.0,0.0
126914,3.0,0.0,105332.0,1.0,196.0,23.6,105227.0,1.0,198.0,24.2,3.0,3.0,47.0,867.0,15.0,2210.0,2012.0,0.0
9858,3.0,0.0,103852.0,0.0,188.0,23.2,103835.0,1.0,183.0,23.3,3.0,6.0,25.0,1185.0,43.0,880.0,2005.0,0.0
186600,3.0,1.0,104542.0,1.0,188.0,31.2,106210.0,0.0,198.0,23.0,5.0,8.0,10.0,2995.0,50.0,915.0,2016.0,0.0
24829,2.0,3.0,104607.0,1.0,196.0,27.7,104925.0,1.0,188.0,26.0,5.0,3.0,6.0,4515.0,1.0,11830.0,2013.0,1.0
15505,3.0,0.0,126094.0,1.0,188.0,22.9,133430.0,0.0,185.0,21.4,3.0,9.0,10.0,2974.0,12.0,2695.0,2020.0,0.0
93970,1.0,0.0,111797.0,1.0,198.0,22.8,126610.0,1.0,196.0,22.2,3.0,3.0,53.0,969.0,54.0,927.0,2018.0,0.0
195302,0.0,0.0,103018.0,1.0,196.0,26.2,102905.0,0.0,175.0,26.7,3.0,5.0,28.0,1075.0,63.0,595.0,2003.0,1.0
117263,3.0,4.0,105453.0,1.0,178.0,29.1,105173.0,0.0,183.0,30.6,3.0,7.0,7.0,4190.0,52.0,920.0,2019.0,0.0
51874,3.0,0.0,103852.0,0.0,188.0,31.2,104731.0,1.0,203.0,26.6,3.0,5.0,42.0,1005.0,36.0,1065.0,2013.0,1.0
33723,3.0,0.0,104918.0,1.0,190.0,29.4,104542.0,1.0,188.0,31.5,3.0,2.0,2.0,10485.0,15.0,2160.0,2016.0,0.0
44230,3.0,4.0,103602.0,1.0,183.0,25.6,104417.0,1.0,193.0,21.5,3.0,7.0,15.0,1540.0,64.0,610.0,2006.0,1.0
182436,3.0,0.0,106043.0,1.0,170.0,27.3,106233.0,1.0,185.0,26.3,3.0,8.0,13.0,2125.0,4.0,5825.0,2020.0,1.0
193879,1.0,0.0,104597.0,1.0,183.0,21.7,104252.0,1.0,190.0,23.6,3.0,8.0,37.0,810.0,36.0,818.0,2007.0,0.0
71920,1.0,0.0,104259.0,1.0,178.0,23.5,103694.0,1.0,168.0,26.3,3.0,8.0,32.0,890.0,46.0,730.0,2007.0,0.0
154977,3.0,0.0,104252.0,1.0,190.0,23.3,103344.0,1.0,193.0,27.9,3.0,3.0,49.0,720.0,8.0,2260.0,2007.0,1.0
50896,3.0,4.0,104180.0,0.0,193.0,28.8,104166.0,1.0,178.0,28.9,3.0,4.0,63.0,760.0,39.0,1072.0,2012.0,0.0
202176,3.0,4.0,104731.0,1.0,203.0,25.4,104755.0,1.0,185.0,25.3,3.0,6.0,33.0,1235.0,20.0,1720.0,2011.0,1.0
44767,3.0,0.0,105023.0,1.0,198.0,24.8,105238.0,1.0,180.0,23.7,3.0,9.0,38.0,1029.0,25.0,1460.0,2012.0,1.0
111441,3.0,4.0,126094.0,1.0,188.0,24.3,136440.0,0.0,180.0,27.8,3.0,7.0,7.0,4590.0,51.0,1054.0,2022.0,0.0
27477,3.0,4.0,103602.0,1.0,183.0,25.2,103909.0,1.0,175.0,23.7,3.0,5.0,19.0,1360.0,7.0,2110.0,2005.0,0.0
17437,3.0,3.0,104527.0,1.0,183.0,29.8,104925.0,1.0,188.0,27.6,5.0,9.0,4.0,5370.0,1.0,11405.0,2015.0,1.0
188657,3.0,0.0,104571.0,1.0,183.0,31.2,104678.0,1.0,193.0,30.6,3.0,5.0,36.0,1185.0,32.0,1295.0,2016.0,1.0
111764,3.0,3.0,105992.0,1.0,183.0,20.3,105223.0,1.0,198.0,23.9,5.0,7.0,61.0,740.0,8.0,3620.0,2012.0,1.0
83586,3.0,0.0,104731.0,1.0,203.0,27.7,105227.0,1.0,198.0,25.3,3.0,2.0,21.0,1580.0,29.0,1295.0,2014.0,1.0
120152,1.0,3.0,103786.0,1.0,178.0,23.9,103990.0,1.0,180.0,23.0,5.0,3.0,12.0,1640.0,16.0,1415.0,2005.0,0.0
188418,3.0,3.0,103852.0,0.0,188.0,23.9,103835.0,1.0,183.0,23.9,5.0,4.0,21.0,1260.0,37.0,905.0,2005.0,0.0
23064,2.0,3.0,103898.0,1.0,185.0,24.5,103451.0,1.0,175.0,26.7,5.0,4.0,55.0,682.0,61.0,629.0,2006.0,0.0
187526,3.0,0.0,103758.0,1.0,188.0,23.4,102562.0,1.0,190.0,29.5,3.0,2.0,55.0,685.0,28.0,1085.0,2004.0,1.0
94043,3.0,3.0,105208.0,1.0,190.0,19.9,104053.0,1.0,188.0,25.9,5.0,7.0,40.0,884.0,8.0,1845.0,2008.0,1.0
17625,1.0,0.0,104198.0,1.0,188.0,26.1,103294.0,1.0,170.0,30.5,3.0,7.0,56.0,917.0,58.0,878.0,2009.0,0.0
118142,3.0,0.0,105216.0,1.0,173.0,29.0,105223.0,1.0,198.0,29.0,3.0,3.0,37.0,1184.0,19.0,2225.0,2017.0,1.0
148592,1.0,0.0,105077.0,0.0,188.0,29.0,106233.0,1.0,185.0,23.4,3.0,9.0,25.0,1400.0,8.0,3375.0,2017.0,1.0
59555,3.0,0.0,104594.0,1.0,194.0,28.9,104545.0,1.0,206.0,29.2,3.0,3.0,52.0,862.0,12.0,2690.0,2014.0,1.0
121687,3.0,0.0,104755.0,1.0,185.0,29.3,104745.0,0.0,185.0,29.3,3.0,9.0,11.0,2580.0,7.0,4330.0,2015.0,1.0
41868,1.0,0.0,104338.0,1.0,185.0,23.1,103781.0,0.0,183.0,25.9,3.0,6.0,47.0,730.0,30.0,920.0,2007.0,0.0
15381,3.0,4.0,104918.0,1.0,190.0,28.4,104607.0,1.0,196.0,30.0,3.0,3.0,2.0,8640.0,5.0,4910.0,2015.0,0.0
75741,3.0,4.0,106043.0,1.0,170.0,24.5,111575.0,1.0,198.0,20.8,3.0,4.0,42.0,955.0,52.0,875.0,2017.0,0.0
130442,3.0,0.0,102642.0,1.0,190.0,29.1,103720.0,1.0,180.0,23.6,3.0,3.0,64.0,599.0,3.0,3055.0,2004.0,1.0
107869,1.0,0.0,102950.0,1.0,180.0,25.9,103900.0,1.0,180.0,21.1,3.0,6.0,48.0,711.0,9.0,1955.0,2003.0,1.0
176676,3.0,3.0,104269.0,0.0,188.0,34.1,105138.0,1.0,183.0,29.7,5.0,4.0,40.0,1225.0,21.0,2015.0,2018.0,0.0
129908,1.0,4.0,105676.0,1.0,180.0,24.4,103970.0,1.0,175.0,33.1,3.0,3.0,20.0,1705.0,8.0,4310.0,2015.0,1.0
59378,1.0,0.0,105936.0,1.0,185.0,30.3,202104.0,1.0,170.0,21.5,3.0,6.0,43.0,1010.0,32.0,1263.0,2022.0,0.0
57133,2.0,0.0,104259.0,1.0,178.0,31.6,105668.0,1.0,203.0,24.5,3.0,5.0,29.0,1240.0,50.0,895.0,2015.0,0.0
121475,3.0,3.0,103484.0,1.0,185.0,30.0,105223.0,1.0,198.0,21.3,5.0,7.0,45.0,935.0,5.0,6580.0,2010.0,1.0
156785,3.0,1.0,105936.0,1.0,185.0,27.7,126094.0,1.0,188.0,22.0,3.0,8.0,40.0,1148.0,23.0,1584.0,2019.0,1.0
67664,1.0,0.0,111513.0,1.0,188.0,23.7,200000.0,1.0,193.0,18.5,3.0,3.0,37.0,1127.0,60.0,834.0,2019.0,0.0
95294,2.0,0.0,105173.0,0.0,183.0,30.9,111442.0,1.0,183.0,25.1,3.0,2.0,44.0,1011.0,62.0,837.0,2019.0,0.0
195343,3.0,4.0,103852.0,0.0,188.0,33.9,105683.0,1.0,196.0,24.6,3.0,7.0,23.0,1530.0,10.0,2925.0,2015.0,0.0
161287,1.0,0.0,104665.0,1.0,180.0,27.4,104022.0,1.0,183.0,31.0,3.0,5.0,50.0,870.0,33.0,1235.0,2013.0,1.0
4464,1.0,4.0,102148.0,1.0,178.0,32.3,103900.0,1.0,180.0,23.3,3.0,7.0,54.0,730.0,10.0,2030.0,2005.0,0.0
150758,3.0,0.0,105554.0,1.0,175.0,30.8,106234.0,1.0,185.0,27.5,3.0,6.0,28.0,1813.0,42.0,1395.0,2021.0,1.0
156675,1.0,0.0,104665.0,1.0,180.0,25.6,103428.0,1.0,190.0,32.0,3.0,9.0,43.0,942.0,23.0,1485.0,2011.0,0.0
23208,2.0,3.0,103720.0,1.0,180.0,33.3,105668.0,1.0,203.0,23.6,5.0,7.0,48.0,950.0,25.0,1510.0,2014.0,1.0
21310,3.0,3.0,103206.0,1.0,175.0,28.6,103694.0,1.0,168.0,25.9,5.0,7.0,29.0,965.0,39.0,895.0,2007.0,0.0
28135,3.0,0.0,104898.0,1.0,190.0,30.5,106058.0,1.0,185.0,25.0,3.0,5.0,44.0,1075.0,23.0,1900.0,2017.0,1.0
180550,3.0,0.0,104978.0,1.0,196.0,26.1,105173.0,0.0,183.0,25.2,3.0,6.0,58.0,813.0,62.0,780.0,2013.0,1.0
97680,1.0,0.0,100644.0,1.0,198.0,22.2,105932.0,1.0,185.0,27.4,3.0,9.0,5.0,4325.0,16.0,1995.0,2019.0,1.0
10235,1.0,0.0,103893.0,1.0,183.0,36.3,104999.0,0.0,190.0,30.6,3.0,6.0,57.0,895.0,55.0,932.0,2018.0,1.0
5652,3.0,3.0,104022.0,1.0,183.0,28.1,104527.0,1.0,183.0,25.4,5.0,3.0,14.0,2620.0,27.0,1510.0,2010.0,0.0
158322,1.0,0.0,104597.0,1.0,183.0,24.6,105227.0,1.0,198.0,21.5,3.0,3.0,36.0,1290.0,11.0,2900.0,2010.0,1.0
89070,3.0,0.0,103602.0,1.0,183.0,22.9,103018.0,1.0,196.0,26.0,3.0,3.0,14.0,1510.0,34.0,955.0,2003.0,0.0
200220,1.0,0.0,103151.0,1.0,183.0,27.3,102845.0,1.0,190.0,28.8,3.0,5.0,63.0,595.0,28.0,1180.0,2005.0,0.0
169501,3.0,0.0,104797.0,1.0,188.0,26.0,103786.0,1.0,178.0,31.3,3.0,5.0,46.0,902.0,44.0,930.0,2012.0,1.0
177151,3.0,4.0,100644.0,1.0,198.0,21.3,104898.0,1.0,190.0,31.3,3.0,6.0,4.0,4845.0,55.0,930.0,2018.0,1.0
189853,3.0,4.0,106218.0,1.0,180.0,28.1,105936.0,1.0,185.0,29.6,3.0,7.0,56.0,1077.0,34.0,1589.0,2021.0,1.0
102961,1.0,4.0,106071.0,1.0,193.0,22.4,104890.0,1.0,190.0,28.0,3.0,6.0,26.0,1365.0,52.0,876.0,2015.0,1.0
105701,3.0,3.0,105676.0,1.0,180.0,28.7,103819.0,1.0,185.0,38.0,5.0,5.0,15.0,2055.0,3.0,6950.0,2019.0,1.0
78385,2.0,3.0,100644.0,1.0,198.0,20.2,105683.0,1.0,196.0,26.5,5.0,5.0,12.0,3070.0,7.0,4150.0,2017.0,1.0
77708,3.0,4.0,105173.0,0.0,183.0,27.2,104545.0,1.0,206.0,30.4,3.0,7.0,41.0,1050.0,13.0,2280.0,2015.0,1.0
113943,1.0,0.0,103786.0,1.0,178.0,24.9,103498.0,1.0,193.0,26.2,3.0,5.0,6.0,2360.0,49.0,760.0,2006.0,0.0
162307,3.0,4.0,104871.0,1.0,188.0,28.0,105385.0,0.0,183.0,25.6,3.0,7.0,34.0,1150.0,47.0,929.0,2015.0,1.0
188199,3.0,0.0,105138.0,1.0,183.0,25.4,105777.0,1.0,188.0,22.3,3.0,6.0,64.0,755.0,29.0,1375.0,2013.0,0.0
182408,2.0,0.0,106401.0,1.0,193.0,27.1,111513.0,1.0,188.0,27.0,3.0,6.0,45.0,1050.0,55.0,946.0,2022.0,0.0
86522,3.0,0.0,106401.0,1.0,193.0,22.6,105777.0,1.0,188.0,26.6,3.0,9.0,21.0,2010.0,3.0,5150.0,2018.0,0.0
132129,3.0,0.0,103786.0,1.0,178.0,24.7,103285.0,1.0,185.0,27.2,3.0,9.0,6.0,2355.0,23.0,1355.0,2006.0,1.0
59651,3.0,0.0,104597.0,1.0,183.0,25.1,103997.0,1.0,190.0,28.3,3.0,6.0,16.0,2150.0,64.0,790.0,2010.0,0.0
153045,3.0,0.0,106234.0,1.0,185.0,29.0,134868.0,1.0,188.0,26.2,3.0,6.0,39.0,1085.0,54.0,888.0,2022.0,0.0
142286,3.0,0.0,103333.0,1.0,208.0,28.6,103163.0,1.0,188.0,29.5,3.0,9.0,25.0,1069.0,12.0,1880.0,2007.0,0.0
3086,2.0,3.0,105311.0,1.0,185.0,26.2,104527.0,1.0,183.0,30.2,5.0,4.0,46.0,986.0,4.0,5790.0,2015.0,1.0
91613,1.0,3.0,104665.0,1.0,180.0,29.3,104259.0,1.0,178.0,31.6,5.0,7.0,42.0,1050.0,28.0,1285.0,2015.0,0.0
105138,3.0,3.0,105223.0,1.0,198.0,29.9,104545.0,1.0,206.0,33.3,5.0,3.0,3.0,5500.0,11.0,3200.0,2018.0,0.0
150343,3.0,3.0,104527.0,1.0,183.0,25.8,104792.0,1.0,193.0,24.3,5.0,6.0,19.0,1855.0,12.0,2560.0,2011.0,0.0
76644,3.0,4.0,105936.0,1.0,185.0,26.4,104898.0,1.0,190.0,31.3,3.0,7.0,31.0,1312.0,55.0,930.0,2018.0,1.0
10807,3.0,3.0,104607.0,1.0,196.0,25.3,104269.0,0.0,188.0,27.1,5.0,5.0,6.0,3955.0,9.0,3240.0,2011.0,0.0
142839,2.0,0.0,104918.0,1.0,190.0,26.0,105227.0,1.0,198.0,24.6,3.0,2.0,2.0,8310.0,12.0,2570.0,2013.0,0.0
115117,3.0,0.0,105430.0,1.0,175.0,29.6,105554.0,1.0,175.0,29.1,3.0,5.0,42.0,1046.0,55.0,942.0,2019.0,1.0
152682,2.0,3.0,102563.0,1.0,180.0,30.2,103018.0,1.0,196.0,27.9,5.0,5.0,22.0,1313.0,36.0,950.0,2005.0,0.0
184351,3.0,0.0,111442.0,1.0,183.0,25.2,111815.0,0.0,188.0,23.9,3.0,6.0,43.0,1037.0,54.0,950.0,2019.0,1.0
119005,3.0,0.0,104214.0,1.0,185.0,26.1,104269.0,0.0,188.0,25.7,3.0,9.0,30.0,1330.0,10.0,3015.0,2009.0,1.0
152832,3.0,2.0,103819.0,1.0,185.0,37.2,104731.0,1.0,203.0,32.4,3.0,8.0,3.0,6020.0,6.0,4310.0,2018.0,0.0
183858,1.0,4.0,103819.0,1.0,185.0,25.6,103507.0,1.0,183.0,27.1,3.0,9.0,1.0,7290.0,21.0,1230.0,2007.0,0.0
132188,1.0,4.0,104597.0,1.0,183.0,22.7,104925.0,1.0,188.0,20.9,3.0,3.0,21.0,1305.0,3.0,4750.0,2008.0,1.0
146425,1.0,0.0,104607.0,1.0,196.0,19.0,103835.0,1.0,183.0,23.0,3.0,2.0,55.0,713.0,45.0,775.0,2004.0,0.0
130419,1.0,0.0,102562.0,1.0,190.0,28.2,103428.0,1.0,190.0,23.8,3.0,3.0,10.0,1845.0,31.0,1055.0,2003.0,0.0
37987,3.0,1.0,104926.0,1.0,178.0,25.8,105683.0,1.0,196.0,22.2,5.0,8.0,31.0,1135.0,16.0,2095.0,2013.0,1.0
132888,3.0,4.0,126774.0,1.0,193.0,21.1,200000.0,1.0,193.0,19.1,3.0,6.0,7.0,3630.0,19.0,1719.0,2019.0,0.0
173349,3.0,4.0,104468.0,1.0,183.0,24.7,104607.0,1.0,196.0,24.0,3.0,5.0,10.0,3285.0,20.0,1740.0,2009.0,0.0
58779,3.0,4.0,105223.0,1.0,198.0,21.1,103285.0,1.0,185.0,30.9,3.0,3.0,5.0,6050.0,14.0,2310.0,2009.0,1.0
6989,3.0,0.0,104198.0,1.0,188.0,31.2,105385.0,0.0,183.0,25.0,3.0,5.0,32.0,1143.0,46.0,934.0,2014.0,0.0
56002,2.0,3.0,134868.0,1.0,188.0,25.9,104926.0,1.0,178.0,35.0,5.0,4.0,53.0,984.0,63.0,896.0,2022.0,0.0
160304,3.0,0.0,111797.0,1.0,198.0,22.8,104312.0,1.0,190.0,34.4,3.0,6.0,47.0,1024.0,50.0,996.0,2018.0,0.0
69066,3.0,0.0,105807.0,1.0,188.0,25.0,104871.0,1.0,188.0,29.4,3.0,6.0,55.0,879.0,39.0,1175.0,2016.0,0.0
47838,1.0,0.0,104386.0,1.0,180.0,29.0,104898.0,1.0,190.0,26.2,3.0,5.0,18.0,2025.0,57.0,817.0,2013.0,1.0
44825,3.0,4.0,105385.0,0.0,183.0,25.0,105777.0,1.0,188.0,23.2,3.0,6.0,50.0,899.0,8.0,3270.0,2014.0,1.0
2147,1.0,0.0,105238.0,1.0,180.0,22.2,103970.0,1.0,175.0,28.8,3.0,9.0,26.0,1375.0,6.0,4510.0,2011.0,1.0
154734,3.0,3.0,105227.0,1.0,198.0,19.2,103484.0,1.0,185.0,28.0,5.0,5.0,57.0,615.0,15.0,1610.0,2008.0,1.0
203856,3.0,4.0,102860.0,1.0,183.0,26.9,104022.0,1.0,183.0,21.1,3.0,7.0,19.0,1335.0,39.0,935.0,2003.0,1.0
183907,3.0,0.0,104053.0,1.0,188.0,29.0,104731.0,1.0,203.0,25.3,3.0,6.0,15.0,1995.0,31.0,1200.0,2011.0,1.0
158892,3.0,4.0,104312.0,1.0,190.0,29.6,103819.0,1.0,185.0,32.1,3.0,6.0,22.0,1555.0,7.0,4515.0,2013.0,1.0
81787,1.0,4.0,106378.0,1.0,188.0,23.3,106298.0,1.0,185.0,24.2,3.0,6.0,19.0,1905.0,16.0,1995.0,2018.0,0.0
127337,3.0,0.0,105138.0,1.0,183.0,29.8,103898.0,1.0,185.0,36.1,3.0,5.0,22.0,1845.0,56.0,882.0,2018.0,1.0
111694,3.0,4.0,104745.0,0.0,185.0,20.1,103507.0,1.0,183.0,26.5,3.0,3.0,2.0,4505.0,31.0,1015.0,2006.0,1.0
24680,2.0,3.0,104386.0,1.0,180.0,28.0,103900.0,1.0,180.0,30.4,5.0,4.0,8.0,3200.0,40.0,1015.0,2012.0,0.0
143872,3.0,4.0,104053.0,1.0,188.0,22.5,102562.0,1.0,190.0,29.9,3.0,6.0,3.0,3855.0,27.0,1165.0,2005.0,0.0
111777,3.0,4.0,105577.0,1.0,193.0,25.7,105311.0,1.0,185.0,26.9,3.0,7.0,45.0,975.0,38.0,1146.0,2016.0,1.0
124491,2.0,0.0,103484.0,1.0,185.0,29.4,105023.0,1.0,198.0,21.6,3.0,5.0,16.0,2390.0,46.0,1140.0,2009.0,0.0
140135,1.0,0.0,103602.0,1.0,183.0,28.7,104338.0,1.0,185.0,25.0,3.0,5.0,14.0,2825.0,58.0,1130.0,2009.0,0.0
178648,2.0,0.0,133430.0,0.0,185.0,23.1,126127.0,1.0,185.0,26.0,3.0,5.0,16.0,2293.0,56.0,946.0,2022.0,1.0
157723,3.0,4.0,105227.0,1.0,198.0,29.0,105077.0,0.0,188.0,29.7,3.0,3.0,5.0,4155.0,25.0,1755.0,2017.0,0.0
170069,3.0,4.0,102202.0,0.0,190.0,31.8,104252.0,1.0,190.0,21.4,3.0,4.0,56.0,710.0,43.0,854.0,2005.0,0.0
183429,3.0,4.0,106401.0,1.0,193.0,21.8,103819.0,1.0,185.0,35.6,3.0,9.0,16.0,2425.0,6.0,4305.0,2017.0,1.0
47078,3.0,0.0,105453.0,1.0,178.0,21.8,104925.0,1.0,188.0,24.4,3.0,9.0,32.0,1225.0,1.0,13860.0,2011.0,0.0
24061,3.0,2.0,103344.0,1.0,193.0,27.6,103900.0,1.0,180.0,24.8,3.0,8.0,4.0,2395.0,7.0,2195.0,2006.0,0.0
93633,1.0,4.0,104252.0,1.0,190.0,27.5,104979.0,1.0,185.0,23.7,3.0,7.0,28.0,1300.0,43.0,1035.0,2011.0,0.0
133545,1.0,0.0,104527.0,1.0,183.0,27.8,103893.0,1.0,183.0,31.1,3.0,6.0,17.0,1990.0,56.0,785.0,2013.0,0.0
17897,3.0,0.0,102434.0,1.0,183.0,32.5,103163.0,1.0,188.0,28.8,3.0,3.0,63.0,574.0,9.0,2155.0,2007.0,0.0
100915,3.0,3.0,105227.0,1.0,198.0,32.3,105777.0,1.0,188.0,29.7,5.0,4.0,43.0,1325.0,21.0,2260.0,2021.0,1.0
173432,3.0,4.0,105807.0,1.0,188.0,25.2,104468.0,1.0,183.0,31.7,3.0,7.0,35.0,1190.0,32.0,1315.0,2016.0,1.0
50641,2.0,3.0,104607.0,1.0,196.0,31.7,103819.0,1.0,185.0,35.9,5.0,9.0,15.0,2570.0,5.0,5265.0,2017.0,1.0
159411,3.0,0.0,104269.0,0.0,188.0,23.2,102148.0,1.0,178.0,34.1,3.0,6.0,33.0,910.0,59.0,620.0,2007.0,1.0
129302,3.0,4.0,105676.0,1.0,180.0,25.8,105223.0,1.0,198.0,28.0,3.0,7.0,12.0,2645.0,63.0,770.0,2016.0,0.0
29527,3.0,4.0,104925.0,1.0,188.0,31.3,100644.0,1.0,198.0,21.4,3.0,9.0,3.0,6445.0,5.0,4755.0,2018.0,0.0
119701,3.0,4.0,103990.0,1.0,180.0,27.2,104332.0,1.0,185.0,25.3,3.0,6.0,16.0,2290.0,45.0,1040.0,2009.0,1.0
17763,1.0,0.0,102845.0,1.0,190.0,31.4,104597.0,1.0,183.0,22.4,3.0,2.0,18.0,1505.0,31.0,965.0,2008.0,1.0
160310,3.0,4.0,104053.0,1.0,188.0,26.1,104542.0,1.0,188.0,23.5,3.0,3.0,7.0,2045.0,14.0,1485.0,2008.0,1.0
157436,1.0,4.0,104607.0,1.0,196.0,30.6,105077.0,0.0,188.0,28.3,3.0,6.0,8.0,2940.0,57.0,853.0,2016.0,0.0
101655,3.0,4.0,104918.0,1.0,190.0,35.2,126203.0,1.0,193.0,24.7,3.0,7.0,48.0,950.0,13.0,2860.0,2022.0,1.0
174797,1.0,4.0,103898.0,1.0,185.0,27.3,103333.0,1.0,208.0,30.1,3.0,7.0,45.0,1265.0,25.0,1770.0,2009.0,1.0
58124,1.0,0.0,104338.0,1.0,185.0,27.8,103656.0,1.0,175.0,31.1,3.0,3.0,29.0,1300.0,53.0,860.0,2012.0,0.0
108395,0.0,4.0,103602.0,1.0,183.0,25.2,103908.0,1.0,185.0,23.8,3.0,6.0,13.0,1690.0,56.0,668.0,2005.0,1.0
68192,3.0,0.0,103852.0,0.0,188.0,31.4,103163.0,1.0,188.0,34.8,3.0,5.0,47.0,870.0,18.0,1815.0,2013.0,0.0
45257,3.0,0.0,106378.0,1.0,188.0,25.1,126203.0,1.0,193.0,22.3,3.0,3.0,44.0,1085.0,35.0,1255.0,2020.0,1.0
142067,1.0,3.0,106298.0,1.0,185.0,25.2,105373.0,0.0,190.0,29.8,5.0,7.0,26.0,1385.0,55.0,883.0,2019.0,1.0
11622,3.0,2.0,104925.0,1.0,188.0,27.4,104527.0,1.0,183.0,29.6,3.0,8.0,1.0,10010.0,4.0,4895.0,2014.0,0.0
57173,1.0,0.0,104745.0,0.0,185.0,27.8,104471.0,1.0,183.0,29.2,3.0,5.0,1.0,13310.0,37.0,1110.0,2014.0,0.0
164217,3.0,0.0,105932.0,1.0,185.0,26.6,104291.0,1.0,185.0,34.6,3.0,3.0,34.0,1257.0,61.0,854.0,2018.0,0.0
65813,2.0,3.0,104542.0,1.0,188.0,25.1,103898.0,1.0,185.0,28.5,5.0,5.0,10.0,3185.0,40.0,1059.0,2010.0,0.0
185169,0.0,0.0,104755.0,1.0,185.0,19.6,102450.0,1.0,185.0,31.4,3.0,5.0,17.0,1516.0,43.0,800.0,2006.0,1.0
113039,3.0,3.0,105668.0,1.0,203.0,24.1,104792.0,1.0,193.0,28.3,5.0,7.0,44.0,925.0,19.0,1770.0,2015.0,0.0
148755,1.0,0.0,105449.0,1.0,188.0,25.3,104545.0,1.0,206.0,30.0,3.0,5.0,55.0,850.0,17.0,1935.0,2015.0,1.0
93812,1.0,0.0,103990.0,1.0,180.0,21.2,103909.0,1.0,175.0,21.4,5.0,2.0,20.0,1300.0,7.0,2250.0,2003.0,1.0
122929,3.0,4.0,105223.0,1.0,198.0,23.8,104871.0,1.0,188.0,25.5,3.0,3.0,9.0,3305.0,38.0,1004.0,2012.0,0.0
55223,3.0,4.0,124187.0,1.0,211.0,22.9,126774.0,1.0,193.0,22.0,3.0,3.0,39.0,1177.0,6.0,4745.0,2020.0,1.0
169580,1.0,0.0,102563.0,1.0,180.0,30.0,103786.0,1.0,178.0,23.8,3.0,5.0,17.0,1283.0,16.0,1480.0,2005.0,1.0
192423,3.0,4.0,103428.0,1.0,190.0,24.9,103598.0,1.0,185.0,24.0,3.0,7.0,17.0,1285.0,37.0,845.0,2004.0,0.0
106815,1.0,4.0,102562.0,1.0,190.0,29.1,102610.0,1.0,180.0,28.8,3.0,3.0,17.0,1375.0,39.0,885.0,2004.0,1.0
9244,3.0,3.0,103852.0,0.0,188.0,37.9,106421.0,1.0,198.0,23.5,5.0,6.0,61.0,923.0,5.0,4125.0,2019.0,1.0
110816,1.0,0.0,104797.0,1.0,188.0,27.6,104259.0,1.0,178.0,30.5,3.0,6.0,55.0,870.0,26.0,1375.0,2014.0,0.0
201269,1.0,4.0,104997.0,1.0,190.0,26.6,104871.0,1.0,188.0,27.1,3.0,7.0,55.0,831.0,48.0,970.0,2014.0,1.0
156887,1.0,3.0,104745.0,0.0,185.0,21.9,103813.0,0.0,185.0,26.8,5.0,6.0,2.0,5585.0,26.0,1130.0,2008.0,0.0
96470,3.0,4.0,103813.0,0.0,185.0,26.6,103017.0,1.0,183.0,30.7,3.0,7.0,26.0,1210.0,51.0,710.0,2008.0,1.0
146362,1.0,4.0,105453.0,1.0,178.0,27.3,106043.0,1.0,170.0,24.7,3.0,6.0,8.0,3650.0,40.0,1002.0,2017.0,0.0
50891,3.0,3.0,104925.0,1.0,188.0,23.6,104918.0,1.0,190.0,23.6,5.0,2.0,3.0,6240.0,5.0,5760.0,2011.0,0.0
197135,1.0,4.0,104338.0,1.0,185.0,26.0,103582.0,0.0,193.0,29.7,3.0,6.0,24.0,1630.0,51.0,860.0,2010.0,1.0
77022,3.0,0.0,103835.0,1.0,183.0,26.0,103602.0,1.0,183.0,27.1,3.0,6.0,44.0,731.0,6.0,2360.0,2007.0,1.0
92149,3.0,4.0,105332.0,1.0,196.0,27.4,105676.0,1.0,180.0,25.8,3.0,6.0,47.0,960.0,12.0,2645.0,2016.0,1.0
87239,1.0,3.0,104022.0,1.0,183.0,30.9,103163.0,1.0,188.0,35.1,5.0,5.0,31.0,1265.0,14.0,2340.0,2013.0,1.0
185005,0.0,0.0,102434.0,1.0,183.0,29.1,102227.0,1.0,180.0,30.3,3.0,9.0,31.0,1030.0,58.0,638.0,2003.0,1.0
149152,3.0,0.0,103163.0,1.0,188.0,26.5,103084.0,1.0,185.0,26.8,3.0,9.0,30.0,1030.0,26.0,1199.0,2004.0,1.0
165123,2.0,0.0,103819.0,1.0,185.0,31.8,103163.0,1.0,188.0,35.1,3.0,9.0,3.0,7640.0,11.0,2585.0,2013.0,0.0
52200,3.0,4.0,104542.0,1.0,188.0,27.8,103888.0,1.0,188.0,31.2,3.0,6.0,8.0,3660.0,32.0,1125.0,2013.0,0.0
21804,3.0,2.0,106233.0,1.0,185.0,26.1,126774.0,1.0,193.0,21.2,3.0,2.0,5.0,5025.0,6.0,4000.0,2019.0,1.0
177921,3.0,4.0,106071.0,1.0,193.0,21.0,103852.0,0.0,188.0,32.1,3.0,7.0,55.0,890.0,29.0,1275.0,2013.0,1.0
171113,3.0,0.0,104797.0,1.0,188.0,29.0,106233.0,1.0,185.0,22.0,3.0,3.0,62.0,751.0,21.0,1555.0,2015.0,1.0
142412,3.0,0.0,104918.0,1.0,190.0,21.7,104745.0,0.0,185.0,22.6,3.0,2.0,4.0,7360.0,1.0,14260.0,2009.0,0.0
168649,3.0,0.0,105526.0,1.0,193.0,27.7,106000.0,1.0,172.0,25.6,3.0,6.0,53.0,898.0,30.0,1391.0,2018.0,1.0
63498,3.0,0.0,105916.0,1.0,188.0,29.0,126094.0,1.0,188.0,23.4,3.0,3.0,44.0,1382.0,8.0,5011.0,2021.0,1.0
117297,1.0,0.0,105554.0,1.0,175.0,26.9,106233.0,1.0,185.0,23.6,3.0,5.0,43.0,954.0,9.0,3385.0,2017.0,1.0
93359,3.0,4.0,103206.0,1.0,175.0,27.3,104068.0,1.0,183.0,23.0,3.0,6.0,34.0,1000.0,21.0,1270.0,2005.0,1.0
193072,3.0,0.0,104269.0,0.0,188.0,23.2,103498.0,1.0,193.0,27.0,3.0,3.0,33.0,910.0,24.0,1105.0,2007.0,1.0
199721,2.0,0.0,104871.0,1.0,188.0,31.3,104925.0,1.0,188.0,31.0,3.0,9.0,61.0,910.0,22.0,1665.0,2018.0,1.0
88554,2.0,0.0,104678.0,1.0,193.0,31.3,105385.0,0.0,183.0,27.9,3.0,5.0,39.0,1000.0,55.0,845.0,2017.0,1.0
114419,1.0,3.0,104925.0,1.0,188.0,32.0,105526.0,1.0,193.0,29.0,5.0,5.0,1.0,12355.0,45.0,1035.0,2019.0,0.0
19965,2.0,3.0,104259.0,1.0,178.0,25.6,103722.0,1.0,180.0,28.3,5.0,4.0,32.0,1540.0,54.0,1056.0,2009.0,0.0
46406,3.0,0.0,105077.0,0.0,188.0,33.7,105227.0,1.0,198.0,33.0,3.0,6.0,43.0,1294.0,35.0,1515.0,2021.0,1.0
5684,3.0,4.0,105453.0,1.0,178.0,23.2,103812.0,1.0,198.0,31.6,3.0,7.0,15.0,2135.0,57.0,793.0,2013.0,0.0
111106,3.0,4.0,104122.0,1.0,183.0,30.6,104745.0,0.0,185.0,27.3,3.0,5.0,44.0,965.0,1.0,11160.0,2013.0,1.0
116530,0.0,0.0,103103.0,1.0,183.0,27.8,102860.0,1.0,183.0,29.1,3.0,5.0,22.0,1311.0,56.0,677.0,2005.0,0.0
108581,3.0,0.0,104571.0,1.0,183.0,21.5,104417.0,1.0,193.0,22.3,3.0,3.0,12.0,1860.0,25.0,1028.0,2007.0,1.0
119616,3.0,0.0,100644.0,1.0,198.0,24.7,122330.0,1.0,196.0,24.6,3.0,2.0,3.0,7780.0,35.0,1433.0,2022.0,1.0
132827,3.0,0.0,105053.0,1.0,188.0,23.1,104593.0,1.0,185.0,25.4,3.0,6.0,64.0,785.0,58.0,844.0,2011.0,0.0
88049,3.0,0.0,104792.0,1.0,193.0,27.0,104542.0,1.0,188.0,28.4,3.0,6.0,42.0,1030.0,8.0,3325.0,2013.0,1.0
73214,2.0,0.0,103333.0,1.0,208.0,28.3,104468.0,1.0,183.0,22.4,3.0,5.0,61.0,572.0,52.0,650.0,2007.0,0.0
205432,3.0,0.0,104755.0,1.0,185.0,23.5,104053.0,1.0,188.0,27.3,3.0,3.0,52.0,850.0,7.0,4410.0,2010.0,1.0
115756,3.0,4.0,105683.0,1.0,196.0,24.1,104620.0,1.0,183.0,29.4,3.0,7.0,6.0,4980.0,49.0,919.0,2015.0,0.0
129554,3.0,4.0,105932.0,1.0,185.0,29.4,128034.0,1.0,196.0,24.4,3.0,5.0,43.0,1498.0,13.0,3118.0,2021.0,1.0
112278,0.0,0.0,103835.0,1.0,183.0,23.0,104417.0,1.0,193.0,20.1,3.0,6.0,37.0,880.0,32.0,965.0,2004.0,0.0
133740,1.0,0.0,104468.0,1.0,183.0,24.3,103656.0,1.0,175.0,28.4,3.0,3.0,8.0,3750.0,35.0,1504.0,2009.0,1.0
180651,3.0,4.0,103656.0,1.0,175.0,28.9,104542.0,1.0,188.0,24.5,3.0,6.0,32.0,1135.0,9.0,2985.0,2009.0,1.0
162509,3.0,0.0,103103.0,1.0,183.0,25.7,102434.0,1.0,183.0,29.2,3.0,5.0,60.0,626.0,29.0,1100.0,2003.0,1.0
72145,3.0,3.0,104607.0,1.0,196.0,33.3,106378.0,1.0,188.0,24.0,5.0,4.0,57.0,865.0,14.0,2150.0,2019.0,0.0
50765,1.0,4.0,103344.0,1.0,193.0,30.1,104468.0,1.0,183.0,24.3,3.0,5.0,54.0,1181.0,7.0,4030.0,2009.0,0.0
166815,3.0,4.0,104918.0,1.0,190.0,26.8,104586.0,1.0,196.0,28.6,3.0,7.0,6.0,4885.0,47.0,951.0,2014.0,0.0
116864,3.0,4.0,105077.0,0.0,188.0,29.5,104898.0,1.0,190.0,30.3,3.0,7.0,23.0,1815.0,52.0,888.0,2017.0,1.0
123003,3.0,0.0,104026.0,1.0,198.0,22.5,103758.0,1.0,188.0,23.6,3.0,2.0,11.0,1595.0,32.0,955.0,2005.0,0.0
185959,3.0,0.0,105376.0,1.0,185.0,29.2,111797.0,1.0,198.0,23.0,3.0,6.0,60.0,856.0,42.0,1110.0,2018.0,0.0
77833,2.0,0.0,103898.0,1.0,185.0,26.4,104792.0,1.0,193.0,21.7,3.0,5.0,44.0,815.0,32.0,978.0,2008.0,1.0
205742,3.0,4.0,103285.0,1.0,185.0,32.9,104252.0,1.0,190.0,28.0,3.0,7.0,26.0,1355.0,22.0,1675.0,2011.0,1.0
74834,3.0,0.0,133430.0,0.0,185.0,20.5,105807.0,1.0,188.0,28.2,3.0,6.0,27.0,1460.0,34.0,1330.0,2019.0,1.0
102993,3.0,4.0,105373.0,0.0,190.0,26.0,103333.0,1.0,208.0,36.4,3.0,6.0,39.0,1100.0,21.0,1575.0,2015.0,1.0
198217,3.0,4.0,103292.0,1.0,175.0,25.2,101965.0,1.0,185.0,32.4,3.0,7.0,35.0,960.0,48.0,760.0,2004.0,0.0
23356,3.0,3.0,104471.0,1.0,183.0,29.6,103852.0,0.0,188.0,32.9,5.0,4.0,53.0,850.0,21.0,1770.0,2014.0,1.0
58977,3.0,0.0,106398.0,1.0,185.0,27.5,111815.0,0.0,188.0,27.1,3.0,6.0,55.0,846.0,13.0,2490.0,2022.0,1.0
178349,3.0,4.0,104607.0,1.0,196.0,24.8,103819.0,1.0,185.0,29.0,3.0,3.0,7.0,3780.0,3.0,6795.0,2010.0,1.0
167447,3.0,0.0,103694.0,1.0,168.0,25.7,103484.0,1.0,185.0,26.7,3.0,3.0,30.0,990.0,8.0,2240.0,2006.0,1.0
46038,3.0,0.0,105138.0,1.0,183.0,26.8,104792.0,1.0,193.0,28.4,3.0,5.0,16.0,1975.0,21.0,1565.0,2015.0,1.0
116660,1.0,0.0,103970.0,1.0,175.0,27.8,104214.0,1.0,185.0,26.5,3.0,3.0,19.0,1780.0,38.0,1040.0,2010.0,0.0
181177,3.0,0.0,103813.0,0.0,185.0,25.5,103898.0,1.0,185.0,25.1,3.0,3.0,20.0,1320.0,43.0,817.0,2007.0,0.0
171031,1.0,1.0,104607.0,1.0,196.0,22.5,103786.0,1.0,178.0,26.8,5.0,8.0,9.0,1875.0,4.0,3175.0,2008.0,1.0
109620,3.0,1.0,106432.0,1.0,188.0,19.8,104755.0,1.0,185.0,30.2,3.0,8.0,42.0,1025.0,17.0,1880.0,2016.0,1.0
63,3.0,4.0,132283.0,1.0,191.0,25.8,126774.0,1.0,193.0,22.6,3.0,5.0,34.0,1668.0,5.0,6950.0,2021.0,1.0
146806,3.0,4.0,103758.0,1.0,188.0,22.9,104022.0,1.0,183.0,21.7,3.0,4.0,37.0,955.0,47.0,790.0,2004.0,0.0
18026,1.0,0.0,102562.0,1.0,190.0,29.1,103852.0,0.0,188.0,22.6,3.0,8.0,14.0,1425.0,24.0,1115.0,2004.0,0.0
152125,1.0,3.0,104918.0,1.0,190.0,25.0,105053.0,1.0,188.0,24.5,5.0,6.0,4.0,7500.0,50.0,868.0,2012.0,0.0
102887,3.0,0.0,105577.0,1.0,193.0,24.0,104607.0,1.0,196.0,28.8,3.0,5.0,36.0,1115.0,5.0,4410.0,2014.0,0.0
120642,3.0,4.0,103103.0,1.0,183.0,26.1,101736.0,1.0,180.0,33.8,3.0,6.0,33.0,1021.0,5.0,2770.0,2004.0,1.0
192613,3.0,0.0,105023.0,1.0,198.0,28.8,104678.0,1.0,193.0,30.5,3.0,5.0,31.0,1400.0,35.0,1270.0,2016.0,1.0
162032,1.0,4.0,133430.0,0.0,185.0,21.4,106043.0,1.0,170.0,28.0,3.0,9.0,14.0,2345.0,15.0,2265.0,2020.0,1.0
88201,1.0,3.0,103285.0,1.0,185.0,26.4,103206.0,1.0,175.0,26.9,5.0,6.0,17.0,1415.0,24.0,1200.0,2005.0,1.0
69553,1.0,4.0,104586.0,1.0,196.0,30.7,105379.0,1.0,181.0,26.7,3.0,7.0,61.0,782.0,60.0,795.0,2016.0,1.0
7291,1.0,4.0,104386.0,1.0,180.0,26.8,103852.0,0.0,188.0,29.5,3.0,7.0,37.0,1100.0,43.0,1050.0,2011.0,1.0
14516,1.0,0.0,105807.0,1.0,188.0,26.7,105173.0,0.0,183.0,29.8,3.0,5.0,11.0,2305.0,27.0,1585.0,2018.0,0.0
173703,3.0,4.0,125802.0,1.0,193.0,27.6,105077.0,0.0,188.0,33.7,3.0,7.0,46.0,1253.0,44.0,1294.0,2021.0,0.0
175169,1.0,3.0,104745.0,0.0,185.0,34.9,104925.0,1.0,188.0,34.0,5.0,9.0,3.0,9630.0,1.0,11313.0,2021.0,1.0
69005,2.0,3.0,104925.0,1.0,188.0,31.1,111575.0,1.0,198.0,22.1,5.0,5.0,21.0,1715.0,40.0,1130.0,2018.0,0.0
170866,1.0,4.0,126203.0,1.0,193.0,21.5,105453.0,1.0,178.0,29.3,3.0,6.0,52.0,954.0,6.0,3860.0,2019.0,1.0
28570,3.0,1.0,104339.0,1.0,196.0,20.9,104053.0,1.0,188.0,22.4,5.0,8.0,23.0,1236.0,3.0,3855.0,2005.0,1.0
189312,1.0,4.0,103333.0,1.0,208.0,29.1,103908.0,1.0,185.0,26.3,3.0,7.0,22.0,1280.0,20.0,1370.0,2008.0,0.0
197507,3.0,0.0,126774.0,1.0,193.0,19.9,100644.0,1.0,198.0,21.2,3.0,9.0,32.0,1399.0,3.0,5665.0,2018.0,1.0
110973,3.0,0.0,103344.0,1.0,193.0,25.8,104214.0,1.0,185.0,21.5,3.0,5.0,22.0,1260.0,49.0,786.0,2005.0,0.0
99449,0.0,0.0,104022.0,1.0,183.0,22.2,102035.0,1.0,183.0,32.5,3.0,5.0,33.0,960.0,50.0,750.0,2004.0,0.0
2174,1.0,4.0,104607.0,1.0,196.0,25.6,104338.0,1.0,185.0,27.0,3.0,5.0,7.0,3900.0,43.0,1040.0,2011.0,0.0
186656,3.0,0.0,104312.0,1.0,190.0,26.8,104755.0,1.0,185.0,24.5,3.0,5.0,53.0,900.0,29.0,1385.0,2011.0,1.0
111946,3.0,0.0,103565.0,1.0,185.0,36.2,104755.0,1.0,185.0,30.1,3.0,5.0,52.0,844.0,15.0,2185.0,2016.0,1.0
16716,1.0,4.0,104068.0,1.0,183.0,23.6,103206.0,1.0,175.0,27.9,3.0,7.0,15.0,1480.0,23.0,1270.0,2006.0,1.0
195888,1.0,4.0,106043.0,1.0,170.0,24.7,105077.0,0.0,188.0,29.3,3.0,7.0,40.0,1002.0,17.0,2180.0,2017.0,0.0
11427,3.0,4.0,106298.0,1.0,185.0,23.0,105526.0,1.0,193.0,26.8,3.0,7.0,15.0,2421.0,63.0,786.0,2017.0,0.0
95520,2.0,3.0,104926.0,1.0,178.0,35.0,134868.0,1.0,188.0,25.9,5.0,4.0,63.0,896.0,53.0,984.0,2022.0,1.0
175185,3.0,4.0,103819.0,1.0,185.0,26.6,104053.0,1.0,188.0,25.5,3.0,3.0,1.0,6550.0,6.0,2160.0,2008.0,1.0
111824,1.0,3.0,103720.0,1.0,180.0,23.2,103598.0,1.0,185.0,23.8,5.0,5.0,12.0,1525.0,54.0,705.0,2004.0,0.0
199604,3.0,4.0,104026.0,1.0,198.0,22.2,103084.0,1.0,185.0,26.8,3.0,6.0,11.0,1505.0,16.0,1369.0,2004.0,0.0
37706,1.0,0.0,101962.0,1.0,193.0,31.8,103151.0,1.0,183.0,25.3,3.0,5.0,23.0,1205.0,30.0,1013.0,2003.0,1.0
158076,3.0,0.0,126205.0,1.0,185.0,24.6,104792.0,1.0,193.0,35.3,3.0,3.0,43.0,1349.0,21.0,2158.0,2022.0,1.0
50096,2.0,0.0,104755.0,1.0,185.0,31.0,106071.0,1.0,193.0,24.6,3.0,5.0,30.0,1335.0,61.0,785.0,2017.0,0.0
8699,3.0,0.0,105064.0,0.0,188.0,21.7,104678.0,1.0,193.0,23.6,3.0,5.0,61.0,813.0,32.0,1215.0,2009.0,1.0
117651,1.0,4.0,106234.0,1.0,185.0,27.6,124187.0,1.0,211.0,23.6,3.0,5.0,27.0,2167.0,47.0,1382.0,2021.0,1.0
123952,3.0,0.0,102845.0,1.0,190.0,27.1,103017.0,1.0,183.0,26.2,3.0,3.0,7.0,2640.0,61.0,639.0,2003.0,0.0
65274,3.0,4.0,104925.0,1.0,188.0,34.4,128034.0,1.0,196.0,24.7,3.0,9.0,1.0,10340.0,10.0,3366.0,2021.0,0.0
10135,3.0,0.0,104198.0,1.0,188.0,31.3,104229.0,1.0,180.0,31.1,3.0,6.0,38.0,1030.0,42.0,978.0,2014.0,1.0
72109,3.0,4.0,104053.0,1.0,188.0,27.5,104417.0,1.0,193.0,25.5,3.0,9.0,8.0,3720.0,7.0,3905.0,2010.0,0.0
28842,3.0,3.0,104918.0,1.0,190.0,23.6,104198.0,1.0,188.0,27.6,5.0,6.0,5.0,5760.0,32.0,1300.0,2011.0,0.0
66607,1.0,4.0,104259.0,1.0,178.0,30.4,104542.0,1.0,188.0,28.9,3.0,6.0,25.0,1510.0,12.0,2550.0,2014.0,1.0
63732,1.0,0.0,102860.0,1.0,183.0,31.4,104338.0,1.0,185.0,23.8,3.0,6.0,43.0,730.0,14.0,1520.0,2008.0,0.0
27233,3.0,0.0,105227.0,1.0,198.0,20.4,104925.0,1.0,188.0,21.7,3.0,3.0,19.0,2500.0,3.0,9010.0,2009.0,1.0
32969,3.0,0.0,103333.0,1.0,208.0,28.6,103484.0,1.0,185.0,27.8,3.0,5.0,25.0,1295.0,7.0,2110.0,2007.0,0.0
93822,1.0,4.0,102845.0,1.0,190.0,26.6,103598.0,1.0,185.0,22.7,3.0,7.0,4.0,2970.0,28.0,1130.0,2003.0,0.0
64337,1.0,0.0,103813.0,0.0,185.0,27.7,103852.0,0.0,188.0,27.5,3.0,7.0,50.0,1240.0,33.0,1590.0,2009.0,1.0
182398,1.0,4.0,104386.0,1.0,180.0,25.8,104871.0,1.0,188.0,23.2,3.0,7.0,38.0,1075.0,46.0,920.0,2010.0,1.0
165675,1.0,4.0,104926.0,1.0,178.0,28.9,104198.0,1.0,188.0,32.9,3.0,7.0,31.0,1285.0,51.0,910.0,2016.0,1.0
187159,1.0,0.0,104198.0,1.0,188.0,27.1,104252.0,1.0,190.0,26.7,3.0,5.0,39.0,1025.0,56.0,827.0,2010.0,1.0
105147,1.0,3.0,104542.0,1.0,188.0,28.1,104678.0,1.0,193.0,27.2,5.0,5.0,8.0,3795.0,57.0,800.0,2013.0,0.0
187888,3.0,0.0,106234.0,1.0,185.0,28.4,111456.0,1.0,178.0,26.8,3.0,6.0,22.0,1933.0,61.0,986.0,2022.0,1.0
146141,1.0,0.0,103292.0,1.0,175.0,26.1,103970.0,1.0,175.0,22.8,3.0,9.0,8.0,1960.0,53.0,760.0,2005.0,0.0
191310,3.0,4.0,104098.0,1.0,185.0,25.2,104755.0,1.0,185.0,21.7,3.0,7.0,35.0,940.0,8.0,1885.0,2008.0,0.0
135487,1.0,0.0,105208.0,1.0,190.0,25.7,103656.0,1.0,175.0,33.4,3.0,9.0,19.0,1890.0,61.0,785.0,2014.0,0.0
187678,3.0,4.0,103285.0,1.0,185.0,30.3,104269.0,0.0,188.0,25.3,3.0,5.0,19.0,2470.0,9.0,3590.0,2009.0,1.0
199742,3.0,0.0,104252.0,1.0,190.0,23.9,103990.0,1.0,180.0,25.4,3.0,6.0,56.0,611.0,9.0,1920.0,2007.0,1.0
162294,1.0,3.0,104745.0,0.0,185.0,20.9,103656.0,1.0,175.0,26.4,5.0,6.0,2.0,5225.0,50.0,715.0,2007.0,0.0
200258,3.0,0.0,104312.0,1.0,190.0,30.9,104719.0,1.0,190.0,28.8,3.0,9.0,40.0,1050.0,55.0,825.0,2015.0,0.0
103576,3.0,4.0,103428.0,1.0,190.0,28.5,104098.0,1.0,185.0,25.2,3.0,7.0,28.0,1115.0,37.0,925.0,2008.0,0.0
131139,3.0,0.0,104542.0,1.0,188.0,23.7,104755.0,1.0,185.0,22.5,3.0,3.0,7.0,3950.0,23.0,2320.0,2009.0,1.0
23312,1.0,3.0,104745.0,0.0,185.0,24.9,104417.0,1.0,193.0,26.7,5.0,3.0,1.0,12070.0,5.0,5435.0,2011.0,0.0
51976,3.0,0.0,105238.0,1.0,180.0,24.7,104338.0,1.0,185.0,29.3,3.0,5.0,38.0,1080.0,31.0,1275.0,2013.0,0.0
68356,3.0,3.0,104925.0,1.0,188.0,27.6,104269.0,0.0,188.0,31.1,5.0,6.0,1.0,11405.0,33.0,1135.0,2015.0,0.0
77874,1.0,4.0,104731.0,1.0,203.0,29.9,104792.0,1.0,193.0,29.6,3.0,7.0,19.0,1840.0,15.0,2460.0,2016.0,1.0
109148,3.0,0.0,103084.0,1.0,185.0,26.8,103163.0,1.0,188.0,26.5,3.0,9.0,26.0,1199.0,30.0,1030.0,2004.0,0.0
86170,3.0,4.0,111575.0,1.0,198.0,22.4,106233.0,1.0,185.0,25.1,3.0,9.0,18.0,1845.0,8.0,3825.0,2018.0,0.0
181859,3.0,4.0,104597.0,1.0,183.0,23.1,104620.0,1.0,183.0,23.0,3.0,7.0,17.0,1305.0,43.0,810.0,2008.0,1.0
178085,3.0,4.0,103096.0,1.0,173.0,28.6,103252.0,1.0,175.0,27.9,3.0,7.0,43.0,827.0,50.0,779.0,2006.0,0.0
124998,3.0,0.0,103171.0,1.0,185.0,25.7,103602.0,1.0,183.0,23.4,3.0,6.0,58.0,608.0,35.0,1025.0,2004.0,0.0
3360,3.0,0.0,126774.0,1.0,193.0,20.9,111442.0,1.0,183.0,25.2,3.0,5.0,6.0,4045.0,46.0,1009.0,2019.0,0.0
158952,3.0,4.0,103812.0,1.0,198.0,22.6,103602.0,1.0,183.0,23.6,3.0,7.0,63.0,554.0,27.0,1120.0,2004.0,1.0
70312,3.0,0.0,104259.0,1.0,178.0,25.2,103819.0,1.0,185.0,27.4,3.0,3.0,28.0,2160.0,2.0,10610.0,2009.0,1.0
23992,0.0,0.0,103898.0,1.0,185.0,24.8,103018.0,1.0,196.0,29.2,3.0,5.0,46.0,780.0,59.0,670.0,2006.0,1.0
150977,3.0,0.0,104871.0,1.0,188.0,24.0,104607.0,1.0,196.0,25.4,3.0,6.0,51.0,935.0,7.0,4270.0,2011.0,1.0
81071,3.0,3.0,104797.0,1.0,188.0,25.3,104542.0,1.0,188.0,26.7,5.0,4.0,60.0,802.0,6.0,4335.0,2012.0,1.0
191237,3.0,0.0,105936.0,1.0,185.0,26.5,105223.0,1.0,198.0,30.0,3.0,3.0,36.0,1222.0,4.0,5980.0,2018.0,1.0
42906,1.0,4.0,105777.0,1.0,188.0,26.9,104259.0,1.0,178.0,34.4,3.0,5.0,5.0,4635.0,40.0,1230.0,2018.0,0.0
132671,1.0,4.0,103333.0,1.0,208.0,31.1,104269.0,0.0,188.0,26.4,3.0,6.0,36.0,1295.0,9.0,3735.0,2010.0,1.0
74897,3.0,1.0,105077.0,0.0,188.0,29.2,104925.0,1.0,188.0,29.8,5.0,8.0,24.0,1625.0,2.0,7915.0,2017.0,1.0
135250,1.0,0.0,126610.0,1.0,196.0,26.2,104755.0,1.0,185.0,36.0,3.0,5.0,15.0,2280.0,64.0,776.0,2022.0,0.0
88261,3.0,4.0,104545.0,1.0,206.0,25.3,103900.0,1.0,180.0,28.6,3.0,6.0,19.0,1805.0,37.0,1145.0,2010.0,1.0
62099,1.0,4.0,104597.0,1.0,183.0,24.7,103781.0,0.0,183.0,28.9,3.0,3.0,35.0,1315.0,30.0,1360.0,2010.0,0.0
140646,2.0,3.0,104918.0,1.0,190.0,26.1,104022.0,1.0,183.0,30.9,5.0,5.0,2.0,8560.0,26.0,1415.0,2013.0,0.0
10844,3.0,3.0,104925.0,1.0,188.0,28.2,103852.0,0.0,188.0,33.9,5.0,3.0,1.0,14865.0,19.0,1665.0,2015.0,0.0
104168,3.0,4.0,103888.0,1.0,188.0,22.2,103819.0,1.0,185.0,22.5,3.0,5.0,19.0,1275.0,1.0,5170.0,2004.0,1.0
63793,3.0,4.0,105311.0,1.0,185.0,27.9,104999.0,0.0,190.0,29.5,3.0,7.0,37.0,1100.0,32.0,1216.0,2017.0,1.0
137000,3.0,2.0,104745.0,0.0,185.0,34.4,126094.0,1.0,188.0,23.0,3.0,8.0,2.0,9850.0,8.0,3919.0,2020.0,0.0
110371,1.0,0.0,104678.0,1.0,193.0,24.2,104338.0,1.0,185.0,26.1,3.0,8.0,40.0,1075.0,30.0,1425.0,2010.0,1.0
203470,1.0,4.0,106071.0,1.0,193.0,22.4,104586.0,1.0,196.0,29.7,3.0,7.0,26.0,1365.0,31.0,1220.0,2015.0,0.0
179179,3.0,4.0,104724.0,1.0,183.0,24.4,104198.0,1.0,188.0,27.3,3.0,7.0,56.0,868.0,35.0,1175.0,2010.0,1.0
3179,3.0,0.0,106421.0,1.0,198.0,25.8,200000.0,1.0,193.0,21.4,3.0,9.0,2.0,8640.0,11.0,3308.0,2022.0,0.0
3902,3.0,2.0,103819.0,1.0,185.0,29.2,104417.0,1.0,193.0,26.2,3.0,8.0,2.0,7645.0,4.0,5380.0,2010.0,0.0
59339,1.0,0.0,103835.0,1.0,183.0,25.5,104597.0,1.0,183.0,21.6,3.0,3.0,53.0,672.0,31.0,940.0,2007.0,1.0
90748,2.0,0.0,105373.0,0.0,190.0,24.9,104755.0,1.0,185.0,27.9,3.0,3.0,57.0,840.0,14.0,2310.0,2014.0,1.0
201668,1.0,0.0,105138.0,1.0,183.0,32.4,126094.0,1.0,188.0,22.9,3.0,3.0,11.0,2620.0,14.0,2414.0,2020.0,1.0
173542,1.0,0.0,103909.0,1.0,175.0,23.5,104214.0,1.0,185.0,22.0,3.0,3.0,9.0,1670.0,50.0,704.0,2005.0,0.0
189416,1.0,4.0,104925.0,1.0,188.0,31.9,105227.0,1.0,198.0,30.6,3.0,3.0,1.0,11160.0,11.0,2845.0,2019.0,0.0
110625,2.0,3.0,103096.0,1.0,173.0,31.5,105223.0,1.0,198.0,20.7,5.0,4.0,53.0,1059.0,5.0,5730.0,2009.0,1.0
41977,2.0,0.0,104327.0,1.0,178.0,24.2,104339.0,1.0,196.0,24.2,3.0,5.0,52.0,732.0,43.0,825.0,2008.0,1.0
72323,3.0,0.0,103752.0,1.0,185.0,28.5,104198.0,1.0,188.0,26.3,3.0,5.0,59.0,767.0,49.0,859.0,2009.0,1.0
99904,2.0,3.0,104925.0,1.0,188.0,34.1,106426.0,1.0,185.0,25.0,5.0,5.0,1.0,12113.0,20.0,2440.0,2021.0,0.0
144407,3.0,4.0,103819.0,1.0,185.0,22.9,104053.0,1.0,188.0,21.9,3.0,2.0,1.0,5665.0,2.0,4945.0,2004.0,0.0
78218,3.0,0.0,103387.0,1.0,185.0,26.1,103970.0,1.0,175.0,23.3,3.0,5.0,49.0,730.0,18.0,1370.0,2005.0,1.0
180429,3.0,4.0,102456.0,1.0,180.0,28.4,101965.0,1.0,185.0,31.5,3.0,7.0,44.0,810.0,32.0,1070.0,2003.0,1.0
130816,1.0,3.0,200175.0,1.0,183.0,21.7,111513.0,1.0,188.0,25.9,5.0,7.0,48.0,1384.0,55.0,1168.0,2021.0,1.0
188185,1.0,4.0,105683.0,1.0,196.0,25.3,106401.0,1.0,193.0,21.0,3.0,6.0,10.0,2740.0,20.0,1795.0,2016.0,1.0
84520,1.0,0.0,104417.0,1.0,193.0,21.7,103722.0,1.0,180.0,25.1,3.0,6.0,57.0,720.0,48.0,782.0,2006.0,0.0
52260,1.0,4.0,104053.0,1.0,188.0,22.6,102610.0,1.0,180.0,29.8,3.0,6.0,3.0,3515.0,50.0,780.0,2005.0,0.0
39479,3.0,0.0,104918.0,1.0,190.0,20.6,103694.0,1.0,168.0,26.9,3.0,6.0,11.0,1755.0,48.0,661.0,2007.0,0.0
161600,1.0,0.0,103786.0,1.0,178.0,24.9,102845.0,1.0,190.0,29.6,3.0,9.0,6.0,2360.0,39.0,835.0,2006.0,0.0
199593,3.0,0.0,102854.0,1.0,193.0,26.9,102434.0,1.0,183.0,29.1,3.0,3.0,13.0,1515.0,31.0,1005.0,2003.0,0.0
42022,1.0,0.0,104269.0,0.0,188.0,32.6,105077.0,0.0,188.0,28.4,3.0,2.0,59.0,820.0,35.0,1210.0,2016.0,1.0
181817,2.0,3.0,104925.0,1.0,188.0,19.0,104339.0,1.0,196.0,22.2,5.0,5.0,39.0,841.0,10.0,1885.0,2006.0,1.0
204602,1.0,4.0,103819.0,1.0,185.0,31.7,105453.0,1.0,178.0,23.3,3.0,5.0,2.0,8670.0,16.0,2090.0,2013.0,1.0
19255,3.0,4.0,105227.0,1.0,198.0,29.4,104545.0,1.0,206.0,32.8,3.0,5.0,3.0,4905.0,17.0,2170.0,2018.0,1.0
43634,2.0,0.0,104607.0,1.0,196.0,20.7,104019.0,1.0,193.0,23.9,3.0,9.0,15.0,1505.0,42.0,822.0,2006.0,0.0
91644,3.0,4.0,105683.0,1.0,196.0,23.8,105138.0,1.0,183.0,26.5,3.0,5.0,10.0,3930.0,15.0,2065.0,2014.0,0.0
33927,3.0,4.0,111815.0,0.0,188.0,23.9,105916.0,1.0,188.0,27.4,3.0,7.0,62.0,880.0,55.0,965.0,2019.0,0.0
100784,3.0,3.0,106233.0,1.0,185.0,20.9,105208.0,1.0,190.0,25.9,5.0,7.0,45.0,985.0,12.0,2580.0,2014.0,0.0
135513,3.0,2.0,104925.0,1.0,188.0,26.4,105223.0,1.0,198.0,25.1,3.0,8.0,2.0,10610.0,5.0,5055.0,2013.0,0.0
140549,3.0,4.0,104918.0,1.0,190.0,24.4,103970.0,1.0,175.0,29.5,3.0,2.0,4.0,7825.0,5.0,4200.0,2011.0,0.0
150855,1.0,4.0,105777.0,1.0,188.0,21.9,104527.0,1.0,183.0,28.1,3.0,5.0,28.0,1272.0,15.0,2165.0,2013.0,1.0
110199,3.0,4.0,104755.0,1.0,185.0,21.7,104098.0,1.0,185.0,25.2,3.0,7.0,8.0,1885.0,35.0,940.0,2008.0,1.0
190758,3.0,3.0,103602.0,1.0,183.0,23.4,104053.0,1.0,188.0,21.3,5.0,4.0,35.0,1025.0,1.0,4535.0,2004.0,1.0
140923,3.0,3.0,104545.0,1.0,206.0,28.3,104792.0,1.0,193.0,26.9,5.0,7.0,17.0,2025.0,39.0,1080.0,2013.0,0.0
79168,3.0,0.0,134770.0,1.0,183.0,21.0,106421.0,1.0,198.0,23.9,3.0,8.0,53.0,949.0,5.0,5705.0,2020.0,1.0
111357,3.0,3.0,104527.0,1.0,183.0,26.8,104597.0,1.0,183.0,26.4,5.0,6.0,22.0,1615.0,10.0,2380.0,2012.0,1.0
4778,3.0,4.0,103819.0,1.0,185.0,25.9,103333.0,1.0,208.0,28.4,3.0,6.0,1.0,7290.0,34.0,847.0,2007.0,0.0
99832,0.0,0.0,102450.0,1.0,185.0,29.1,103280.0,1.0,196.0,24.9,3.0,6.0,32.0,1055.0,16.0,1400.0,2003.0,0.0
113895,1.0,3.0,104745.0,0.0,185.0,24.9,104545.0,1.0,206.0,26.0,5.0,4.0,1.0,12070.0,39.0,1070.0,2011.0,0.0
102950,1.0,0.0,103428.0,1.0,190.0,30.9,103786.0,1.0,178.0,29.1,3.0,3.0,56.0,853.0,6.0,4285.0,2010.0,0.0
174722,1.0,4.0,103852.0,0.0,188.0,32.6,104022.0,1.0,183.0,31.8,3.0,6.0,29.0,1225.0,16.0,2065.0,2014.0,0.0
32549,1.0,3.0,104745.0,0.0,185.0,28.9,106058.0,1.0,185.0,22.6,5.0,5.0,7.0,4570.0,37.0,1125.0,2015.0,0.0
184475,1.0,4.0,105807.0,1.0,188.0,24.7,104542.0,1.0,188.0,30.9,3.0,6.0,51.0,899.0,9.0,3130.0,2016.0,1.0
81514,3.0,1.0,103566.0,0.0,190.0,30.3,104338.0,1.0,185.0,26.4,5.0,8.0,30.0,1275.0,33.0,1235.0,2010.0,0.0
70694,3.0,0.0,102845.0,1.0,190.0,30.3,104571.0,1.0,183.0,21.5,3.0,3.0,44.0,790.0,11.0,1860.0,2007.0,0.0
120267,1.0,0.0,104918.0,1.0,190.0,29.9,106233.0,1.0,185.0,23.6,3.0,9.0,1.0,11690.0,9.0,3385.0,2017.0,1.0
94335,1.0,4.0,102845.0,1.0,190.0,30.7,104607.0,1.0,196.0,21.6,3.0,6.0,36.0,860.0,12.0,1990.0,2007.0,0.0
34677,1.0,3.0,104919.0,1.0,188.0,28.0,105668.0,1.0,203.0,24.5,5.0,7.0,22.0,1580.0,50.0,940.0,2015.0,0.0
80939,2.0,3.0,103917.0,1.0,190.0,32.4,104719.0,1.0,190.0,28.1,5.0,4.0,54.0,860.0,30.0,1250.0,2014.0,1.0
177322,3.0,3.0,102845.0,1.0,190.0,26.9,101962.0,1.0,193.0,31.9,5.0,5.0,7.0,2570.0,21.0,1260.0,2003.0,1.0
14674,2.0,0.0,104918.0,1.0,190.0,24.0,104542.0,1.0,188.0,26.1,3.0,2.0,4.0,6625.0,19.0,1480.0,2011.0,0.0
71137,2.0,3.0,111442.0,1.0,183.0,25.1,106401.0,1.0,193.0,24.1,5.0,4.0,44.0,1037.0,43.0,1045.0,2019.0,1.0
73122,3.0,4.0,104597.0,1.0,183.0,24.2,104745.0,0.0,185.0,23.4,3.0,6.0,27.0,1305.0,2.0,8845.0,2009.0,1.0
30223,1.0,0.0,103812.0,1.0,198.0,31.9,104259.0,1.0,178.0,29.7,3.0,9.0,51.0,857.0,25.0,1535.0,2013.0,1.0
71835,3.0,4.0,104468.0,1.0,183.0,24.8,104542.0,1.0,188.0,24.5,3.0,5.0,12.0,2675.0,9.0,2985.0,2009.0,1.0
106203,3.0,0.0,111456.0,1.0,178.0,26.8,111575.0,1.0,198.0,25.7,3.0,6.0,51.0,1146.0,27.0,1770.0,2022.0,1.0
45698,1.0,4.0,104871.0,1.0,188.0,22.2,104076.0,1.0,190.0,26.5,3.0,7.0,40.0,1461.0,44.0,1270.0,2009.0,0.0
164617,3.0,0.0,104755.0,1.0,185.0,29.3,106233.0,1.0,185.0,22.1,3.0,5.0,11.0,2580.0,19.0,1600.0,2015.0,0.0
32420,3.0,3.0,104571.0,1.0,183.0,24.5,103720.0,1.0,180.0,28.8,5.0,6.0,31.0,1215.0,22.0,1600.0,2010.0,1.0
39648,2.0,0.0,103971.0,1.0,180.0,23.1,103694.0,1.0,168.0,24.3,3.0,5.0,45.0,812.0,36.0,921.0,2005.0,1.0
39324,3.0,0.0,105173.0,0.0,183.0,28.3,106058.0,1.0,185.0,24.0,3.0,6.0,53.0,846.0,22.0,1675.0,2016.0,1.0
149202,0.0,4.0,103484.0,1.0,185.0,23.8,102783.0,1.0,180.0,27.5,3.0,6.0,36.0,975.0,6.0,2885.0,2003.0,1.0
139626,1.0,4.0,104527.0,1.0,183.0,29.1,103163.0,1.0,188.0,36.1,3.0,5.0,3.0,5785.0,19.0,1835.0,2014.0,1.0
150289,3.0,4.0,103888.0,1.0,188.0,30.2,104597.0,1.0,183.0,26.5,3.0,5.0,8.0,2910.0,12.0,2205.0,2012.0,0.0
6828,3.0,0.0,104755.0,1.0,185.0,19.5,102450.0,1.0,185.0,31.3,3.0,6.0,16.0,1506.0,36.0,850.0,2006.0,1.0
83176,3.0,4.0,105676.0,1.0,180.0,27.6,104731.0,1.0,203.0,32.2,3.0,5.0,11.0,3085.0,6.0,4535.0,2018.0,0.0
9049,2.0,0.0,105992.0,1.0,183.0,20.1,104545.0,1.0,206.0,27.2,3.0,9.0,48.0,855.0,11.0,2520.0,2012.0,1.0
170714,3.0,0.0,104022.0,1.0,183.0,24.6,103970.0,1.0,175.0,24.8,3.0,3.0,22.0,1215.0,15.0,1610.0,2007.0,0.0
41714,3.0,4.0,104339.0,1.0,196.0,24.5,102783.0,1.0,180.0,32.5,3.0,7.0,37.0,900.0,29.0,1040.0,2008.0,0.0
23168,3.0,0.0,103852.0,0.0,188.0,26.4,104607.0,1.0,196.0,22.4,3.0,5.0,41.0,785.0,10.0,1685.0,2008.0,0.0
39844,1.0,4.0,103786.0,1.0,178.0,27.9,103722.0,1.0,180.0,28.1,3.0,6.0,11.0,3265.0,51.0,1196.0,2009.0,0.0
194602,1.0,0.0,106210.0,0.0,198.0,21.7,104198.0,1.0,188.0,31.8,3.0,2.0,46.0,978.0,45.0,985.0,2015.0,1.0
174649,1.0,0.0,106234.0,1.0,185.0,27.6,206173.0,1.0,188.0,19.7,3.0,6.0,25.0,2245.0,17.0,2500.0,2021.0,1.0
19191,1.0,4.0,104269.0,0.0,188.0,31.4,105777.0,1.0,188.0,23.9,3.0,7.0,40.0,1100.0,11.0,3055.0,2015.0,1.0
41535,3.0,4.0,105449.0,1.0,188.0,25.7,104312.0,1.0,190.0,31.6,3.0,7.0,47.0,915.0,27.0,1440.0,2015.0,0.0
152872,3.0,0.0,105238.0,1.0,180.0,25.9,104871.0,1.0,188.0,27.6,3.0,5.0,24.0,1455.0,34.0,1115.0,2014.0,1.0
188746,3.0,0.0,104542.0,1.0,188.0,23.4,104925.0,1.0,188.0,21.3,3.0,2.0,20.0,1250.0,3.0,4855.0,2008.0,0.0
143565,3.0,2.0,104607.0,1.0,196.0,29.1,105227.0,1.0,198.0,26.1,3.0,8.0,7.0,4465.0,9.0,4150.0,2014.0,0.0
165605,1.0,3.0,103163.0,1.0,188.0,31.1,103819.0,1.0,185.0,27.7,5.0,5.0,63.0,1015.0,2.0,10470.0,2009.0,1.0
93179,3.0,4.0,103970.0,1.0,175.0,28.3,103900.0,1.0,180.0,28.6,3.0,7.0,12.0,3100.0,45.0,965.0,2010.0,1.0
45482,3.0,0.0,105173.0,0.0,183.0,33.5,105676.0,1.0,180.0,31.1,3.0,5.0,58.0,1049.0,52.0,1141.0,2022.0,0.0
132009,1.0,0.0,104417.0,1.0,193.0,24.9,104597.0,1.0,183.0,23.8,3.0,3.0,12.0,2935.0,41.0,1135.0,2009.0,0.0
58303,3.0,0.0,104386.0,1.0,180.0,25.6,104022.0,1.0,183.0,27.6,3.0,3.0,39.0,1065.0,15.0,1975.0,2010.0,1.0
69164,3.0,0.0,106233.0,1.0,185.0,22.0,104797.0,1.0,188.0,29.0,3.0,3.0,21.0,1555.0,62.0,751.0,2015.0,0.0
73090,3.0,0.0,126094.0,1.0,188.0,19.9,104229.0,1.0,180.0,34.1,3.0,5.0,37.0,1221.0,63.0,799.0,2017.0,1.0
53383,3.0,4.0,103852.0,0.0,188.0,22.0,102882.0,1.0,196.0,26.9,3.0,6.0,35.0,1025.0,13.0,1615.0,2003.0,0.0
194046,3.0,0.0,103852.0,0.0,188.0,22.4,103344.0,1.0,193.0,24.9,3.0,3.0,32.0,1005.0,42.0,865.0,2004.0,0.0
87168,3.0,0.0,104252.0,1.0,190.0,23.0,103344.0,1.0,193.0,27.5,3.0,5.0,57.0,705.0,3.0,3190.0,2006.0,1.0
47536,3.0,0.0,103812.0,1.0,198.0,27.4,104022.0,1.0,183.0,26.5,3.0,5.0,48.0,1486.0,39.0,1670.0,2009.0,0.0
102229,3.0,4.0,105311.0,1.0,185.0,26.3,106071.0,1.0,193.0,22.8,3.0,7.0,40.0,1021.0,26.0,1410.0,2015.0,1.0
95310,1.0,1.0,111797.0,1.0,198.0,22.4,106043.0,1.0,170.0,25.6,3.0,8.0,64.0,822.0,15.0,2220.0,2018.0,1.0
67319,3.0,0.0,104417.0,1.0,193.0,22.0,103786.0,1.0,178.0,25.2,3.0,9.0,41.0,893.0,7.0,2085.0,2006.0,1.0
188014,1.0,4.0,100644.0,1.0,198.0,19.0,103819.0,1.0,185.0,34.7,3.0,6.0,44.0,975.0,2.0,7525.0,2016.0,1.0
172508,3.0,0.0,105023.0,1.0,198.0,29.3,106378.0,1.0,188.0,22.1,3.0,6.0,40.0,1000.0,45.0,933.0,2017.0,0.0
187058,3.0,4.0,111456.0,1.0,178.0,26.9,136440.0,0.0,180.0,27.8,3.0,4.0,54.0,981.0,64.0,899.0,2022.0,0.0
93152,3.0,4.0,105777.0,1.0,188.0,26.2,106401.0,1.0,193.0,22.2,3.0,2.0,11.0,3070.0,23.0,1770.0,2017.0,0.0
5622,1.0,0.0,103908.0,1.0,185.0,34.5,105077.0,0.0,188.0,28.5,3.0,3.0,60.0,854.0,31.0,1360.0,2016.0,0.0
8682,3.0,0.0,103252.0,1.0,175.0,27.1,103598.0,1.0,185.0,25.2,3.0,5.0,58.0,656.0,48.0,754.0,2005.0,0.0
89572,2.0,0.0,106071.0,1.0,193.0,24.6,104999.0,0.0,190.0,29.8,3.0,5.0,60.0,820.0,30.0,1396.0,2017.0,0.0
98624,3.0,0.0,104098.0,1.0,185.0,24.8,103852.0,0.0,188.0,26.0,3.0,5.0,30.0,950.0,46.0,697.0,2007.0,1.0
171376,3.0,0.0,104594.0,1.0,194.0,28.9,103720.0,1.0,180.0,33.4,3.0,6.0,49.0,887.0,45.0,960.0,2014.0,1.0
11605,1.0,0.0,104022.0,1.0,183.0,25.9,103808.0,1.0,188.0,26.8,3.0,8.0,16.0,1410.0,49.0,715.0,2008.0,0.0
13428,3.0,3.0,103888.0,1.0,188.0,30.7,104468.0,1.0,183.0,27.6,5.0,6.0,25.0,1535.0,17.0,1890.0,2012.0,0.0
206526,1.0,0.0,104527.0,1.0,183.0,26.9,103507.0,1.0,183.0,32.0,3.0,6.0,29.0,1300.0,47.0,960.0,2012.0,0.0
149183,1.0,4.0,104022.0,1.0,183.0,24.8,104745.0,0.0,185.0,20.9,3.0,5.0,16.0,1645.0,2.0,4875.0,2007.0,1.0
68090,1.0,3.0,104925.0,1.0,188.0,19.0,103163.0,1.0,188.0,28.1,5.0,6.0,63.0,627.0,25.0,1250.0,2006.0,0.0
147967,1.0,3.0,102703.0,1.0,180.0,32.3,102035.0,1.0,183.0,36.1,5.0,4.0,52.0,670.0,62.0,588.0,2008.0,0.0
18506,0.0,0.0,103018.0,1.0,196.0,27.2,104339.0,1.0,196.0,20.5,3.0,6.0,61.0,620.0,26.0,1111.0,2004.0,0.0
113306,3.0,0.0,103598.0,1.0,185.0,24.4,103566.0,0.0,190.0,24.6,3.0,6.0,47.0,808.0,52.0,765.0,2005.0,1.0
195219,3.0,0.0,103813.0,0.0,185.0,31.1,105683.0,1.0,196.0,21.7,3.0,3.0,38.0,992.0,15.0,2090.0,2012.0,0.0
141680,1.0,3.0,104745.0,0.0,185.0,26.9,103970.0,1.0,175.0,31.1,5.0,2.0,4.0,6895.0,5.0,6740.0,2013.0,0.0
95824,3.0,0.0,104534.0,1.0,175.0,22.7,103720.0,1.0,180.0,26.8,3.0,6.0,64.0,573.0,21.0,1365.0,2007.0,1.0
206928,1.0,4.0,104527.0,1.0,183.0,22.1,103507.0,1.0,183.0,27.2,3.0,7.0,46.0,740.0,19.0,1355.0,2007.0,1.0
5288,3.0,4.0,103428.0,1.0,190.0,24.9,101736.0,1.0,180.0,34.2,3.0,5.0,16.0,1320.0,11.0,1890.0,2004.0,1.0
145693,3.0,0.0,104571.0,1.0,183.0,24.5,104755.0,1.0,185.0,23.5,3.0,2.0,42.0,965.0,53.0,805.0,2010.0,0.0
32589,3.0,0.0,105449.0,1.0,188.0,26.0,104678.0,1.0,193.0,29.8,3.0,6.0,32.0,1240.0,22.0,1487.0,2016.0,1.0
143475,1.0,4.0,105227.0,1.0,198.0,28.5,104607.0,1.0,196.0,31.5,3.0,5.0,8.0,3385.0,12.0,2780.0,2017.0,0.0
52553,1.0,4.0,104678.0,1.0,193.0,23.2,105223.0,1.0,198.0,20.5,3.0,6.0,40.0,1445.0,5.0,4580.0,2009.0,1.0
83817,3.0,4.0,103454.0,1.0,183.0,24.0,103507.0,1.0,183.0,23.6,5.0,2.0,21.0,1192.0,1.0,4195.0,2003.0,1.0
62731,3.0,4.0,103813.0,0.0,185.0,26.9,104607.0,1.0,196.0,22.8,3.0,7.0,29.0,1030.0,21.0,1210.0,2008.0,1.0
75798,3.0,4.0,104925.0,1.0,188.0,31.2,103819.0,1.0,185.0,37.0,3.0,2.0,10.0,3445.0,2.0,6480.0,2018.0,0.0
118162,3.0,0.0,103852.0,0.0,188.0,23.4,103694.0,1.0,168.0,24.0,3.0,6.0,20.0,1330.0,40.0,895.0,2005.0,1.0
72644,1.0,0.0,105643.0,0.0,190.0,25.3,106058.0,1.0,185.0,23.3,3.0,6.0,46.0,895.0,23.0,1570.0,2016.0,0.0
4199,3.0,3.0,104607.0,1.0,196.0,24.3,105095.0,1.0,185.0,21.9,5.0,7.0,21.0,1680.0,53.0,860.0,2010.0,1.0
100502,1.0,3.0,104312.0,1.0,190.0,31.2,104545.0,1.0,206.0,30.0,5.0,4.0,39.0,1100.0,16.0,1980.0,2015.0,1.0
63366,3.0,0.0,103720.0,1.0,180.0,25.0,103484.0,1.0,185.0,26.1,3.0,2.0,10.0,1785.0,21.0,1405.0,2006.0,1.0
156945,1.0,3.0,104745.0,0.0,185.0,23.9,104547.0,0.0,188.0,25.0,5.0,7.0,2.0,6880.0,44.0,935.0,2010.0,0.0
129678,3.0,4.0,105023.0,1.0,198.0,20.4,104607.0,1.0,196.0,22.5,3.0,7.0,50.0,718.0,10.0,1685.0,2008.0,1.0
112937,1.0,4.0,102854.0,1.0,193.0,27.6,102860.0,1.0,183.0,27.5,3.0,7.0,14.0,1455.0,21.0,1205.0,2004.0,1.0
33701,1.0,0.0,104259.0,1.0,178.0,30.5,104797.0,1.0,188.0,27.6,3.0,6.0,26.0,1375.0,55.0,870.0,2014.0,1.0
122671,3.0,0.0,104792.0,1.0,193.0,32.1,104269.0,0.0,188.0,34.9,3.0,3.0,33.0,1265.0,30.0,1410.0,2018.0,1.0
120901,1.0,0.0,104259.0,1.0,178.0,31.5,106210.0,0.0,198.0,21.7,3.0,6.0,26.0,1395.0,35.0,1108.0,2015.0,0.0
15538,3.0,4.0,104607.0,1.0,196.0,30.4,106432.0,1.0,188.0,19.3,3.0,6.0,7.0,3900.0,47.0,921.0,2016.0,0.0
90351,3.0,0.0,106401.0,1.0,193.0,24.8,200005.0,0.0,188.0,21.6,3.0,6.0,23.0,1670.0,43.0,1086.0,2020.0,1.0
140114,1.0,4.0,103602.0,1.0,183.0,26.7,103908.0,1.0,185.0,25.3,3.0,6.0,5.0,2760.0,37.0,825.0,2007.0,0.0
81762,1.0,4.0,104259.0,1.0,178.0,30.5,105668.0,1.0,203.0,23.4,3.0,7.0,29.0,1280.0,22.0,1680.0,2014.0,0.0
69708,1.0,3.0,104678.0,1.0,193.0,29.2,104620.0,1.0,183.0,29.6,5.0,7.0,33.0,1217.0,60.0,826.0,2015.0,1.0
20765,1.0,0.0,106426.0,1.0,185.0,25.8,104545.0,1.0,206.0,36.9,3.0,9.0,29.0,1453.0,27.0,1556.0,2022.0,1.0
162223,1.0,4.0,102106.0,1.0,188.0,33.7,103813.0,0.0,185.0,24.8,3.0,7.0,64.0,620.0,17.0,1450.0,2006.0,1.0
191236,1.0,4.0,206173.0,1.0,188.0,19.7,104745.0,0.0,185.0,34.9,3.0,6.0,18.0,2545.0,3.0,9630.0,2021.0,1.0
9112,1.0,0.0,104655.0,1.0,180.0,34.0,106426.0,1.0,185.0,23.6,3.0,3.0,48.0,1062.0,31.0,1320.0,2020.0,1.0
84731,1.0,4.0,103632.0,1.0,180.0,23.6,104022.0,1.0,183.0,21.8,3.0,7.0,48.0,751.0,45.0,825.0,2004.0,0.0
167092,1.0,4.0,103428.0,1.0,190.0,25.6,102450.0,1.0,185.0,30.6,3.0,5.0,40.0,895.0,9.0,2155.0,2005.0,0.0
39524,3.0,4.0,104586.0,1.0,196.0,27.6,104925.0,1.0,188.0,25.8,3.0,7.0,64.0,749.0,1.0,13280.0,2013.0,1.0
68744,3.0,4.0,104386.0,1.0,180.0,27.1,104269.0,0.0,188.0,27.7,3.0,6.0,24.0,1390.0,20.0,1705.0,2011.0,0.0
71195,3.0,0.0,103096.0,1.0,173.0,26.0,103888.0,1.0,188.0,22.0,3.0,6.0,31.0,1065.0,21.0,1295.0,2004.0,0.0
129910,3.0,0.0,103852.0,0.0,188.0,30.4,103819.0,1.0,185.0,30.5,3.0,5.0,15.0,1890.0,3.0,8235.0,2012.0,1.0
152053,3.0,0.0,111575.0,1.0,198.0,21.3,104745.0,0.0,185.0,31.3,3.0,5.0,42.0,1100.0,1.0,9465.0,2017.0,1.0
174917,1.0,4.0,104925.0,1.0,188.0,19.9,103292.0,1.0,175.0,28.3,3.0,6.0,7.0,2540.0,45.0,740.0,2007.0,0.0
123694,3.0,4.0,103990.0,1.0,180.0,22.2,103428.0,1.0,190.0,24.9,3.0,6.0,27.0,1080.0,17.0,1285.0,2004.0,1.0
38309,3.0,3.0,104607.0,1.0,196.0,30.3,103819.0,1.0,185.0,34.4,5.0,3.0,6.0,4560.0,3.0,8165.0,2016.0,1.0
136565,3.0,0.0,102434.0,1.0,183.0,33.0,103888.0,1.0,188.0,25.6,3.0,6.0,59.0,610.0,42.0,745.0,2007.0,1.0
32793,3.0,0.0,206173.0,1.0,188.0,20.1,105902.0,1.0,183.0,29.6,3.0,3.0,14.0,2895.0,56.0,1142.0,2021.0,0.0
77567,1.0,0.0,104597.0,1.0,183.0,25.4,103990.0,1.0,180.0,28.7,3.0,9.0,13.0,2320.0,32.0,1265.0,2011.0,0.0
146458,3.0,4.0,104792.0,1.0,193.0,22.1,104338.0,1.0,185.0,24.5,3.0,6.0,16.0,1408.0,49.0,740.0,2008.0,0.0
168803,3.0,0.0,106415.0,0.0,170.0,25.0,200000.0,1.0,193.0,20.1,3.0,3.0,56.0,1017.0,22.0,2126.0,2020.0,1.0
192952,3.0,4.0,103498.0,1.0,193.0,24.4,103017.0,1.0,183.0,27.0,3.0,7.0,14.0,1425.0,25.0,1100.0,2004.0,1.0
197611,1.0,4.0,134770.0,1.0,183.0,23.3,105777.0,1.0,188.0,30.9,3.0,5.0,7.0,4380.0,29.0,1458.0,2022.0,1.0
73200,3.0,1.0,202103.0,1.0,185.0,24.0,106432.0,1.0,188.0,25.8,3.0,8.0,27.0,1394.0,26.0,1405.0,2022.0,1.0
138339,3.0,4.0,103909.0,1.0,175.0,23.1,103387.0,1.0,185.0,25.7,3.0,6.0,5.0,2410.0,33.0,1015.0,2005.0,0.0
125178,1.0,4.0,104542.0,1.0,188.0,27.0,104925.0,1.0,188.0,24.9,3.0,3.0,5.0,4930.0,1.0,11200.0,2012.0,1.0
40025,3.0,4.0,104597.0,1.0,183.0,21.9,103813.0,0.0,185.0,26.0,3.0,5.0,32.0,890.0,28.0,1000.0,2007.0,0.0
177675,1.0,4.0,103017.0,1.0,183.0,26.7,103909.0,1.0,175.0,22.2,3.0,6.0,32.0,978.0,4.0,3230.0,2004.0,1.0
32925,3.0,4.0,105023.0,1.0,198.0,25.4,104594.0,1.0,194.0,27.5,3.0,6.0,23.0,1695.0,53.0,813.0,2013.0,0.0
11784,0.0,0.0,104339.0,1.0,196.0,21.5,104053.0,1.0,188.0,23.1,3.0,3.0,21.0,1360.0,3.0,3120.0,2005.0,1.0
38653,3.0,0.0,103888.0,1.0,188.0,28.6,104053.0,1.0,188.0,27.8,3.0,9.0,49.0,901.0,9.0,3490.0,2010.0,0.0
116549,1.0,4.0,104918.0,1.0,190.0,28.9,104925.0,1.0,188.0,28.9,3.0,2.0,2.0,7925.0,1.0,15550.0,2016.0,1.0
125440,3.0,4.0,104918.0,1.0,190.0,27.3,103970.0,1.0,175.0,32.5,3.0,5.0,11.0,3545.0,5.0,4495.0,2014.0,1.0
136416,3.0,0.0,103852.0,0.0,188.0,31.0,104229.0,1.0,180.0,29.1,3.0,5.0,30.0,1220.0,64.0,694.0,2012.0,0.0
183247,1.0,4.0,105311.0,1.0,185.0,27.0,103917.0,1.0,190.0,34.2,3.0,7.0,35.0,1181.0,49.0,937.0,2016.0,0.0
157430,3.0,0.0,103990.0,1.0,180.0,27.4,104417.0,1.0,193.0,25.1,3.0,5.0,17.0,2045.0,11.0,3020.0,2009.0,1.0
129749,3.0,0.0,105668.0,1.0,203.0,22.9,105311.0,1.0,185.0,24.5,3.0,5.0,15.0,2060.0,53.0,876.0,2013.0,0.0
142370,3.0,3.0,105807.0,1.0,188.0,23.5,104180.0,0.0,193.0,31.6,5.0,4.0,52.0,841.0,42.0,964.0,2015.0,1.0
138928,2.0,0.0,102227.0,1.0,180.0,31.0,103888.0,1.0,188.0,22.4,3.0,5.0,51.0,745.0,23.0,1230.0,2004.0,1.0
32799,1.0,3.0,102967.0,1.0,188.0,31.1,103990.0,1.0,180.0,26.0,5.0,7.0,56.0,629.0,14.0,1430.0,2008.0,1.0
5169,3.0,0.0,105676.0,1.0,180.0,21.7,104545.0,1.0,206.0,27.3,3.0,3.0,58.0,754.0,10.0,2880.0,2012.0,1.0
377,1.0,0.0,104076.0,1.0,190.0,26.3,103990.0,1.0,180.0,26.7,3.0,9.0,35.0,1640.0,17.0,2670.0,2009.0,1.0
7741,1.0,4.0,104259.0,1.0,178.0,25.5,103990.0,1.0,180.0,26.9,3.0,6.0,39.0,1465.0,17.0,2510.0,2009.0,1.0
61333,3.0,0.0,126610.0,1.0,196.0,24.8,105138.0,1.0,183.0,32.8,3.0,9.0,10.0,3120.0,13.0,2710.0,2021.0,0.0
173807,1.0,4.0,104593.0,1.0,185.0,25.7,103566.0,0.0,190.0,30.9,3.0,5.0,61.0,829.0,27.0,1320.0,2011.0,1.0
62667,1.0,0.0,102839.0,1.0,188.0,30.9,104076.0,1.0,190.0,24.7,3.0,6.0,58.0,602.0,49.0,705.0,2007.0,0.0
30257,1.0,4.0,104198.0,1.0,188.0,27.9,104527.0,1.0,183.0,26.0,3.0,7.0,29.0,1285.0,14.0,2000.0,2011.0,0.0
136866,2.0,3.0,105916.0,1.0,188.0,29.3,126094.0,1.0,188.0,23.6,5.0,5.0,48.0,1344.0,7.0,6120.0,2021.0,0.0
127922,3.0,0.0,103990.0,1.0,180.0,24.4,102703.0,1.0,180.0,30.7,3.0,3.0,8.0,2225.0,57.0,671.0,2006.0,1.0
140322,3.0,0.0,105138.0,1.0,183.0,30.5,105311.0,1.0,185.0,29.5,3.0,6.0,26.0,1650.0,48.0,1017.0,2018.0,0.0
175872,3.0,0.0,102318.0,1.0,183.0,30.0,103819.0,1.0,185.0,22.5,3.0,5.0,52.0,664.0,1.0,5170.0,2004.0,1.0
169599,2.0,3.0,103163.0,1.0,188.0,35.2,103852.0,0.0,188.0,31.7,5.0,6.0,13.0,2425.0,32.0,1245.0,2013.0,0.0
41798,3.0,3.0,104542.0,1.0,188.0,24.7,103819.0,1.0,185.0,28.4,5.0,9.0,10.0,2875.0,1.0,10550.0,2010.0,1.0
60292,3.0,0.0,103990.0,1.0,180.0,21.6,103387.0,1.0,185.0,24.5,3.0,9.0,21.0,1295.0,11.0,1595.0,2004.0,1.0
172531,3.0,0.0,104076.0,1.0,190.0,23.8,103428.0,1.0,190.0,26.9,3.0,5.0,27.0,1105.0,35.0,940.0,2006.0,1.0
20735,3.0,0.0,105807.0,1.0,188.0,30.0,136440.0,0.0,180.0,27.2,3.0,5.0,11.0,3260.0,57.0,1153.0,2021.0,0.0
1015,3.0,4.0,102318.0,1.0,183.0,31.7,103163.0,1.0,188.0,27.5,3.0,7.0,48.0,755.0,40.0,845.0,2005.0,1.0
27615,3.0,3.0,104468.0,1.0,183.0,35.0,104655.0,1.0,180.0,34.0,5.0,4.0,61.0,890.0,46.0,1097.0,2020.0,0.0
22801,3.0,4.0,105023.0,1.0,198.0,31.8,105732.0,1.0,188.0,28.4,3.0,7.0,45.0,1035.0,41.0,1048.0,2019.0,0.0
141118,3.0,2.0,200282.0,1.0,183.0,20.7,134770.0,1.0,183.0,20.8,3.0,8.0,18.0,1775.0,56.0,956.0,2019.0,0.0
16260,3.0,0.0,103344.0,1.0,193.0,28.7,102905.0,0.0,175.0,30.9,3.0,6.0,18.0,1580.0,47.0,661.0,2007.0,0.0
179028,1.0,4.0,105932.0,1.0,185.0,30.1,105777.0,1.0,188.0,30.9,3.0,7.0,20.0,1801.0,29.0,1458.0,2022.0,1.0
65572,3.0,0.0,105683.0,1.0,196.0,24.1,104527.0,1.0,183.0,29.8,3.0,9.0,6.0,4845.0,8.0,4050.0,2015.0,1.0
10138,1.0,0.0,103428.0,1.0,190.0,26.8,102860.0,1.0,183.0,29.8,5.0,2.0,44.0,820.0,59.0,648.0,2006.0,1.0
159175,3.0,4.0,126239.0,1.0,196.0,27.2,207733.0,0.0,191.0,20.8,3.0,7.0,42.0,997.0,45.0,981.0,2022.0,1.0
186391,3.0,2.0,106058.0,1.0,185.0,25.1,100644.0,1.0,198.0,20.5,3.0,8.0,9.0,2765.0,3.0,4410.0,2017.0,0.0
12905,2.0,3.0,104269.0,0.0,188.0,31.6,106233.0,1.0,185.0,21.8,5.0,7.0,43.0,1045.0,30.0,1235.0,2015.0,0.0
91035,1.0,3.0,122330.0,1.0,196.0,23.2,132283.0,1.0,191.0,25.3,5.0,7.0,49.0,1045.0,46.0,1075.0,2020.0,1.0
147055,3.0,4.0,104918.0,1.0,190.0,35.2,111815.0,0.0,188.0,26.9,3.0,6.0,47.0,930.0,11.0,3065.0,2022.0,1.0
40650,3.0,0.0,103819.0,1.0,185.0,36.2,105223.0,1.0,198.0,29.0,3.0,2.0,2.0,8505.0,19.0,2225.0,2017.0,0.0
142059,3.0,3.0,104338.0,1.0,185.0,26.8,104898.0,1.0,190.0,23.7,5.0,7.0,28.0,1480.0,62.0,823.0,2011.0,1.0
203155,3.0,4.0,104792.0,1.0,193.0,24.1,103794.0,1.0,178.0,29.3,3.0,6.0,14.0,2485.0,59.0,852.0,2010.0,0.0
202319,3.0,0.0,103888.0,1.0,188.0,29.8,104745.0,0.0,185.0,25.3,3.0,9.0,8.0,2820.0,2.0,10575.0,2011.0,1.0
108113,3.0,3.0,106401.0,1.0,193.0,27.3,106421.0,1.0,198.0,26.5,5.0,5.0,25.0,1430.0,1.0,6885.0,2022.0,0.0
170259,3.0,4.0,104053.0,1.0,188.0,24.9,103970.0,1.0,175.0,25.3,3.0,5.0,4.0,3415.0,15.0,1565.0,2007.0,1.0
128356,2.0,0.0,104607.0,1.0,196.0,31.7,103852.0,0.0,188.0,35.7,3.0,3.0,14.0,2570.0,33.0,1115.0,2017.0,1.0
204285,3.0,0.0,104792.0,1.0,193.0,24.1,104527.0,1.0,183.0,25.5,3.0,5.0,14.0,2485.0,21.0,1720.0,2010.0,0.0
120362,3.0,4.0,105173.0,0.0,183.0,29.1,106233.0,1.0,185.0,23.9,3.0,5.0,36.0,1191.0,8.0,4030.0,2017.0,1.0
116566,3.0,3.0,111202.0,1.0,188.0,19.6,104925.0,1.0,188.0,28.6,5.0,4.0,52.0,821.0,1.0,16790.0,2016.0,1.0
99804,3.0,3.0,207989.0,1.0,185.0,18.3,126774.0,1.0,193.0,23.0,5.0,6.0,55.0,1209.0,3.0,8350.0,2021.0,0.0
5079,0.0,1.0,104755.0,1.0,185.0,19.7,103498.0,1.0,193.0,26.1,5.0,8.0,16.0,1475.0,50.0,760.0,2006.0,1.0
29199,3.0,0.0,104755.0,1.0,185.0,33.6,104792.0,1.0,193.0,33.4,3.0,3.0,56.0,915.0,9.0,2860.0,2020.0,1.0
42791,3.0,3.0,103970.0,1.0,175.0,25.4,104925.0,1.0,188.0,20.2,5.0,9.0,15.0,1565.0,3.0,3670.0,2007.0,1.0
185372,1.0,4.0,103819.0,1.0,185.0,29.7,104417.0,1.0,193.0,26.7,3.0,3.0,3.0,8690.0,5.0,5235.0,2011.0,0.0
24110,1.0,4.0,104076.0,1.0,190.0,23.5,103344.0,1.0,193.0,27.1,3.0,6.0,30.0,940.0,5.0,2635.0,2006.0,0.0
189022,1.0,3.0,103819.0,1.0,185.0,25.8,104745.0,0.0,185.0,20.9,5.0,2.0,1.0,7515.0,2.0,5225.0,2007.0,1.0
51886,3.0,4.0,103852.0,0.0,188.0,27.0,104527.0,1.0,183.0,23.5,3.0,5.0,40.0,865.0,12.0,1520.0,2008.0,0.0
204256,2.0,0.0,104918.0,1.0,190.0,25.1,104527.0,1.0,183.0,27.3,3.0,7.0,4.0,7460.0,26.0,1470.0,2012.0,0.0
59883,0.0,0.0,104022.0,1.0,183.0,23.3,103971.0,1.0,180.0,23.5,3.0,6.0,27.0,1090.0,45.0,781.0,2005.0,0.0
134748,3.0,0.0,103852.0,0.0,188.0,27.0,103781.0,0.0,183.0,27.3,3.0,3.0,45.0,815.0,38.0,879.0,2008.0,0.0
172629,3.0,4.0,200000.0,1.0,193.0,18.5,126774.0,1.0,193.0,20.5,3.0,7.0,58.0,872.0,10.0,3175.0,2019.0,0.0
122547,3.0,0.0,104571.0,1.0,183.0,21.2,103387.0,1.0,185.0,27.2,3.0,9.0,9.0,1952.0,47.0,780.0,2006.0,0.0
93713,3.0,4.0,124187.0,1.0,211.0,23.9,105138.0,1.0,183.0,33.3,3.0,3.0,32.0,1741.0,18.0,2585.0,2021.0,0.0
133233,1.0,0.0,104593.0,1.0,185.0,27.9,104338.0,1.0,185.0,29.3,3.0,3.0,62.0,777.0,31.0,1270.0,2013.0,1.0
188821,2.0,3.0,111575.0,1.0,198.0,23.1,103852.0,0.0,188.0,37.7,5.0,7.0,9.0,2980.0,54.0,917.0,2019.0,0.0
137751,1.0,3.0,103598.0,1.0,185.0,25.8,103454.0,1.0,183.0,26.6,5.0,4.0,37.0,856.0,35.0,885.0,2006.0,1.0
56804,2.0,3.0,104925.0,1.0,188.0,22.0,104534.0,1.0,175.0,24.2,5.0,5.0,4.0,7860.0,46.0,1162.0,2009.0,0.0
127590,3.0,0.0,104925.0,1.0,188.0,32.3,105676.0,1.0,180.0,28.8,3.0,9.0,1.0,9865.0,15.0,2055.0,2019.0,0.0
55595,3.0,0.0,105208.0,1.0,190.0,23.0,103997.0,1.0,190.0,29.3,3.0,6.0,49.0,875.0,56.0,812.0,2011.0,0.0
185702,3.0,3.0,200000.0,1.0,193.0,21.0,106421.0,1.0,198.0,25.5,5.0,9.0,15.0,2828.0,2.0,9980.0,2021.0,1.0
64714,1.0,3.0,200325.0,1.0,188.0,23.1,134770.0,1.0,183.0,23.4,5.0,7.0,61.0,920.0,8.0,3940.0,2022.0,1.0
63007,2.0,0.0,106421.0,1.0,198.0,26.3,105676.0,1.0,180.0,31.5,3.0,6.0,1.0,7950.0,39.0,1080.0,2022.0,0.0
150685,3.0,4.0,103602.0,1.0,183.0,24.6,104053.0,1.0,188.0,22.5,3.0,5.0,17.0,1350.0,3.0,3855.0,2005.0,1.0
64507,3.0,0.0,103900.0,1.0,180.0,29.0,104597.0,1.0,183.0,25.3,3.0,9.0,27.0,1480.0,14.0,2160.0,2011.0,0.0
24179,3.0,0.0,105238.0,1.0,180.0,23.1,103285.0,1.0,185.0,33.0,3.0,3.0,15.0,1925.0,28.0,1275.0,2012.0,0.0
44128,3.0,4.0,103786.0,1.0,178.0,28.1,103602.0,1.0,183.0,29.0,3.0,5.0,8.0,3525.0,10.0,3285.0,2009.0,0.0
13648,2.0,0.0,103294.0,1.0,170.0,30.4,104534.0,1.0,175.0,24.1,3.0,6.0,59.0,978.0,47.0,1135.0,2009.0,1.0
136879,1.0,3.0,104259.0,1.0,178.0,30.6,104918.0,1.0,190.0,27.0,5.0,6.0,24.0,1485.0,8.0,4120.0,2014.0,1.0
2552,3.0,0.0,105554.0,1.0,175.0,30.4,105777.0,1.0,188.0,29.4,3.0,3.0,33.0,1454.0,20.0,2215.0,2020.0,0.0
140025,3.0,0.0,104198.0,1.0,188.0,31.6,106043.0,1.0,170.0,22.4,3.0,6.0,36.0,1020.0,58.0,775.0,2015.0,1.0
12315,1.0,3.0,104417.0,1.0,193.0,25.7,104607.0,1.0,196.0,24.6,5.0,9.0,7.0,4755.0,17.0,2115.0,2010.0,0.0
173391,1.0,0.0,104022.0,1.0,183.0,26.8,104607.0,1.0,196.0,23.6,3.0,2.0,64.0,1045.0,28.0,1685.0,2009.0,1.0
140462,2.0,3.0,104332.0,1.0,185.0,26.2,104745.0,0.0,185.0,24.0,5.0,6.0,41.0,1055.0,1.0,8745.0,2010.0,1.0
70087,3.0,0.0,104607.0,1.0,196.0,24.1,104468.0,1.0,183.0,24.8,3.0,5.0,19.0,1655.0,12.0,2595.0,2009.0,1.0
190195,3.0,0.0,102434.0,1.0,183.0,32.9,103484.0,1.0,185.0,27.5,3.0,3.0,62.0,590.0,9.0,2075.0,2007.0,1.0
32980,3.0,0.0,105311.0,1.0,185.0,25.8,104259.0,1.0,178.0,31.2,3.0,3.0,49.0,902.0,23.0,1460.0,2015.0,0.0
37684,3.0,0.0,104655.0,1.0,180.0,25.0,104898.0,1.0,190.0,23.7,3.0,6.0,63.0,790.0,62.0,803.0,2011.0,1.0
67286,3.0,0.0,105936.0,1.0,185.0,26.6,103819.0,1.0,185.0,37.2,3.0,6.0,35.0,1235.0,3.0,6260.0,2018.0,1.0
117386,1.0,4.0,104098.0,1.0,185.0,24.3,102035.0,1.0,183.0,35.1,3.0,7.0,24.0,1120.0,41.0,801.0,2007.0,0.0
68895,3.0,0.0,105227.0,1.0,198.0,21.0,104745.0,0.0,185.0,23.3,3.0,9.0,15.0,2195.0,2.0,8845.0,2009.0,0.0
51881,1.0,0.0,104338.0,1.0,185.0,28.2,103163.0,1.0,188.0,34.2,3.0,2.0,14.0,2240.0,48.0,838.0,2012.0,0.0
60869,3.0,0.0,100644.0,1.0,198.0,21.8,111815.0,0.0,188.0,23.5,3.0,9.0,3.0,6475.0,64.0,797.0,2019.0,0.0
182933,3.0,4.0,103852.0,0.0,188.0,34.4,104925.0,1.0,188.0,28.7,3.0,5.0,21.0,1630.0,1.0,16540.0,2016.0,1.0
46871,1.0,0.0,104597.0,1.0,183.0,21.6,103835.0,1.0,183.0,25.5,3.0,3.0,31.0,940.0,53.0,672.0,2007.0,0.0
192151,3.0,4.0,134770.0,1.0,183.0,21.8,200005.0,0.0,188.0,22.3,3.0,7.0,27.0,1739.0,34.0,1466.0,2020.0,1.0
431,1.0,3.0,103206.0,1.0,175.0,26.9,104745.0,0.0,185.0,18.9,5.0,5.0,24.0,1200.0,5.0,2600.0,2005.0,1.0
204110,3.0,3.0,104925.0,1.0,188.0,26.6,104926.0,1.0,178.0,26.6,5.0,5.0,2.0,12260.0,16.0,1930.0,2014.0,0.0
130023,1.0,4.0,105777.0,1.0,188.0,22.9,103163.0,1.0,188.0,36.1,3.0,3.0,14.0,2200.0,19.0,1835.0,2014.0,0.0
161632,3.0,4.0,104545.0,1.0,206.0,32.4,104678.0,1.0,193.0,31.6,3.0,5.0,16.0,2470.0,54.0,895.0,2017.0,1.0
61397,1.0,0.0,104665.0,1.0,180.0,25.4,103656.0,1.0,175.0,30.6,3.0,5.0,55.0,915.0,41.0,1120.0,2011.0,0.0
172015,3.0,4.0,105777.0,1.0,188.0,25.4,104571.0,1.0,183.0,31.3,3.0,6.0,18.0,2035.0,37.0,1115.0,2016.0,0.0
20134,1.0,3.0,106233.0,1.0,185.0,25.7,104655.0,1.0,180.0,33.3,5.0,6.0,4.0,4685.0,47.0,983.0,2019.0,0.0
187205,3.0,3.0,126203.0,1.0,193.0,23.2,105077.0,0.0,188.0,33.0,5.0,4.0,31.0,1695.0,46.0,1210.0,2021.0,0.0
26498,3.0,4.0,103206.0,1.0,175.0,28.2,104098.0,1.0,185.0,23.6,3.0,7.0,34.0,950.0,26.0,1110.0,2006.0,1.0
135751,1.0,4.0,104339.0,1.0,196.0,22.1,103722.0,1.0,180.0,25.1,3.0,6.0,15.0,1455.0,47.0,782.0,2006.0,0.0
139096,1.0,3.0,104655.0,1.0,180.0,34.7,126774.0,1.0,193.0,22.1,5.0,7.0,60.0,907.0,6.0,5385.0,2020.0,1.0
195249,3.0,3.0,105453.0,1.0,178.0,22.0,104542.0,1.0,188.0,26.7,5.0,5.0,26.0,1410.0,6.0,4335.0,2012.0,0.0
141107,3.0,0.0,104076.0,1.0,190.0,25.0,103084.0,1.0,185.0,29.9,3.0,6.0,58.0,623.0,12.0,1718.0,2007.0,1.0
199859,2.0,0.0,104527.0,1.0,183.0,32.2,103852.0,0.0,188.0,35.7,3.0,6.0,3.0,6175.0,32.0,1220.0,2017.0,1.0
96527,2.0,0.0,103852.0,0.0,188.0,31.7,103898.0,1.0,185.0,31.4,3.0,6.0,39.0,1010.0,32.0,1200.0,2013.0,0.0
186343,2.0,0.0,103110.0,1.0,180.0,28.4,103852.0,0.0,188.0,24.7,3.0,7.0,54.0,699.0,48.0,785.0,2006.0,0.0
108483,3.0,0.0,105238.0,1.0,180.0,23.7,103900.0,1.0,180.0,30.6,3.0,5.0,15.0,1905.0,45.0,945.0,2012.0,0.0
33564,3.0,0.0,104871.0,1.0,188.0,27.9,104180.0,0.0,193.0,31.6,3.0,5.0,31.0,1195.0,45.0,890.0,2015.0,1.0
177797,3.0,4.0,106210.0,0.0,198.0,23.6,104180.0,0.0,193.0,33.8,3.0,7.0,56.0,848.0,28.0,1370.0,2017.0,1.0
67672,2.0,3.0,128034.0,1.0,196.0,22.3,104919.0,1.0,188.0,32.1,5.0,7.0,48.0,959.0,59.0,875.0,2019.0,0.0
84127,3.0,3.0,104545.0,1.0,206.0,25.3,104022.0,1.0,183.0,28.1,5.0,6.0,20.0,1805.0,14.0,2620.0,2010.0,1.0
7249,3.0,4.0,103018.0,1.0,196.0,29.1,103990.0,1.0,180.0,24.2,3.0,6.0,56.0,710.0,7.0,2010.0,2006.0,1.0
34566,1.0,0.0,103252.0,1.0,175.0,27.6,104269.0,0.0,188.0,22.4,3.0,6.0,60.0,672.0,34.0,905.0,2006.0,1.0
13276,3.0,0.0,105554.0,1.0,175.0,29.6,105676.0,1.0,180.0,29.0,3.0,8.0,42.0,1124.0,11.0,2335.0,2020.0,0.0
18528,1.0,4.0,104468.0,1.0,183.0,29.3,104745.0,0.0,185.0,27.9,3.0,6.0,30.0,1225.0,1.0,12900.0,2014.0,1.0
120189,1.0,4.0,200175.0,1.0,183.0,21.6,104545.0,1.0,206.0,36.0,3.0,7.0,47.0,1384.0,39.0,1550.0,2021.0,1.0
89739,1.0,4.0,104745.0,0.0,185.0,22.8,104918.0,1.0,190.0,21.9,3.0,9.0,1.0,14470.0,4.0,8840.0,2009.0,0.0
71214,3.0,4.0,103781.0,0.0,183.0,22.8,101774.0,1.0,198.0,33.7,3.0,6.0,64.0,567.0,62.0,602.0,2004.0,1.0
56677,3.0,4.0,106421.0,1.0,198.0,26.5,126203.0,1.0,193.0,24.7,3.0,3.0,1.0,6885.0,13.0,2930.0,2022.0,0.0
159161,3.0,4.0,133430.0,0.0,185.0,22.3,126207.0,1.0,188.0,23.5,3.0,6.0,10.0,3625.0,52.0,1226.0,2021.0,1.0
54009,0.0,2.0,103786.0,1.0,178.0,24.4,103264.0,0.0,180.0,27.1,3.0,8.0,7.0,2090.0,10.0,1799.0,2005.0,0.0
7154,3.0,3.0,105676.0,1.0,180.0,31.7,207518.0,1.0,185.0,20.4,5.0,4.0,62.0,770.0,30.0,1322.0,2022.0,1.0
63043,3.0,3.0,105227.0,1.0,198.0,26.9,104871.0,1.0,188.0,28.5,5.0,5.0,9.0,3550.0,27.0,1300.0,2015.0,0.0
21253,3.0,4.0,126774.0,1.0,193.0,21.2,200282.0,1.0,183.0,20.6,3.0,5.0,7.0,3830.0,18.0,1695.0,2019.0,0.0
93116,3.0,0.0,104607.0,1.0,196.0,20.4,103294.0,1.0,170.0,27.2,3.0,6.0,25.0,1280.0,41.0,816.0,2006.0,0.0
126544,2.0,0.0,104724.0,1.0,183.0,22.1,104312.0,1.0,190.0,24.3,3.0,5.0,61.0,609.0,30.0,990.0,2008.0,1.0
100685,2.0,0.0,104068.0,1.0,183.0,23.6,103484.0,1.0,185.0,26.4,3.0,5.0,16.0,1475.0,7.0,1945.0,2006.0,1.0
37859,0.0,0.0,102765.0,1.0,185.0,27.8,103280.0,1.0,196.0,25.2,3.0,5.0,61.0,594.0,18.0,1320.0,2004.0,1.0
53911,0.0,2.0,103819.0,1.0,185.0,24.2,103909.0,1.0,175.0,23.8,3.0,8.0,1.0,6225.0,6.0,2190.0,2005.0,0.0
153138,3.0,0.0,104312.0,1.0,190.0,27.9,104259.0,1.0,178.0,28.3,3.0,5.0,45.0,935.0,30.0,1185.0,2012.0,0.0
118502,2.0,3.0,103852.0,0.0,188.0,29.7,104053.0,1.0,188.0,28.8,5.0,6.0,44.0,1020.0,10.0,2200.0,2011.0,0.0
2443,3.0,4.0,104607.0,1.0,196.0,26.1,104918.0,1.0,190.0,24.4,3.0,3.0,7.0,3230.0,3.0,7780.0,2011.0,0.0
42712,3.0,3.0,103333.0,1.0,208.0,30.8,103344.0,1.0,193.0,30.8,5.0,6.0,39.0,1015.0,24.0,1405.0,2010.0,0.0
93783,3.0,4.0,104925.0,1.0,188.0,21.8,103908.0,1.0,185.0,27.1,3.0,6.0,3.0,8420.0,33.0,1630.0,2009.0,0.0
141783,3.0,0.0,103506.0,1.0,183.0,29.6,103852.0,0.0,188.0,28.0,3.0,6.0,49.0,955.0,34.0,1205.0,2009.0,0.0
110615,1.0,0.0,105449.0,1.0,188.0,28.2,104545.0,1.0,206.0,32.9,3.0,3.0,51.0,975.0,9.0,3125.0,2018.0,0.0
196665,2.0,3.0,104926.0,1.0,178.0,32.1,126207.0,1.0,188.0,21.4,5.0,4.0,10.0,2785.0,38.0,1160.0,2019.0,0.0
95778,3.0,1.0,104545.0,1.0,206.0,27.9,104925.0,1.0,188.0,25.8,5.0,8.0,23.0,1535.0,1.0,12370.0,2013.0,1.0
177944,1.0,0.0,105053.0,1.0,188.0,23.6,104871.0,1.0,188.0,24.4,3.0,5.0,61.0,790.0,58.0,850.0,2011.0,0.0
190541,3.0,4.0,104252.0,1.0,190.0,29.4,105676.0,1.0,180.0,22.2,3.0,7.0,27.0,1240.0,54.0,803.0,2013.0,0.0
7625,2.0,3.0,103888.0,1.0,188.0,21.5,102998.0,1.0,190.0,26.0,5.0,7.0,45.0,840.0,42.0,875.0,2003.0,0.0
182475,0.0,0.0,104338.0,1.0,185.0,24.5,104468.0,1.0,183.0,23.8,3.0,6.0,51.0,740.0,10.0,1690.0,2008.0,1.0
128367,1.0,0.0,104468.0,1.0,183.0,32.3,104607.0,1.0,196.0,31.6,3.0,3.0,32.0,1175.0,14.0,2780.0,2017.0,1.0
21222,3.0,0.0,105023.0,1.0,198.0,30.2,106210.0,0.0,198.0,24.4,3.0,5.0,13.0,2535.0,64.0,815.0,2018.0,1.0
22363,3.0,0.0,103786.0,1.0,178.0,24.7,103498.0,1.0,193.0,26.0,3.0,6.0,5.0,2390.0,53.0,725.0,2006.0,1.0
195174,3.0,3.0,103498.0,1.0,193.0,29.5,103781.0,0.0,183.0,28.2,5.0,4.0,58.0,880.0,38.0,1185.0,2009.0,1.0
8737,1.0,4.0,103819.0,1.0,185.0,33.6,104792.0,1.0,193.0,28.6,3.0,5.0,2.0,8895.0,18.0,1750.0,2015.0,1.0
23940,1.0,4.0,105916.0,1.0,188.0,27.1,111815.0,0.0,188.0,23.6,3.0,6.0,37.0,1180.0,56.0,925.0,2019.0,1.0
95687,2.0,0.0,101736.0,1.0,180.0,34.1,104214.0,1.0,185.0,20.9,3.0,6.0,9.0,2150.0,60.0,639.0,2004.0,1.0
36258,3.0,0.0,104068.0,1.0,183.0,22.0,104269.0,0.0,188.0,20.9,3.0,6.0,59.0,620.0,36.0,918.0,2004.0,1.0
102996,3.0,1.0,104527.0,1.0,183.0,27.8,104607.0,1.0,196.0,27.3,5.0,8.0,17.0,1990.0,6.0,4680.0,2013.0,1.0
90736,3.0,4.0,104925.0,1.0,188.0,21.7,104053.0,1.0,188.0,26.5,3.0,3.0,3.0,9240.0,7.0,4060.0,2009.0,1.0
174499,3.0,3.0,103971.0,1.0,180.0,22.7,103694.0,1.0,168.0,23.9,5.0,6.0,42.0,873.0,53.0,750.0,2005.0,1.0
44134,1.0,0.0,127157.0,1.0,191.0,23.6,105948.0,1.0,180.0,30.1,3.0,6.0,54.0,970.0,59.0,937.0,2022.0,1.0
109230,3.0,0.0,104607.0,1.0,196.0,24.2,104053.0,1.0,188.0,27.3,3.0,9.0,20.0,1655.0,7.0,4410.0,2010.0,1.0
7207,3.0,0.0,105023.0,1.0,198.0,24.8,105238.0,1.0,180.0,23.7,3.0,3.0,28.0,1295.0,15.0,1905.0,2012.0,0.0
94874,1.0,0.0,104926.0,1.0,178.0,23.7,103656.0,1.0,175.0,30.2,3.0,5.0,55.0,900.0,25.0,1450.0,2011.0,1.0
41877,2.0,0.0,104269.0,0.0,188.0,23.5,103018.0,1.0,196.0,29.9,3.0,7.0,38.0,810.0,58.0,605.0,2007.0,1.0
34419,2.0,3.0,103781.0,0.0,183.0,28.0,104053.0,1.0,188.0,26.8,5.0,6.0,30.0,1640.0,6.0,4310.0,2009.0,1.0
149582,3.0,0.0,103503.0,1.0,183.0,25.9,103852.0,0.0,188.0,24.3,3.0,6.0,57.0,615.0,34.0,900.0,2006.0,0.0
12439,3.0,0.0,103990.0,1.0,180.0,25.3,104527.0,1.0,183.0,22.3,3.0,5.0,8.0,1950.0,57.0,630.0,2007.0,1.0
63303,3.0,0.0,104545.0,1.0,206.0,34.6,106421.0,1.0,198.0,23.9,3.0,8.0,19.0,1770.0,5.0,5705.0,2020.0,1.0
188276,3.0,4.0,102783.0,1.0,180.0,32.9,103813.0,0.0,185.0,27.6,3.0,7.0,31.0,1730.0,54.0,1225.0,2009.0,0.0
100483,2.0,0.0,126610.0,1.0,196.0,26.1,106214.0,1.0,196.0,28.8,3.0,9.0,10.0,3805.0,61.0,945.0,2022.0,0.0
151064,3.0,4.0,103602.0,1.0,183.0,23.6,103909.0,1.0,175.0,22.1,3.0,9.0,22.0,1150.0,4.0,3290.0,2004.0,1.0
818,3.0,4.0,105550.0,0.0,185.0,25.8,104655.0,1.0,180.0,30.1,3.0,7.0,40.0,1018.0,25.0,1510.0,2016.0,0.0
135920,3.0,4.0,104607.0,1.0,196.0,31.9,105223.0,1.0,198.0,28.8,3.0,7.0,15.0,2390.0,30.0,1370.0,2017.0,1.0
149218,3.0,0.0,104745.0,0.0,185.0,19.7,103908.0,1.0,185.0,24.1,3.0,6.0,2.0,4455.0,34.0,893.0,2006.0,0.0
200010,1.0,3.0,102642.0,1.0,190.0,29.7,103835.0,1.0,183.0,23.7,5.0,4.0,49.0,763.0,34.0,990.0,2005.0,1.0
18640,3.0,4.0,103344.0,1.0,193.0,27.0,103294.0,1.0,170.0,27.2,3.0,5.0,6.0,2295.0,50.0,785.0,2006.0,0.0
102252,3.0,0.0,103206.0,1.0,175.0,26.2,103602.0,1.0,183.0,24.0,3.0,3.0,12.0,1605.0,21.0,1220.0,2004.0,1.0
82065,3.0,4.0,106432.0,1.0,188.0,19.3,104607.0,1.0,196.0,30.4,3.0,6.0,47.0,921.0,7.0,3900.0,2016.0,1.0
195519,3.0,3.0,104655.0,1.0,180.0,30.6,104597.0,1.0,183.0,31.0,5.0,7.0,20.0,1745.0,48.0,987.0,2016.0,1.0
69923,3.0,0.0,104386.0,1.0,180.0,29.2,105138.0,1.0,183.0,25.4,3.0,6.0,23.0,1525.0,62.0,780.0,2013.0,1.0
115080,3.0,3.0,104022.0,1.0,183.0,28.1,104979.0,1.0,185.0,23.1,5.0,4.0,14.0,2620.0,40.0,1080.0,2010.0,0.0
532,1.0,3.0,104594.0,1.0,194.0,27.8,103970.0,1.0,175.0,31.1,5.0,4.0,63.0,761.0,5.0,6740.0,2013.0,1.0
146523,2.0,3.0,126610.0,1.0,196.0,25.2,105379.0,1.0,181.0,31.9,5.0,6.0,9.0,4468.0,64.0,1089.0,2021.0,0.0
169503,1.0,0.0,104259.0,1.0,178.0,28.5,104166.0,1.0,178.0,29.0,3.0,8.0,27.0,1320.0,46.0,926.0,2012.0,0.0
70952,1.0,4.0,103507.0,1.0,183.0,27.2,103819.0,1.0,185.0,25.7,3.0,5.0,19.0,1355.0,1.0,7015.0,2007.0,1.0
66124,3.0,0.0,101736.0,1.0,180.0,33.2,102227.0,1.0,180.0,30.1,3.0,5.0,1.0,3940.0,53.0,708.0,2003.0,0.0
106231,3.0,0.0,200282.0,1.0,183.0,21.9,105138.0,1.0,183.0,32.8,3.0,8.0,23.0,2065.0,13.0,2710.0,2021.0,1.0
113286,3.0,4.0,104731.0,1.0,203.0,26.7,104468.0,1.0,183.0,28.1,3.0,5.0,37.0,1055.0,13.0,2390.0,2013.0,0.0
33554,1.0,0.0,104978.0,1.0,196.0,26.0,103812.0,1.0,198.0,32.0,3.0,3.0,55.0,838.0,54.0,839.0,2013.0,1.0
110670,3.0,0.0,104022.0,1.0,183.0,24.6,104925.0,1.0,188.0,19.7,3.0,9.0,22.0,1215.0,14.0,1625.0,2007.0,0.0
6664,3.0,0.0,103819.0,1.0,185.0,33.1,103333.0,1.0,208.0,35.6,3.0,9.0,2.0,9080.0,31.0,1220.0,2014.0,0.0
19763,1.0,3.0,104597.0,1.0,183.0,22.7,104745.0,0.0,185.0,21.9,5.0,3.0,20.0,1270.0,2.0,5585.0,2008.0,1.0
194988,3.0,0.0,104259.0,1.0,178.0,23.2,104571.0,1.0,183.0,21.5,3.0,6.0,62.0,631.0,12.0,1860.0,2007.0,1.0
177317,3.0,0.0,105053.0,1.0,188.0,22.8,104571.0,1.0,183.0,25.2,3.0,5.0,62.0,795.0,18.0,2030.0,2010.0,1.0
118243,3.0,4.0,102783.0,1.0,180.0,27.2,104068.0,1.0,183.0,20.8,3.0,3.0,8.0,2155.0,43.0,817.0,2003.0,0.0
170331,3.0,1.0,200282.0,1.0,183.0,20.7,133430.0,0.0,185.0,20.5,3.0,8.0,18.0,1775.0,15.0,2050.0,2019.0,0.0
99167,3.0,0.0,105032.0,1.0,193.0,27.8,105449.0,1.0,188.0,25.6,3.0,6.0,54.0,843.0,49.0,915.0,2015.0,1.0
158803,3.0,0.0,104898.0,1.0,190.0,26.7,105777.0,1.0,188.0,22.6,3.0,6.0,43.0,977.0,23.0,1520.0,2013.0,1.0
49167,3.0,0.0,102967.0,1.0,188.0,31.8,104918.0,1.0,190.0,21.7,3.0,3.0,55.0,1308.0,4.0,7360.0,2009.0,1.0
99334,1.0,3.0,103720.0,1.0,180.0,26.2,104745.0,0.0,185.0,20.9,5.0,5.0,16.0,1540.0,2.0,5225.0,2007.0,1.0
45172,3.0,4.0,102783.0,1.0,180.0,32.8,103163.0,1.0,188.0,30.9,3.0,7.0,30.0,1736.0,64.0,1105.0,2009.0,1.0
40858,3.0,4.0,133430.0,0.0,185.0,20.5,104792.0,1.0,193.0,33.1,3.0,3.0,28.0,1460.0,13.0,2350.0,2019.0,0.0
147259,1.0,0.0,103812.0,1.0,198.0,29.9,104792.0,1.0,193.0,24.8,3.0,6.0,64.0,760.0,7.0,2755.0,2011.0,0.0
45087,1.0,3.0,103722.0,1.0,180.0,25.2,103908.0,1.0,185.0,24.3,5.0,7.0,44.0,822.0,32.0,920.0,2006.0,1.0
66152,3.0,0.0,104925.0,1.0,188.0,21.2,104068.0,1.0,183.0,25.8,3.0,7.0,3.0,4905.0,59.0,695.0,2008.0,0.0
138306,3.0,0.0,104745.0,0.0,185.0,19.7,102450.0,1.0,185.0,31.4,3.0,3.0,2.0,4455.0,49.0,765.0,2006.0,0.0
155208,3.0,0.0,104166.0,1.0,178.0,28.2,105064.0,0.0,188.0,23.5,3.0,3.0,64.0,759.0,34.0,1180.0,2011.0,0.0
56537,2.0,0.0,104678.0,1.0,193.0,29.3,104745.0,0.0,185.0,29.0,3.0,2.0,28.0,1242.0,10.0,2930.0,2015.0,1.0
171018,3.0,0.0,106378.0,1.0,188.0,22.9,111202.0,1.0,188.0,21.6,3.0,5.0,50.0,992.0,58.0,844.0,2018.0,0.0
80107,1.0,0.0,102434.0,1.0,183.0,30.8,104026.0,1.0,198.0,22.8,3.0,8.0,43.0,875.0,12.0,1625.0,2005.0,0.0
134903,2.0,0.0,103908.0,1.0,185.0,23.3,103971.0,1.0,180.0,23.1,3.0,6.0,61.0,649.0,44.0,842.0,2005.0,1.0
72756,1.0,0.0,104745.0,0.0,185.0,19.0,103507.0,1.0,183.0,25.3,3.0,3.0,3.0,3635.0,31.0,1150.0,2005.0,0.0
103831,3.0,4.0,105023.0,1.0,198.0,26.4,104312.0,1.0,190.0,30.0,3.0,7.0,57.0,800.0,32.0,1195.0,2014.0,1.0
129477,3.0,4.0,103333.0,1.0,208.0,33.0,103997.0,1.0,190.0,29.8,3.0,4.0,54.0,847.0,51.0,871.0,2012.0,0.0
81266,3.0,3.0,103285.0,1.0,185.0,34.1,104678.0,1.0,193.0,26.9,5.0,4.0,34.0,1090.0,37.0,1030.0,2013.0,0.0
163695,3.0,0.0,103786.0,1.0,178.0,23.7,101736.0,1.0,180.0,34.8,3.0,3.0,16.0,1420.0,10.0,1865.0,2005.0,1.0
10242,3.0,0.0,104792.0,1.0,193.0,35.0,206173.0,1.0,188.0,20.1,3.0,2.0,20.0,2278.0,14.0,2895.0,2021.0,1.0
192008,2.0,0.0,103598.0,1.0,185.0,32.9,103970.0,1.0,175.0,31.2,3.0,6.0,60.0,770.0,4.0,7220.0,2013.0,0.0
78875,3.0,4.0,104259.0,1.0,178.0,25.8,103812.0,1.0,198.0,28.0,3.0,6.0,25.0,1580.0,32.0,1341.0,2009.0,1.0
115313,1.0,4.0,104022.0,1.0,183.0,27.8,103720.0,1.0,180.0,29.1,3.0,7.0,13.0,2380.0,32.0,1355.0,2010.0,1.0
152345,1.0,4.0,104918.0,1.0,190.0,23.9,104925.0,1.0,188.0,23.9,3.0,9.0,4.0,5905.0,2.0,10665.0,2011.0,1.0
8701,3.0,0.0,106298.0,1.0,185.0,23.9,104755.0,1.0,185.0,31.6,3.0,2.0,17.0,2235.0,33.0,1375.0,2018.0,0.0
2103,3.0,0.0,104019.0,1.0,193.0,24.6,103813.0,0.0,185.0,25.5,3.0,6.0,43.0,805.0,18.0,1335.0,2007.0,0.0
118001,3.0,0.0,104022.0,1.0,183.0,31.3,104098.0,1.0,185.0,30.8,3.0,9.0,21.0,1735.0,39.0,1070.0,2013.0,0.0
174088,2.0,0.0,200624.0,1.0,196.0,20.9,105138.0,1.0,183.0,33.1,3.0,6.0,52.0,1187.0,10.0,3170.0,2021.0,0.0
115340,3.0,4.0,104022.0,1.0,183.0,21.1,102860.0,1.0,183.0,26.9,3.0,7.0,39.0,935.0,19.0,1335.0,2003.0,0.0
111524,3.0,0.0,104542.0,1.0,188.0,32.4,105526.0,1.0,193.0,27.4,3.0,3.0,18.0,2375.0,54.0,898.0,2017.0,1.0
159017,3.0,0.0,104545.0,1.0,206.0,24.7,104198.0,1.0,188.0,26.6,3.0,6.0,33.0,1067.0,43.0,954.0,2010.0,0.0
113837,1.0,4.0,104607.0,1.0,196.0,25.6,105064.0,0.0,188.0,23.3,3.0,3.0,7.0,3900.0,36.0,1115.0,2011.0,1.0
88506,3.0,4.0,105676.0,1.0,180.0,22.2,104898.0,1.0,190.0,25.9,3.0,4.0,47.0,838.0,50.0,820.0,2013.0,0.0
163009,1.0,4.0,103786.0,1.0,178.0,30.9,103333.0,1.0,208.0,33.1,3.0,7.0,54.0,825.0,60.0,760.0,2012.0,0.0
7204,3.0,0.0,105138.0,1.0,183.0,30.4,100644.0,1.0,198.0,21.4,3.0,6.0,26.0,1570.0,5.0,4890.0,2018.0,1.0
7730,1.0,0.0,104597.0,1.0,183.0,23.6,103812.0,1.0,198.0,27.7,3.0,7.0,22.0,1980.0,35.0,1566.0,2009.0,0.0
63754,3.0,0.0,103694.0,1.0,168.0,31.0,104259.0,1.0,178.0,28.2,3.0,6.0,51.0,899.0,33.0,1140.0,2012.0,1.0
200641,3.0,0.0,104755.0,1.0,185.0,32.3,105526.0,1.0,193.0,28.4,3.0,3.0,28.0,1535.0,58.0,910.0,2018.0,0.0
189504,3.0,0.0,103819.0,1.0,185.0,23.4,103344.0,1.0,193.0,25.7,3.0,2.0,1.0,6335.0,22.0,1235.0,2005.0,0.0
198331,3.0,1.0,105916.0,1.0,188.0,25.9,105676.0,1.0,180.0,27.1,5.0,8.0,63.0,844.0,7.0,3460.0,2018.0,1.0
148509,1.0,0.0,103970.0,1.0,175.0,23.0,102610.0,1.0,180.0,29.7,3.0,9.0,32.0,1045.0,57.0,680.0,2005.0,0.0
29138,2.0,3.0,133430.0,0.0,185.0,19.2,105332.0,1.0,196.0,29.1,5.0,7.0,25.0,1588.0,47.0,1010.0,2018.0,1.0
15896,2.0,3.0,103819.0,1.0,185.0,23.8,103507.0,1.0,183.0,25.3,5.0,5.0,1.0,6980.0,31.0,1075.0,2005.0,0.0
191313,3.0,4.0,102227.0,1.0,180.0,30.8,103285.0,1.0,185.0,25.3,3.0,4.0,45.0,840.0,52.0,690.0,2004.0,1.0
6893,3.0,3.0,103898.0,1.0,185.0,24.6,104068.0,1.0,183.0,23.8,5.0,4.0,51.0,778.0,21.0,1205.0,2006.0,1.0
192194,3.0,0.0,105311.0,1.0,185.0,27.4,105138.0,1.0,183.0,28.4,3.0,3.0,34.0,1295.0,16.0,1950.0,2016.0,1.0
57493,1.0,4.0,104198.0,1.0,188.0,30.9,104665.0,1.0,180.0,28.2,3.0,7.0,38.0,1073.0,36.0,1091.0,2014.0,0.0
46303,3.0,4.0,104607.0,1.0,196.0,28.4,105138.0,1.0,183.0,25.8,3.0,7.0,5.0,4890.0,53.0,885.0,2014.0,1.0
141763,1.0,4.0,103970.0,1.0,175.0,24.0,103103.0,1.0,183.0,28.2,3.0,6.0,15.0,1485.0,23.0,1370.0,2006.0,0.0
73254,1.0,4.0,104597.0,1.0,183.0,21.7,103819.0,1.0,185.0,25.7,3.0,6.0,40.0,805.0,1.0,7290.0,2007.0,1.0
167701,1.0,3.0,103103.0,1.0,183.0,25.3,103151.0,1.0,183.0,25.2,5.0,7.0,62.0,660.0,39.0,878.0,2003.0,1.0
184355,3.0,3.0,104731.0,1.0,203.0,32.2,106233.0,1.0,185.0,24.9,5.0,5.0,5.0,4615.0,9.0,3485.0,2018.0,1.0
176499,3.0,0.0,105238.0,1.0,180.0,21.9,104571.0,1.0,183.0,25.3,3.0,3.0,56.0,902.0,19.0,1930.0,2010.0,1.0
196900,3.0,4.0,104545.0,1.0,206.0,37.3,200624.0,1.0,196.0,22.1,3.0,5.0,50.0,880.0,52.0,860.0,2022.0,0.0
12078,3.0,0.0,200282.0,1.0,183.0,22.8,200005.0,0.0,188.0,23.5,3.0,8.0,34.0,1561.0,35.0,1558.0,2022.0,0.0
58273,1.0,3.0,103819.0,1.0,185.0,25.8,104022.0,1.0,183.0,24.9,5.0,5.0,1.0,7515.0,15.0,1685.0,2007.0,0.0
194981,3.0,3.0,104926.0,1.0,178.0,32.2,124187.0,1.0,211.0,21.9,5.0,4.0,11.0,2510.0,42.0,1076.0,2019.0,1.0
182609,3.0,0.0,105208.0,1.0,190.0,25.4,104542.0,1.0,188.0,28.8,3.0,2.0,23.0,1558.0,10.0,2885.0,2014.0,0.0
98941,1.0,3.0,103151.0,1.0,183.0,25.2,103852.0,0.0,188.0,21.6,5.0,4.0,39.0,878.0,53.0,749.0,2003.0,0.0
72879,3.0,4.0,104269.0,0.0,188.0,21.9,103908.0,1.0,185.0,23.7,3.0,7.0,39.0,885.0,57.0,673.0,2005.0,0.0
124483,1.0,3.0,104918.0,1.0,190.0,28.0,106401.0,1.0,193.0,20.0,5.0,6.0,3.0,7040.0,30.0,1250.0,2015.0,0.0
32784,1.0,1.0,103900.0,1.0,180.0,23.1,102562.0,1.0,190.0,29.9,5.0,8.0,10.0,1945.0,27.0,1165.0,2005.0,0.0
2959,3.0,0.0,104386.0,1.0,180.0,23.6,103852.0,0.0,188.0,26.4,3.0,6.0,40.0,792.0,41.0,785.0,2008.0,1.0
103888,1.0,4.0,104417.0,1.0,193.0,26.7,104925.0,1.0,188.0,23.9,3.0,3.0,5.0,5265.0,2.0,10665.0,2011.0,1.0
187749,1.0,4.0,103900.0,1.0,180.0,24.3,104339.0,1.0,196.0,22.1,3.0,3.0,3.0,2845.0,15.0,1455.0,2006.0,0.0
101689,3.0,4.0,102338.0,1.0,190.0,29.0,103387.0,1.0,185.0,23.7,3.0,6.0,27.0,1145.0,13.0,1655.0,2003.0,1.0
157554,1.0,0.0,103786.0,1.0,178.0,22.1,102839.0,1.0,188.0,26.9,3.0,5.0,33.0,986.0,64.0,635.0,2003.0,1.0
106429,3.0,0.0,104527.0,1.0,183.0,21.7,104597.0,1.0,183.0,21.3,3.0,6.0,31.0,950.0,32.0,925.0,2007.0,1.0
69183,0.0,0.0,103507.0,1.0,183.0,25.6,103835.0,1.0,183.0,24.1,3.0,6.0,19.0,1425.0,40.0,805.0,2005.0,0.0
42115,2.0,3.0,111815.0,0.0,188.0,25.8,103819.0,1.0,185.0,39.8,5.0,6.0,34.0,1770.0,8.0,4815.0,2021.0,1.0
95977,3.0,3.0,103970.0,1.0,175.0,33.7,104545.0,1.0,206.0,30.7,5.0,5.0,8.0,4145.0,11.0,2495.0,2016.0,0.0
51485,1.0,4.0,103566.0,0.0,190.0,30.8,105683.0,1.0,196.0,20.2,3.0,7.0,25.0,1425.0,34.0,1173.0,2011.0,1.0
59522,3.0,0.0,105138.0,1.0,183.0,28.7,105332.0,1.0,196.0,27.6,3.0,9.0,14.0,2350.0,47.0,960.0,2017.0,0.0
192077,1.0,0.0,104745.0,0.0,185.0,24.8,105053.0,1.0,188.0,23.3,3.0,5.0,1.0,12870.0,54.0,900.0,2011.0,0.0
4481,1.0,0.0,103898.0,1.0,185.0,28.3,104332.0,1.0,185.0,26.1,3.0,6.0,37.0,1129.0,45.0,925.0,2010.0,1.0
65196,3.0,0.0,104607.0,1.0,196.0,28.3,105668.0,1.0,203.0,23.2,3.0,3.0,7.0,4540.0,20.0,1705.0,2014.0,0.0
123269,1.0,0.0,103835.0,1.0,183.0,26.0,104792.0,1.0,193.0,21.0,3.0,6.0,28.0,971.0,48.0,672.0,2007.0,1.0
169827,3.0,0.0,104919.0,1.0,188.0,28.6,104665.0,1.0,180.0,29.9,3.0,5.0,35.0,1150.0,64.0,770.0,2016.0,0.0
141422,3.0,2.0,105777.0,1.0,188.0,26.4,106058.0,1.0,185.0,25.1,3.0,9.0,6.0,3650.0,9.0,2765.0,2017.0,0.0
116173,1.0,3.0,105077.0,0.0,188.0,25.3,105668.0,1.0,203.0,22.5,5.0,4.0,64.0,750.0,23.0,1524.0,2013.0,1.0
24306,3.0,0.0,200005.0,0.0,188.0,21.5,104545.0,1.0,206.0,34.7,3.0,9.0,57.0,900.0,20.0,1770.0,2020.0,0.0
21193,3.0,1.0,104053.0,1.0,188.0,21.5,102358.0,1.0,190.0,30.0,5.0,8.0,2.0,4800.0,62.0,574.0,2004.0,0.0
146263,1.0,4.0,104338.0,1.0,185.0,29.1,104731.0,1.0,203.0,26.9,3.0,6.0,19.0,1785.0,27.0,1295.0,2013.0,1.0
91590,2.0,0.0,103819.0,1.0,185.0,36.8,106432.0,1.0,188.0,21.5,3.0,2.0,1.0,8920.0,34.0,1245.0,2018.0,1.0
59831,1.0,4.0,105023.0,1.0,198.0,28.5,106298.0,1.0,185.0,22.1,3.0,6.0,37.0,1090.0,58.0,860.0,2016.0,0.0
156817,3.0,3.0,111815.0,0.0,188.0,27.0,105311.0,1.0,185.0,33.4,5.0,7.0,9.0,3415.0,59.0,786.0,2022.0,0.0
75780,3.0,0.0,104259.0,1.0,178.0,27.2,104312.0,1.0,190.0,26.8,3.0,6.0,34.0,1215.0,52.0,900.0,2011.0,0.0
165871,3.0,0.0,200000.0,1.0,193.0,19.5,105777.0,1.0,188.0,28.7,3.0,5.0,21.0,1666.0,22.0,1637.0,2020.0,0.0
198011,3.0,4.0,103888.0,1.0,188.0,29.2,105223.0,1.0,198.0,22.4,3.0,5.0,15.0,2106.0,51.0,925.0,2011.0,0.0
11133,3.0,4.0,106421.0,1.0,198.0,22.0,100644.0,1.0,198.0,20.9,3.0,7.0,52.0,959.0,5.0,4505.0,2018.0,1.0
46009,3.0,0.0,105332.0,1.0,196.0,27.7,106421.0,1.0,198.0,21.0,3.0,6.0,41.0,1040.0,64.0,779.0,2017.0,1.0
57848,3.0,0.0,104545.0,1.0,206.0,25.4,103786.0,1.0,178.0,29.3,3.0,3.0,22.0,1715.0,6.0,3945.0,2010.0,0.0
185843,1.0,0.0,103507.0,1.0,183.0,29.4,103294.0,1.0,170.0,30.6,3.0,6.0,36.0,1224.0,59.0,878.0,2009.0,0.0
67113,3.0,0.0,104269.0,0.0,188.0,20.9,101736.0,1.0,180.0,34.4,3.0,3.0,36.0,918.0,7.0,2365.0,2004.0,1.0
102357,3.0,3.0,103888.0,1.0,188.0,29.1,103990.0,1.0,180.0,28.7,5.0,7.0,17.0,1921.0,52.0,890.0,2011.0,1.0
75789,1.0,4.0,102845.0,1.0,190.0,31.7,104745.0,0.0,185.0,21.9,3.0,3.0,12.0,1440.0,2.0,5435.0,2008.0,1.0
24302,3.0,1.0,111815.0,0.0,188.0,26.2,126239.0,1.0,196.0,26.3,3.0,8.0,12.0,2945.0,58.0,1029.0,2021.0,0.0
124428,3.0,4.0,104198.0,1.0,188.0,27.3,104053.0,1.0,188.0,28.1,3.0,6.0,35.0,1175.0,11.0,3225.0,2010.0,0.0
134302,0.0,4.0,103990.0,1.0,180.0,21.4,104053.0,1.0,188.0,21.1,3.0,5.0,21.0,1255.0,2.0,4235.0,2003.0,1.0
123128,3.0,4.0,104022.0,1.0,183.0,25.1,103786.0,1.0,178.0,26.1,3.0,5.0,13.0,1840.0,5.0,3075.0,2007.0,1.0
30300,3.0,0.0,103096.0,1.0,173.0,28.7,104755.0,1.0,185.0,20.2,3.0,5.0,54.0,695.0,26.0,1060.0,2006.0,0.0
169985,3.0,1.0,105311.0,1.0,185.0,26.9,106233.0,1.0,185.0,22.4,3.0,8.0,37.0,1146.0,14.0,2430.0,2016.0,1.0
191847,1.0,3.0,104871.0,1.0,188.0,32.2,106378.0,1.0,188.0,24.3,5.0,4.0,41.0,1065.0,30.0,1325.0,2019.0,1.0
91726,3.0,4.0,104918.0,1.0,190.0,27.8,105053.0,1.0,188.0,27.3,3.0,6.0,4.0,5695.0,31.0,1195.0,2015.0,0.0
147721,3.0,4.0,103908.0,1.0,185.0,25.1,104918.0,1.0,190.0,19.8,3.0,5.0,61.0,585.0,12.0,1905.0,2007.0,1.0
142497,3.0,3.0,104607.0,1.0,196.0,29.9,104198.0,1.0,188.0,32.2,5.0,6.0,6.0,5230.0,31.0,1190.0,2015.0,0.0
9920,3.0,4.0,104545.0,1.0,206.0,24.3,104871.0,1.0,188.0,22.5,3.0,6.0,59.0,889.0,35.0,1222.0,2009.0,1.0
115525,1.0,1.0,103017.0,1.0,183.0,28.2,102720.0,1.0,178.0,29.6,5.0,8.0,36.0,900.0,61.0,623.0,2005.0,0.0
193002,1.0,4.0,104925.0,1.0,188.0,23.9,104417.0,1.0,193.0,26.7,3.0,3.0,2.0,10665.0,5.0,5265.0,2011.0,0.0
122875,3.0,4.0,105676.0,1.0,180.0,29.7,105526.0,1.0,193.0,30.3,3.0,5.0,10.0,2555.0,34.0,1315.0,2020.0,1.0
40402,3.0,4.0,104338.0,1.0,185.0,27.9,104229.0,1.0,180.0,28.5,3.0,7.0,21.0,1495.0,59.0,805.0,2012.0,0.0
198806,3.0,4.0,103285.0,1.0,185.0,27.3,103598.0,1.0,185.0,25.6,3.0,7.0,16.0,1530.0,40.0,826.0,2006.0,0.0
41308,1.0,0.0,105077.0,0.0,188.0,34.4,134770.0,1.0,183.0,23.5,3.0,9.0,40.0,1040.0,5.0,4890.0,2022.0,1.0
84853,1.0,4.0,105077.0,0.0,188.0,30.2,104259.0,1.0,178.0,34.4,3.0,6.0,24.0,1745.0,40.0,1230.0,2018.0,1.0
125196,1.0,4.0,103909.0,1.0,175.0,21.3,103292.0,1.0,175.0,24.4,3.0,9.0,16.0,1510.0,29.0,1080.0,2003.0,0.0
198090,3.0,0.0,105227.0,1.0,198.0,31.0,126094.0,1.0,188.0,21.9,3.0,9.0,25.0,1455.0,31.0,1341.0,2019.0,1.0
38313,3.0,0.0,105173.0,0.0,183.0,26.6,103333.0,1.0,208.0,35.9,3.0,9.0,41.0,1043.0,29.0,1295.0,2015.0,1.0
199774,3.0,4.0,103163.0,1.0,188.0,31.5,103794.0,1.0,178.0,28.3,3.0,7.0,18.0,1780.0,38.0,1064.0,2009.0,0.0
77385,1.0,0.0,104597.0,1.0,183.0,27.6,103893.0,1.0,183.0,31.3,3.0,3.0,12.0,2390.0,62.0,761.0,2013.0,0.0
81954,1.0,0.0,104792.0,1.0,193.0,31.8,104919.0,1.0,188.0,31.1,3.0,5.0,37.0,1160.0,36.0,1197.0,2018.0,1.0
94830,3.0,0.0,103909.0,1.0,175.0,22.1,104022.0,1.0,183.0,21.6,3.0,6.0,4.0,3240.0,57.0,625.0,2004.0,1.0
4607,2.0,0.0,103096.0,1.0,173.0,31.4,103857.0,1.0,180.0,27.7,3.0,6.0,49.0,1121.0,39.0,1226.0,2009.0,1.0
157388,3.0,0.0,104527.0,1.0,183.0,28.7,104273.0,1.0,188.0,30.0,3.0,2.0,8.0,3730.0,52.0,908.0,2013.0,0.0
50076,1.0,0.0,104597.0,1.0,183.0,30.4,104745.0,0.0,185.0,29.7,3.0,5.0,53.0,834.0,5.0,4880.0,2016.0,1.0
139562,1.0,4.0,104468.0,1.0,183.0,26.2,103656.0,1.0,175.0,30.3,3.0,6.0,24.0,1475.0,23.0,1495.0,2011.0,0.0
66683,2.0,3.0,103819.0,1.0,185.0,31.8,103812.0,1.0,198.0,31.9,5.0,4.0,3.0,7740.0,48.0,895.0,2013.0,0.0
102883,3.0,1.0,103852.0,0.0,188.0,26.5,103017.0,1.0,183.0,30.7,3.0,8.0,34.0,935.0,47.0,745.0,2008.0,1.0
22872,2.0,0.0,111815.0,0.0,188.0,25.8,105077.0,0.0,188.0,33.4,3.0,6.0,41.0,1510.0,38.0,1595.0,2021.0,0.0
141980,3.0,0.0,105138.0,1.0,183.0,27.8,105311.0,1.0,185.0,26.8,3.0,6.0,17.0,1935.0,33.0,1146.0,2016.0,0.0
87579,3.0,4.0,104755.0,1.0,185.0,29.3,104918.0,1.0,190.0,28.4,3.0,3.0,9.0,2715.0,3.0,8070.0,2015.0,1.0
77542,3.0,4.0,111575.0,1.0,198.0,21.8,104731.0,1.0,203.0,31.8,3.0,6.0,41.0,1220.0,8.0,3235.0,2018.0,1.0
8849,2.0,3.0,105676.0,1.0,180.0,31.5,202104.0,1.0,170.0,21.4,5.0,7.0,58.0,930.0,35.0,1168.0,2022.0,0.0
75378,3.0,4.0,104719.0,1.0,190.0,24.9,103794.0,1.0,178.0,29.7,3.0,4.0,55.0,888.0,58.0,855.0,2011.0,0.0
164015,3.0,0.0,104918.0,1.0,190.0,27.4,105526.0,1.0,193.0,24.4,3.0,3.0,11.0,3635.0,52.0,851.0,2014.0,0.0
82500,3.0,4.0,103428.0,1.0,190.0,24.1,103454.0,1.0,183.0,24.0,3.0,3.0,44.0,845.0,21.0,1192.0,2003.0,1.0
32154,1.0,0.0,104655.0,1.0,180.0,31.1,105077.0,0.0,188.0,29.1,3.0,2.0,33.0,1085.0,24.0,1535.0,2017.0,0.0
99578,3.0,4.0,105526.0,1.0,193.0,31.4,104926.0,1.0,178.0,34.3,3.0,7.0,53.0,1208.0,30.0,1664.0,2021.0,1.0
117554,3.0,0.0,104665.0,1.0,180.0,33.6,104468.0,1.0,183.0,34.7,3.0,6.0,52.0,1025.0,50.0,1035.0,2019.0,1.0
183374,3.0,0.0,111513.0,1.0,188.0,24.5,132283.0,1.0,191.0,24.6,3.0,6.0,39.0,1151.0,51.0,990.0,2020.0,0.0
14841,3.0,3.0,105227.0,1.0,198.0,25.9,103819.0,1.0,185.0,33.0,5.0,9.0,16.0,1845.0,3.0,7490.0,2014.0,0.0
195344,3.0,0.0,106378.0,1.0,188.0,22.1,105173.0,0.0,183.0,28.6,3.0,6.0,49.0,898.0,60.0,791.0,2017.0,0.0
205344,2.0,0.0,104259.0,1.0,178.0,34.6,105916.0,1.0,188.0,26.3,3.0,6.0,24.0,1575.0,45.0,1087.0,2018.0,0.0
94293,1.0,4.0,104918.0,1.0,190.0,21.9,105223.0,1.0,198.0,20.6,3.0,3.0,3.0,8990.0,5.0,4720.0,2009.0,1.0
32875,3.0,1.0,104259.0,1.0,178.0,27.3,105227.0,1.0,198.0,22.4,5.0,8.0,35.0,1180.0,20.0,1500.0,2011.0,1.0
108977,2.0,3.0,102562.0,1.0,190.0,28.2,103970.0,1.0,175.0,21.2,5.0,7.0,10.0,1805.0,64.0,642.0,2003.0,0.0
161820,3.0,4.0,103900.0,1.0,180.0,21.2,101962.0,1.0,193.0,31.5,3.0,6.0,10.0,1950.0,21.0,1370.0,2003.0,1.0
12293,3.0,0.0,126774.0,1.0,193.0,21.1,106233.0,1.0,185.0,26.0,3.0,2.0,7.0,3420.0,5.0,4415.0,2019.0,1.0
177469,3.0,0.0,105554.0,1.0,175.0,32.3,106415.0,0.0,170.0,26.9,3.0,6.0,25.0,1490.0,56.0,827.0,2022.0,1.0
203260,3.0,3.0,105227.0,1.0,198.0,22.3,104745.0,0.0,185.0,24.6,5.0,5.0,15.0,2140.0,1.0,12390.0,2011.0,1.0
192272,2.0,3.0,103900.0,1.0,180.0,23.4,102563.0,1.0,180.0,30.2,5.0,3.0,19.0,1385.0,22.0,1313.0,2005.0,1.0
132549,3.0,4.0,104745.0,0.0,185.0,32.1,111575.0,1.0,198.0,22.2,3.0,9.0,1.0,9310.0,38.0,1175.0,2018.0,0.0
189296,2.0,0.0,104999.0,0.0,190.0,21.7,104607.0,1.0,196.0,23.7,3.0,5.0,45.0,1165.0,21.0,1910.0,2009.0,0.0
45223,3.0,0.0,104731.0,1.0,203.0,25.3,105227.0,1.0,198.0,23.0,3.0,3.0,31.0,1200.0,25.0,1435.0,2011.0,1.0
197178,1.0,0.0,104871.0,1.0,188.0,23.1,105208.0,1.0,190.0,21.6,3.0,6.0,46.0,920.0,44.0,939.0,2010.0,1.0
108742,3.0,4.0,103581.0,1.0,183.0,23.6,103017.0,1.0,183.0,26.6,3.0,4.0,46.0,804.0,40.0,906.0,2004.0,0.0
21798,1.0,3.0,105683.0,1.0,196.0,25.4,105173.0,0.0,183.0,27.8,5.0,7.0,9.0,2785.0,58.0,825.0,2016.0,0.0
49654,3.0,4.0,103285.0,1.0,185.0,31.7,104678.0,1.0,193.0,24.5,3.0,7.0,28.0,1400.0,47.0,945.0,2010.0,1.0
87242,1.0,0.0,103970.0,1.0,175.0,25.2,104597.0,1.0,183.0,21.8,3.0,2.0,15.0,1610.0,37.0,810.0,2007.0,0.0
42917,1.0,4.0,104076.0,1.0,190.0,23.5,103285.0,1.0,185.0,27.4,3.0,9.0,30.0,940.0,16.0,1460.0,2006.0,1.0
15139,3.0,3.0,103819.0,1.0,185.0,37.4,126203.0,1.0,193.0,21.2,5.0,6.0,3.0,6420.0,50.0,964.0,2019.0,0.0
165,3.0,0.0,104198.0,1.0,188.0,27.7,103786.0,1.0,178.0,29.7,3.0,6.0,23.0,1425.0,39.0,1070.0,2011.0,1.0
140708,3.0,4.0,103893.0,1.0,183.0,35.8,105379.0,1.0,181.0,28.2,3.0,7.0,39.0,1190.0,48.0,968.0,2017.0,1.0
145798,1.0,1.0,103835.0,1.0,183.0,25.0,104745.0,0.0,185.0,20.2,5.0,8.0,38.0,855.0,2.0,4625.0,2006.0,1.0
56157,3.0,4.0,126207.0,1.0,188.0,24.5,200624.0,1.0,196.0,22.1,3.0,6.0,25.0,1445.0,52.0,860.0,2022.0,1.0
83947,3.0,3.0,103484.0,1.0,185.0,28.0,105227.0,1.0,198.0,19.2,5.0,5.0,15.0,1610.0,57.0,615.0,2008.0,0.0
102600,3.0,2.0,105453.0,1.0,178.0,26.8,104918.0,1.0,190.0,29.5,3.0,8.0,5.0,4705.0,1.0,11185.0,2016.0,1.0
130245,3.0,0.0,104252.0,1.0,190.0,27.2,104678.0,1.0,193.0,24.9,3.0,9.0,37.0,1073.0,30.0,1385.0,2011.0,1.0
180923,1.0,4.0,104755.0,1.0,185.0,18.8,101736.0,1.0,180.0,35.0,3.0,6.0,59.0,637.0,9.0,2045.0,2005.0,1.0
97602,1.0,4.0,104527.0,1.0,183.0,27.0,104745.0,0.0,185.0,25.8,3.0,3.0,26.0,1290.0,2.0,9215.0,2012.0,1.0
77264,3.0,0.0,105223.0,1.0,198.0,20.3,105453.0,1.0,178.0,19.1,3.0,5.0,7.0,4350.0,56.0,1281.0,2009.0,0.0
180326,3.0,0.0,103096.0,1.0,173.0,26.0,103720.0,1.0,180.0,22.8,3.0,3.0,31.0,1065.0,15.0,1450.0,2004.0,1.0
143740,3.0,0.0,111456.0,1.0,178.0,26.8,105936.0,1.0,185.0,29.9,3.0,5.0,61.0,986.0,44.0,1187.0,2022.0,0.0
128764,3.0,0.0,103852.0,0.0,188.0,26.0,104098.0,1.0,185.0,24.8,3.0,5.0,46.0,697.0,30.0,950.0,2007.0,0.0
119212,3.0,3.0,101736.0,1.0,180.0,34.7,104026.0,1.0,198.0,22.5,5.0,5.0,8.0,2100.0,11.0,1745.0,2005.0,0.0
72524,1.0,1.0,103970.0,1.0,175.0,27.6,103285.0,1.0,185.0,31.0,5.0,8.0,18.0,1795.0,12.0,2625.0,2009.0,0.0
11991,3.0,0.0,105777.0,1.0,188.0,28.2,105550.0,0.0,185.0,29.1,3.0,5.0,57.0,952.0,24.0,1560.0,2019.0,1.0
110786,1.0,0.0,104731.0,1.0,203.0,31.0,105453.0,1.0,178.0,27.3,3.0,3.0,62.0,800.0,9.0,3560.0,2017.0,1.0
61590,1.0,1.0,104338.0,1.0,185.0,29.0,104542.0,1.0,188.0,27.9,5.0,8.0,19.0,1835.0,8.0,3660.0,2013.0,1.0
188136,1.0,1.0,103285.0,1.0,185.0,33.3,104386.0,1.0,180.0,27.7,5.0,8.0,24.0,1385.0,8.0,2820.0,2012.0,1.0
121498,3.0,4.0,104925.0,1.0,188.0,31.7,104259.0,1.0,178.0,35.3,3.0,6.0,1.0,10955.0,39.0,1160.0,2019.0,1.0
45377,1.0,3.0,104925.0,1.0,188.0,28.0,104745.0,0.0,185.0,28.9,5.0,3.0,1.0,13845.0,7.0,4570.0,2015.0,0.0
104556,3.0,4.0,104755.0,1.0,185.0,29.3,104919.0,1.0,188.0,28.4,3.0,6.0,9.0,2715.0,36.0,1125.0,2015.0,0.0
41603,3.0,4.0,104597.0,1.0,183.0,22.1,103900.0,1.0,180.0,25.8,3.0,7.0,28.0,995.0,21.0,1375.0,2007.0,1.0
133280,3.0,0.0,104545.0,1.0,206.0,34.6,134770.0,1.0,183.0,21.0,3.0,8.0,19.0,1770.0,53.0,949.0,2020.0,1.0
199734,2.0,0.0,105526.0,1.0,193.0,24.1,105311.0,1.0,185.0,25.1,3.0,6.0,64.0,763.0,47.0,940.0,2014.0,1.0
66481,1.0,4.0,104586.0,1.0,196.0,28.7,103819.0,1.0,185.0,32.6,3.0,5.0,47.0,971.0,4.0,5355.0,2014.0,1.0
13110,3.0,4.0,104571.0,1.0,183.0,31.3,105777.0,1.0,188.0,25.4,3.0,6.0,37.0,1115.0,18.0,2035.0,2016.0,1.0
67599,1.0,4.0,105023.0,1.0,198.0,23.5,104597.0,1.0,183.0,25.7,3.0,6.0,25.0,1345.0,10.0,2495.0,2011.0,1.0
193345,3.0,4.0,104925.0,1.0,188.0,28.2,103819.0,1.0,185.0,34.0,3.0,2.0,1.0,14265.0,3.0,8065.0,2015.0,1.0
73552,1.0,0.0,105676.0,1.0,180.0,24.6,105311.0,1.0,185.0,26.3,3.0,3.0,14.0,2145.0,43.0,986.0,2015.0,0.0
66651,1.0,4.0,104918.0,1.0,190.0,21.9,103786.0,1.0,178.0,27.8,3.0,3.0,4.0,8840.0,9.0,3735.0,2009.0,0.0
47857,0.0,0.0,103888.0,1.0,188.0,22.8,102642.0,1.0,190.0,29.1,3.0,5.0,37.0,905.0,58.0,649.0,2004.0,1.0
80547,3.0,4.0,104542.0,1.0,188.0,26.8,103566.0,0.0,190.0,31.7,3.0,7.0,6.0,4455.0,41.0,1020.0,2012.0,0.0
107762,3.0,4.0,102860.0,1.0,183.0,30.8,103163.0,1.0,188.0,29.3,3.0,7.0,41.0,760.0,12.0,1910.0,2007.0,1.0
160846,2.0,3.0,200624.0,1.0,196.0,20.9,111575.0,1.0,198.0,25.1,5.0,5.0,50.0,1272.0,29.0,1965.0,2021.0,1.0
92996,1.0,4.0,104898.0,1.0,190.0,24.0,103786.0,1.0,178.0,29.8,3.0,7.0,63.0,813.0,41.0,1060.0,2011.0,0.0
671,1.0,0.0,104269.0,0.0,188.0,33.6,106210.0,0.0,198.0,24.0,3.0,6.0,37.0,1115.0,55.0,840.0,2017.0,1.0
84341,3.0,3.0,103852.0,0.0,188.0,35.3,104926.0,1.0,178.0,29.6,5.0,4.0,29.0,1410.0,48.0,945.0,2017.0,1.0
180003,3.0,0.0,104755.0,1.0,185.0,30.6,100644.0,1.0,198.0,19.8,3.0,2.0,22.0,1725.0,21.0,1735.0,2017.0,1.0
4055,2.0,0.0,200005.0,0.0,188.0,22.9,105916.0,1.0,188.0,29.3,3.0,6.0,32.0,1780.0,44.0,1456.0,2021.0,0.0
106563,1.0,1.0,103720.0,1.0,180.0,25.5,104076.0,1.0,190.0,23.9,5.0,8.0,19.0,1315.0,26.0,1080.0,2006.0,1.0
120273,3.0,4.0,126774.0,1.0,193.0,21.1,128034.0,1.0,196.0,22.6,3.0,5.0,7.0,3630.0,34.0,1243.0,2019.0,0.0
161366,3.0,0.0,104559.0,1.0,188.0,30.4,104678.0,1.0,193.0,29.6,3.0,5.0,57.0,801.0,24.0,1442.0,2015.0,0.0
38127,3.0,3.0,104925.0,1.0,188.0,31.6,106298.0,1.0,185.0,24.8,5.0,9.0,1.0,9135.0,31.0,1245.0,2019.0,0.0
133654,3.0,4.0,134770.0,1.0,183.0,21.6,106043.0,1.0,170.0,28.0,3.0,7.0,36.0,1279.0,13.0,2265.0,2020.0,1.0
52729,3.0,4.0,102035.0,1.0,183.0,36.0,102148.0,1.0,178.0,35.2,3.0,4.0,57.0,595.0,49.0,722.0,2008.0,1.0
204879,3.0,0.0,104098.0,1.0,185.0,25.0,103206.0,1.0,175.0,29.6,3.0,3.0,35.0,853.0,51.0,621.0,2008.0,0.0
173129,3.0,0.0,102563.0,1.0,180.0,32.7,103582.0,0.0,193.0,27.4,3.0,5.0,62.0,583.0,57.0,608.0,2007.0,0.0
92845,3.0,0.0,102562.0,1.0,190.0,29.5,103758.0,1.0,188.0,23.4,3.0,2.0,28.0,1085.0,55.0,685.0,2004.0,0.0
62223,3.0,4.0,104918.0,1.0,190.0,28.2,103819.0,1.0,185.0,34.0,3.0,9.0,2.0,8660.0,3.0,8065.0,2015.0,1.0
154772,3.0,4.0,105227.0,1.0,198.0,30.4,105583.0,1.0,180.0,28.6,3.0,7.0,11.0,3095.0,45.0,1010.0,2019.0,0.0
119346,1.0,0.0,106432.0,1.0,188.0,18.6,105138.0,1.0,183.0,27.2,3.0,6.0,33.0,1109.0,23.0,1475.0,2015.0,1.0
26362,3.0,0.0,103786.0,1.0,178.0,28.3,104792.0,1.0,193.0,23.0,3.0,3.0,8.0,3535.0,13.0,2455.0,2009.0,0.0
139674,1.0,3.0,104925.0,1.0,188.0,21.0,103823.0,0.0,183.0,26.7,5.0,4.0,3.0,5225.0,64.0,578.0,2008.0,0.0
88500,3.0,4.0,103786.0,1.0,178.0,31.7,105238.0,1.0,180.0,24.3,3.0,7.0,41.0,950.0,22.0,1635.0,2013.0,1.0
41468,1.0,0.0,104979.0,1.0,185.0,23.8,104417.0,1.0,193.0,26.7,3.0,8.0,45.0,1025.0,5.0,5435.0,2011.0,1.0
94901,1.0,4.0,104417.0,1.0,193.0,25.6,104527.0,1.0,183.0,25.0,3.0,5.0,7.0,4805.0,26.0,1510.0,2010.0,1.0
191593,3.0,0.0,104792.0,1.0,193.0,19.0,103344.0,1.0,193.0,26.5,3.0,2.0,45.0,814.0,16.0,1430.0,2005.0,1.0
92446,3.0,3.0,126094.0,1.0,188.0,24.8,133430.0,0.0,185.0,23.3,5.0,6.0,11.0,3120.0,21.0,1640.0,2022.0,0.0
56329,3.0,0.0,105208.0,1.0,190.0,25.1,103970.0,1.0,175.0,31.5,3.0,9.0,26.0,1361.0,3.0,6800.0,2013.0,1.0
177000,2.0,0.0,105311.0,1.0,185.0,29.2,105173.0,0.0,183.0,29.9,3.0,3.0,47.0,1016.0,24.0,1580.0,2018.0,1.0
190038,3.0,2.0,200000.0,1.0,193.0,22.2,104745.0,0.0,185.0,36.4,3.0,8.0,6.0,3995.0,2.0,5820.0,2022.0,0.0
10669,2.0,0.0,103758.0,1.0,188.0,22.1,102854.0,1.0,193.0,26.7,3.0,5.0,44.0,855.0,12.0,1755.0,2003.0,0.0
191661,3.0,0.0,104230.0,1.0,180.0,26.1,103852.0,0.0,188.0,28.0,3.0,5.0,55.0,794.0,45.0,915.0,2009.0,1.0
147032,3.0,3.0,104259.0,1.0,178.0,29.2,105683.0,1.0,196.0,22.0,5.0,6.0,19.0,1830.0,15.0,2175.0,2013.0,1.0
149045,3.0,0.0,103758.0,1.0,188.0,23.7,103018.0,1.0,196.0,27.5,3.0,3.0,30.0,1000.0,48.0,800.0,2005.0,1.0
116862,2.0,3.0,105676.0,1.0,180.0,31.5,126207.0,1.0,188.0,24.4,5.0,5.0,58.0,930.0,28.0,1439.0,2022.0,0.0
194373,3.0,4.0,103786.0,1.0,178.0,30.7,104545.0,1.0,206.0,26.8,3.0,7.0,40.0,1030.0,10.0,2675.0,2012.0,1.0
161323,2.0,3.0,100644.0,1.0,198.0,19.1,104607.0,1.0,196.0,30.7,5.0,6.0,28.0,1385.0,9.0,2950.0,2016.0,1.0
45401,1.0,3.0,104468.0,1.0,183.0,28.4,103819.0,1.0,185.0,31.8,5.0,5.0,18.0,1895.0,3.0,8000.0,2013.0,1.0
154350,2.0,3.0,104053.0,1.0,188.0,27.8,104259.0,1.0,178.0,26.6,5.0,6.0,7.0,4510.0,35.0,1230.0,2010.0,0.0
98150,3.0,0.0,104571.0,1.0,183.0,26.6,104471.0,1.0,183.0,27.0,3.0,3.0,45.0,940.0,38.0,1030.0,2012.0,0.0
196137,1.0,0.0,104417.0,1.0,193.0,19.8,103292.0,1.0,175.0,25.5,3.0,9.0,48.0,745.0,11.0,1700.0,2004.0,1.0
9442,3.0,4.0,103484.0,1.0,185.0,23.7,103018.0,1.0,196.0,26.2,3.0,7.0,39.0,975.0,24.0,1160.0,2003.0,1.0
22172,1.0,3.0,105916.0,1.0,188.0,26.2,106378.0,1.0,188.0,23.3,5.0,7.0,45.0,1122.0,17.0,1950.0,2018.0,1.0
71882,1.0,4.0,105138.0,1.0,183.0,27.0,105023.0,1.0,198.0,27.5,3.0,6.0,16.0,1985.0,39.0,1100.0,2015.0,0.0
25278,2.0,0.0,111797.0,1.0,198.0,23.6,104755.0,1.0,185.0,32.9,3.0,3.0,60.0,855.0,42.0,1080.0,2019.0,1.0
159417,3.0,0.0,200221.0,1.0,183.0,22.3,106426.0,1.0,185.0,25.3,3.0,5.0,44.0,1325.0,17.0,2510.0,2021.0,0.0
132171,3.0,3.0,103917.0,1.0,190.0,33.6,105023.0,1.0,198.0,27.8,5.0,4.0,64.0,767.0,38.0,1120.0,2015.0,0.0
20282,3.0,4.0,103163.0,1.0,188.0,29.3,102860.0,1.0,183.0,30.8,3.0,7.0,12.0,1910.0,41.0,760.0,2007.0,0.0
72294,3.0,0.0,103285.0,1.0,185.0,32.8,103970.0,1.0,175.0,29.5,3.0,3.0,24.0,1455.0,5.0,4200.0,2011.0,1.0
118744,1.0,3.0,102035.0,1.0,183.0,32.1,103758.0,1.0,188.0,23.0,5.0,4.0,26.0,1110.0,35.0,985.0,2004.0,0.0
141818,3.0,0.0,200175.0,1.0,183.0,20.4,200005.0,0.0,188.0,21.6,3.0,5.0,50.0,999.0,44.0,1086.0,2020.0,1.0
147313,1.0,4.0,104269.0,0.0,188.0,24.4,104792.0,1.0,193.0,21.6,3.0,7.0,27.0,1105.0,64.0,587.0,2008.0,1.0
55400,1.0,0.0,103970.0,1.0,175.0,34.1,104797.0,1.0,188.0,29.6,3.0,5.0,12.0,2650.0,64.0,771.0,2016.0,0.0
119992,3.0,4.0,103285.0,1.0,185.0,25.2,103484.0,1.0,185.0,24.1,3.0,4.0,53.0,690.0,39.0,925.0,2004.0,1.0
124629,3.0,4.0,200175.0,1.0,183.0,22.5,126203.0,1.0,193.0,24.3,3.0,3.0,61.0,921.0,20.0,2010.0,2022.0,1.0
86284,1.0,4.0,104731.0,1.0,203.0,25.9,105064.0,0.0,188.0,24.2,3.0,7.0,32.0,1170.0,45.0,975.0,2012.0,1.0
24128,3.0,3.0,104586.0,1.0,196.0,30.4,106058.0,1.0,185.0,23.3,5.0,7.0,51.0,827.0,22.0,1525.0,2016.0,0.0
186626,1.0,0.0,102562.0,1.0,190.0,29.3,103292.0,1.0,175.0,25.5,3.0,3.0,25.0,1135.0,11.0,1745.0,2004.0,1.0
138201,1.0,4.0,103990.0,1.0,180.0,23.9,103694.0,1.0,168.0,25.2,3.0,6.0,19.0,1440.0,29.0,1005.0,2006.0,0.0
144905,3.0,4.0,105683.0,1.0,196.0,22.1,105227.0,1.0,198.0,24.4,3.0,6.0,17.0,2050.0,12.0,2535.0,2013.0,0.0
163762,3.0,4.0,106233.0,1.0,185.0,23.5,104527.0,1.0,183.0,31.9,3.0,3.0,9.0,3375.0,3.0,5195.0,2017.0,1.0
105088,3.0,4.0,104022.0,1.0,183.0,30.7,104755.0,1.0,185.0,26.7,3.0,6.0,31.0,1175.0,10.0,2960.0,2013.0,1.0
206591,1.0,4.0,104660.0,1.0,193.0,25.3,103813.0,0.0,185.0,29.7,3.0,6.0,36.0,1145.0,59.0,855.0,2011.0,1.0
106521,3.0,4.0,104745.0,0.0,185.0,23.7,104607.0,1.0,196.0,24.4,3.0,3.0,3.0,7440.0,25.0,1590.0,2010.0,0.0
109248,0.0,0.0,103970.0,1.0,175.0,22.5,103285.0,1.0,185.0,25.9,3.0,6.0,43.0,810.0,64.0,590.0,2004.0,1.0
132058,3.0,4.0,103857.0,1.0,180.0,27.8,103484.0,1.0,185.0,29.6,3.0,7.0,43.0,1073.0,24.0,1520.0,2009.0,0.0
149850,1.0,4.0,104269.0,0.0,188.0,27.4,105683.0,1.0,196.0,20.3,3.0,7.0,17.0,1665.0,26.0,1340.0,2011.0,0.0
90943,1.0,1.0,105223.0,1.0,198.0,19.9,104214.0,1.0,185.0,25.1,5.0,8.0,13.0,1518.0,19.0,1260.0,2008.0,0.0
32358,3.0,4.0,104792.0,1.0,193.0,35.5,207989.0,1.0,185.0,18.8,3.0,5.0,28.0,1633.0,19.0,2056.0,2022.0,1.0
11924,3.0,0.0,105526.0,1.0,193.0,29.7,200000.0,1.0,193.0,19.5,3.0,6.0,34.0,1270.0,21.0,1666.0,2020.0,1.0
42153,1.0,3.0,102845.0,1.0,190.0,28.7,103252.0,1.0,175.0,26.7,5.0,4.0,15.0,1430.0,56.0,712.0,2005.0,0.0
194712,3.0,3.0,104925.0,1.0,188.0,21.2,103819.0,1.0,185.0,27.0,5.0,9.0,3.0,5105.0,2.0,5930.0,2008.0,1.0
60113,1.0,4.0,106432.0,1.0,188.0,21.4,106233.0,1.0,185.0,24.6,3.0,5.0,35.0,1296.0,7.0,3545.0,2018.0,1.0
80234,1.0,3.0,104898.0,1.0,190.0,21.1,105227.0,1.0,198.0,19.6,5.0,4.0,58.0,617.0,53.0,670.0,2008.0,1.0
76582,3.0,4.0,104918.0,1.0,190.0,25.8,103970.0,1.0,175.0,30.9,3.0,2.0,3.0,8350.0,5.0,6630.0,2013.0,0.0
144713,3.0,4.0,105526.0,1.0,193.0,31.9,124079.0,1.0,185.0,24.9,3.0,4.0,56.0,974.0,47.0,1077.0,2022.0,1.0
172610,3.0,4.0,105683.0,1.0,196.0,22.6,104386.0,1.0,180.0,29.1,3.0,6.0,10.0,2645.0,20.0,1650.0,2013.0,0.0
67093,1.0,4.0,103813.0,0.0,185.0,26.7,103285.0,1.0,185.0,29.4,3.0,7.0,25.0,1170.0,27.0,1060.0,2008.0,1.0
191412,1.0,0.0,104655.0,1.0,180.0,30.1,103970.0,1.0,175.0,33.8,3.0,3.0,35.0,1100.0,6.0,4325.0,2016.0,1.0
190722,1.0,4.0,103507.0,1.0,183.0,30.1,104745.0,0.0,185.0,23.8,3.0,3.0,16.0,2105.0,3.0,6980.0,2010.0,1.0
126029,3.0,0.0,104925.0,1.0,188.0,22.7,104022.0,1.0,183.0,27.6,3.0,2.0,2.0,8310.0,15.0,1975.0,2010.0,0.0
142633,1.0,0.0,103163.0,1.0,188.0,35.0,104252.0,1.0,190.0,29.5,3.0,3.0,14.0,2215.0,27.0,1305.0,2013.0,0.0
155197,3.0,4.0,105683.0,1.0,196.0,24.1,104745.0,0.0,185.0,28.7,3.0,3.0,6.0,4980.0,3.0,5675.0,2015.0,0.0
54734,1.0,0.0,104719.0,1.0,190.0,27.8,104665.0,1.0,180.0,28.0,3.0,5.0,34.0,1120.0,43.0,981.0,2014.0,1.0
149084,3.0,4.0,103566.0,0.0,190.0,30.2,103898.0,1.0,185.0,28.6,3.0,7.0,35.0,1215.0,32.0,1239.0,2010.0,1.0
196209,3.0,0.0,104339.0,1.0,196.0,22.4,103103.0,1.0,183.0,28.6,3.0,3.0,12.0,1800.0,28.0,1055.0,2006.0,0.0
182341,3.0,3.0,103602.0,1.0,183.0,24.4,103900.0,1.0,180.0,23.0,5.0,6.0,16.0,1335.0,9.0,1945.0,2005.0,1.0
86423,1.0,0.0,104926.0,1.0,178.0,24.9,104468.0,1.0,183.0,27.3,3.0,2.0,57.0,800.0,12.0,2320.0,2012.0,1.0
205192,1.0,4.0,103252.0,1.0,175.0,26.6,103970.0,1.0,175.0,23.0,3.0,3.0,62.0,614.0,25.0,1210.0,2005.0,1.0
69340,1.0,0.0,104417.0,1.0,193.0,25.6,103852.0,0.0,188.0,28.5,3.0,5.0,8.0,4595.0,35.0,1205.0,2010.0,0.0
158958,3.0,4.0,106210.0,0.0,198.0,23.0,104719.0,1.0,190.0,30.3,3.0,7.0,50.0,903.0,46.0,984.0,2016.0,1.0
53388,1.0,3.0,103852.0,0.0,188.0,35.6,103970.0,1.0,175.0,35.1,5.0,7.0,36.0,1115.0,33.0,1185.0,2017.0,0.0
11738,1.0,4.0,105807.0,1.0,188.0,29.8,111513.0,1.0,188.0,25.9,3.0,7.0,12.0,3050.0,52.0,1168.0,2021.0,0.0
71341,1.0,4.0,103602.0,1.0,183.0,25.7,104098.0,1.0,185.0,23.4,3.0,7.0,8.0,1730.0,33.0,910.0,2006.0,0.0
177310,2.0,3.0,104925.0,1.0,188.0,35.0,200175.0,1.0,183.0,22.8,5.0,6.0,3.0,6770.0,30.0,1306.0,2022.0,0.0
132813,3.0,3.0,105138.0,1.0,183.0,25.7,105223.0,1.0,198.0,25.3,5.0,7.0,62.0,750.0,5.0,5415.0,2014.0,0.0
19530,3.0,3.0,104926.0,1.0,178.0,26.6,105023.0,1.0,198.0,26.2,5.0,6.0,16.0,1930.0,51.0,915.0,2014.0,0.0
7857,3.0,0.0,104214.0,1.0,185.0,21.4,103285.0,1.0,185.0,26.1,3.0,5.0,53.0,756.0,34.0,950.0,2005.0,1.0
189966,3.0,4.0,104229.0,1.0,180.0,25.6,104724.0,1.0,183.0,22.9,3.0,4.0,61.0,1161.0,55.0,1205.0,2009.0,0.0
68600,1.0,3.0,103285.0,1.0,185.0,35.4,105208.0,1.0,190.0,25.7,5.0,6.0,43.0,1040.0,17.0,2050.0,2014.0,1.0
57412,3.0,0.0,103294.0,1.0,170.0,27.8,104417.0,1.0,193.0,22.1,3.0,6.0,64.0,611.0,36.0,893.0,2006.0,1.0
147806,3.0,0.0,103893.0,1.0,183.0,36.0,104792.0,1.0,193.0,31.3,3.0,6.0,43.0,1095.0,46.0,1015.0,2018.0,1.0
66917,3.0,4.0,104919.0,1.0,188.0,28.8,104678.0,1.0,193.0,30.0,3.0,7.0,46.0,965.0,23.0,1580.0,2016.0,0.0
205221,3.0,0.0,106218.0,1.0,180.0,29.2,111815.0,0.0,188.0,27.1,3.0,5.0,58.0,801.0,13.0,2490.0,2022.0,0.0
166055,3.0,4.0,104918.0,1.0,190.0,19.2,103970.0,1.0,175.0,24.3,3.0,7.0,31.0,1035.0,13.0,1685.0,2006.0,0.0
75280,1.0,3.0,104545.0,1.0,206.0,32.0,111575.0,1.0,198.0,21.0,5.0,6.0,22.0,2020.0,53.0,896.0,2017.0,1.0
169158,3.0,4.0,103970.0,1.0,175.0,29.5,103852.0,0.0,188.0,30.0,3.0,9.0,5.0,4200.0,28.0,1325.0,2011.0,0.0
6461,3.0,0.0,103997.0,1.0,190.0,29.7,103813.0,0.0,185.0,30.5,3.0,5.0,58.0,787.0,46.0,933.0,2012.0,1.0
195173,3.0,0.0,105815.0,1.0,188.0,27.1,105777.0,1.0,188.0,27.3,3.0,6.0,59.0,862.0,8.0,3755.0,2018.0,1.0
204502,3.0,3.0,103819.0,1.0,185.0,36.4,104755.0,1.0,185.0,31.5,5.0,6.0,2.0,9605.0,31.0,1375.0,2018.0,0.0
205996,3.0,0.0,124187.0,1.0,211.0,23.1,126203.0,1.0,193.0,22.9,3.0,6.0,33.0,1402.0,28.0,1670.0,2020.0,1.0
24784,3.0,0.0,106214.0,1.0,196.0,29.2,200000.0,1.0,193.0,22.1,3.0,5.0,55.0,875.0,13.0,2950.0,2022.0,1.0
189012,3.0,0.0,103017.0,1.0,183.0,31.2,103484.0,1.0,185.0,28.8,3.0,6.0,37.0,900.0,11.0,1625.0,2008.0,1.0
185767,1.0,4.0,105932.0,1.0,185.0,30.2,105554.0,1.0,175.0,31.9,3.0,7.0,25.0,1618.0,33.0,1242.0,2022.0,0.0
72238,3.0,0.0,103694.0,1.0,168.0,28.9,104678.0,1.0,193.0,23.8,3.0,5.0,57.0,757.0,29.0,1175.0,2010.0,1.0
56865,3.0,4.0,103819.0,1.0,185.0,22.9,103103.0,1.0,183.0,26.5,3.0,7.0,1.0,6105.0,21.0,1168.0,2004.0,1.0
105519,3.0,0.0,105138.0,1.0,183.0,32.8,105676.0,1.0,180.0,30.2,3.0,2.0,13.0,2710.0,15.0,2600.0,2021.0,1.0
85807,3.0,0.0,103781.0,0.0,183.0,30.7,104545.0,1.0,206.0,26.8,3.0,3.0,38.0,1052.0,13.0,2025.0,2012.0,0.0
65229,3.0,0.0,104542.0,1.0,188.0,31.8,104607.0,1.0,196.0,31.4,3.0,9.0,14.0,2730.0,13.0,2790.0,2017.0,0.0
102616,3.0,4.0,104338.0,1.0,185.0,27.3,104607.0,1.0,196.0,25.9,3.0,6.0,39.0,1135.0,9.0,2420.0,2011.0,1.0
161543,3.0,4.0,104229.0,1.0,180.0,27.5,105208.0,1.0,190.0,22.5,3.0,7.0,43.0,1059.0,34.0,1210.0,2011.0,1.0
87529,2.0,0.0,103970.0,1.0,175.0,26.2,102967.0,1.0,188.0,31.2,3.0,2.0,5.0,2905.0,60.0,619.0,2008.0,0.0
151181,3.0,3.0,126207.0,1.0,188.0,24.6,207989.0,1.0,185.0,19.3,5.0,9.0,26.0,1400.0,4.0,5100.0,2022.0,1.0
201823,3.0,4.0,103285.0,1.0,185.0,35.7,105577.0,1.0,193.0,24.1,3.0,7.0,35.0,1095.0,46.0,965.0,2014.0,1.0
86664,3.0,4.0,103852.0,0.0,188.0,28.0,104417.0,1.0,193.0,25.1,3.0,3.0,41.0,1005.0,11.0,3125.0,2009.0,0.0
93033,3.0,0.0,104571.0,1.0,183.0,25.2,104022.0,1.0,183.0,28.2,3.0,3.0,18.0,2030.0,9.0,3295.0,2010.0,1.0
41706,3.0,4.0,104607.0,1.0,196.0,21.0,104745.0,0.0,185.0,20.3,3.0,3.0,11.0,1860.0,2.0,4645.0,2006.0,0.0
6906,1.0,0.0,102845.0,1.0,190.0,26.6,102860.0,1.0,183.0,26.5,3.0,9.0,4.0,2845.0,34.0,1010.0,2003.0,0.0
97679,1.0,4.0,105577.0,1.0,193.0,23.8,104731.0,1.0,203.0,27.9,3.0,7.0,32.0,1180.0,20.0,1755.0,2014.0,1.0
59800,1.0,4.0,101965.0,1.0,185.0,31.6,102856.0,1.0,190.0,26.6,3.0,5.0,26.0,1095.0,14.0,1590.0,2003.0,0.0
201587,3.0,0.0,105032.0,1.0,193.0,27.7,104571.0,1.0,183.0,30.1,3.0,5.0,62.0,773.0,47.0,925.0,2015.0,1.0
136284,3.0,4.0,102562.0,1.0,190.0,29.9,102563.0,1.0,180.0,29.9,3.0,5.0,26.0,1165.0,27.0,1163.0,2005.0,1.0
102053,3.0,3.0,105238.0,1.0,180.0,28.8,104678.0,1.0,193.0,31.5,5.0,6.0,64.0,751.0,52.0,920.0,2017.0,0.0
200081,1.0,0.0,102318.0,1.0,183.0,31.4,102720.0,1.0,178.0,29.4,3.0,6.0,41.0,825.0,57.0,647.0,2005.0,1.0
83381,3.0,4.0,103813.0,0.0,185.0,32.6,105138.0,1.0,183.0,25.8,3.0,6.0,40.0,1020.0,53.0,885.0,2014.0,1.0
99522,1.0,4.0,104468.0,1.0,183.0,23.3,104542.0,1.0,188.0,23.0,3.0,7.0,34.0,940.0,17.0,1380.0,2008.0,0.0
88767,3.0,0.0,104792.0,1.0,193.0,29.1,105064.0,0.0,188.0,27.8,3.0,6.0,21.0,1500.0,33.0,1170.0,2015.0,0.0
45951,1.0,4.0,104338.0,1.0,185.0,30.1,103990.0,1.0,180.0,32.0,3.0,7.0,54.0,880.0,18.0,1855.0,2014.0,1.0
112813,3.0,4.0,103694.0,1.0,168.0,22.1,102610.0,1.0,180.0,27.7,3.0,7.0,56.0,678.0,9.0,2015.0,2003.0,1.0
97014,3.0,0.0,111442.0,1.0,183.0,25.2,126774.0,1.0,193.0,20.9,3.0,5.0,46.0,1009.0,6.0,4045.0,2019.0,1.0
143693,3.0,4.0,104312.0,1.0,190.0,22.0,103908.0,1.0,185.0,24.1,3.0,4.0,55.0,710.0,35.0,893.0,2006.0,1.0
137572,3.0,0.0,105385.0,0.0,183.0,22.1,104792.0,1.0,193.0,25.0,3.0,9.0,55.0,800.0,9.0,2780.0,2011.0,0.0
95082,3.0,4.0,103387.0,1.0,185.0,25.1,102318.0,1.0,183.0,30.4,3.0,7.0,15.0,1425.0,16.0,1319.0,2004.0,0.0
38977,1.0,1.0,102845.0,1.0,190.0,26.5,103344.0,1.0,193.0,24.0,5.0,8.0,4.0,2970.0,53.0,725.0,2003.0,0.0
120439,3.0,4.0,103163.0,1.0,188.0,34.9,105223.0,1.0,198.0,24.4,3.0,5.0,19.0,1860.0,7.0,4410.0,2013.0,1.0
49429,3.0,3.0,106421.0,1.0,198.0,25.9,200000.0,1.0,193.0,21.4,5.0,3.0,2.0,8935.0,9.0,3608.0,2022.0,0.0
143248,2.0,0.0,102318.0,1.0,183.0,31.3,102148.0,1.0,178.0,32.4,3.0,6.0,45.0,825.0,55.0,686.0,2005.0,1.0
1427,2.0,3.0,105683.0,1.0,196.0,26.5,103819.0,1.0,185.0,35.9,5.0,3.0,7.0,4150.0,5.0,5265.0,2017.0,1.0
198005,1.0,4.0,104338.0,1.0,185.0,25.0,105227.0,1.0,198.0,20.5,3.0,5.0,58.0,1105.0,15.0,2555.0,2009.0,0.0
120452,3.0,3.0,132283.0,1.0,191.0,25.3,105173.0,0.0,183.0,32.1,5.0,4.0,46.0,1030.0,39.0,1191.0,2020.0,1.0
120846,2.0,0.0,111442.0,1.0,183.0,25.1,200282.0,1.0,183.0,20.3,3.0,3.0,62.0,837.0,24.0,1410.0,2019.0,0.0
167032,3.0,4.0,104259.0,1.0,178.0,31.8,105311.0,1.0,185.0,26.3,3.0,7.0,28.0,1265.0,44.0,986.0,2015.0,1.0
171175,1.0,1.0,104926.0,1.0,178.0,26.8,104918.0,1.0,190.0,26.8,5.0,8.0,13.0,2340.0,8.0,3975.0,2014.0,0.0
185822,1.0,0.0,104122.0,1.0,183.0,34.2,104755.0,1.0,185.0,30.8,3.0,5.0,64.0,792.0,23.0,1740.0,2017.0,1.0
168449,2.0,3.0,105373.0,0.0,190.0,26.9,105062.0,1.0,183.0,28.5,5.0,4.0,48.0,943.0,57.0,867.0,2016.0,1.0
50283,3.0,4.0,111575.0,1.0,198.0,25.7,202385.0,1.0,188.0,21.3,3.0,7.0,26.0,1680.0,43.0,1153.0,2022.0,1.0
105026,3.0,4.0,103344.0,1.0,193.0,25.5,102783.0,1.0,180.0,28.4,3.0,6.0,29.0,1085.0,17.0,1310.0,2004.0,0.0
97253,3.0,4.0,104468.0,1.0,183.0,27.7,103781.0,0.0,183.0,31.3,3.0,7.0,18.0,1860.0,35.0,1067.0,2012.0,0.0
181023,3.0,0.0,104417.0,1.0,193.0,24.1,104338.0,1.0,185.0,24.5,3.0,5.0,35.0,965.0,43.0,825.0,2008.0,0.0
131413,1.0,4.0,104926.0,1.0,178.0,27.9,105449.0,1.0,188.0,25.3,3.0,7.0,31.0,1215.0,50.0,905.0,2015.0,0.0
151552,3.0,3.0,105936.0,1.0,185.0,30.5,200282.0,1.0,183.0,23.5,5.0,4.0,44.0,1010.0,20.0,1665.0,2022.0,1.0
90422,3.0,0.0,103285.0,1.0,185.0,31.8,103813.0,0.0,185.0,29.1,3.0,3.0,37.0,1145.0,48.0,950.0,2010.0,0.0
114652,3.0,2.0,104925.0,1.0,188.0,25.4,104607.0,1.0,196.0,27.1,3.0,8.0,1.0,11420.0,6.0,4405.0,2012.0,0.0
179885,3.0,1.0,105227.0,1.0,198.0,34.1,200282.0,1.0,183.0,23.7,3.0,8.0,17.0,2105.0,24.0,1790.0,2022.0,1.0
83888,1.0,4.0,102374.0,1.0,180.0,29.0,103598.0,1.0,185.0,22.8,3.0,7.0,17.0,1410.0,30.0,1070.0,2003.0,1.0
142526,0.0,0.0,104417.0,1.0,193.0,20.4,103285.0,1.0,185.0,26.1,3.0,2.0,37.0,920.0,30.0,1040.0,2005.0,0.0
5400,3.0,4.0,105676.0,1.0,180.0,24.2,106432.0,1.0,188.0,18.3,3.0,7.0,20.0,1631.0,59.0,837.0,2015.0,0.0
87176,1.0,4.0,104542.0,1.0,188.0,27.0,105238.0,1.0,180.0,23.4,3.0,5.0,5.0,4885.0,20.0,1575.0,2012.0,1.0
187109,3.0,4.0,103151.0,1.0,183.0,27.0,103387.0,1.0,185.0,25.7,3.0,7.0,52.0,770.0,32.0,1045.0,2005.0,0.0
103818,0.0,4.0,104607.0,1.0,196.0,20.1,103285.0,1.0,185.0,26.9,3.0,9.0,50.0,725.0,14.0,1580.0,2005.0,0.0
114520,3.0,0.0,104755.0,1.0,185.0,30.6,106298.0,1.0,185.0,22.9,3.0,9.0,19.0,1875.0,17.0,2131.0,2017.0,1.0
187069,3.0,2.0,104918.0,1.0,190.0,28.5,104745.0,0.0,185.0,29.4,3.0,8.0,2.0,8470.0,5.0,4630.0,2015.0,1.0
23262,3.0,3.0,103566.0,0.0,190.0,27.2,103835.0,1.0,183.0,25.9,5.0,4.0,59.0,587.0,29.0,971.0,2007.0,0.0
48959,3.0,4.0,104918.0,1.0,190.0,27.4,103898.0,1.0,185.0,32.8,3.0,6.0,8.0,4295.0,28.0,1330.0,2014.0,0.0
169874,1.0,4.0,104338.0,1.0,185.0,25.0,103990.0,1.0,180.0,26.9,3.0,6.0,60.0,1120.0,14.0,2765.0,2009.0,0.0
206409,3.0,0.0,103900.0,1.0,180.0,23.6,103507.0,1.0,183.0,25.5,3.0,3.0,9.0,1915.0,23.0,1225.0,2005.0,1.0
107267,1.0,0.0,104527.0,1.0,183.0,32.1,104999.0,0.0,190.0,29.7,3.0,2.0,3.0,5445.0,33.0,1165.0,2017.0,0.0
47482,3.0,2.0,104925.0,1.0,188.0,29.4,105453.0,1.0,178.0,26.8,3.0,9.0,2.0,10780.0,5.0,4705.0,2016.0,0.0
104669,3.0,4.0,103582.0,0.0,193.0,27.7,104214.0,1.0,185.0,24.6,3.0,7.0,64.0,564.0,32.0,985.0,2008.0,1.0
98881,3.0,3.0,104269.0,0.0,188.0,29.1,105676.0,1.0,180.0,22.1,5.0,4.0,24.0,1445.0,49.0,843.0,2013.0,0.0
27122,3.0,0.0,103852.0,0.0,188.0,24.0,103285.0,1.0,185.0,26.8,3.0,3.0,23.0,1220.0,15.0,1480.0,2005.0,1.0
74486,1.0,0.0,103344.0,1.0,193.0,27.1,103484.0,1.0,185.0,26.3,3.0,8.0,4.0,2610.0,8.0,1925.0,2006.0,0.0
77437,3.0,4.0,103454.0,1.0,183.0,23.8,103018.0,1.0,196.0,26.0,3.0,7.0,40.0,869.0,32.0,1000.0,2003.0,1.0
87511,3.0,3.0,103819.0,1.0,185.0,30.0,104925.0,1.0,188.0,24.2,5.0,9.0,3.0,8380.0,1.0,13920.0,2011.0,1.0
75209,1.0,0.0,105385.0,0.0,183.0,25.7,105449.0,1.0,188.0,25.2,3.0,6.0,45.0,964.0,52.0,880.0,2015.0,1.0
199896,3.0,4.0,133430.0,0.0,185.0,22.9,144750.0,1.0,193.0,25.0,3.0,7.0,14.0,2863.0,44.0,1101.0,2022.0,1.0
40253,1.0,0.0,105373.0,0.0,190.0,26.0,105807.0,1.0,188.0,24.0,3.0,6.0,37.0,1100.0,56.0,825.0,2015.0,0.0
100086,3.0,0.0,133430.0,0.0,185.0,19.4,105526.0,1.0,193.0,28.4,3.0,3.0,31.0,1295.0,56.0,910.0,2018.0,0.0
156868,1.0,4.0,103812.0,1.0,198.0,28.7,104745.0,0.0,185.0,23.8,3.0,5.0,39.0,1025.0,3.0,6480.0,2010.0,1.0
167614,3.0,4.0,104468.0,1.0,183.0,23.8,104053.0,1.0,188.0,26.1,3.0,5.0,10.0,1740.0,7.0,2045.0,2008.0,1.0
135451,1.0,0.0,104338.0,1.0,185.0,25.0,103498.0,1.0,193.0,29.2,3.0,7.0,58.0,1130.0,20.0,2105.0,2009.0,0.0
167574,3.0,4.0,105223.0,1.0,198.0,23.4,104269.0,0.0,188.0,28.3,3.0,6.0,9.0,2840.0,19.0,1530.0,2012.0,0.0
86281,3.0,0.0,105138.0,1.0,183.0,33.8,111575.0,1.0,198.0,25.7,3.0,9.0,16.0,2380.0,27.0,1770.0,2022.0,0.0
15692,3.0,4.0,111575.0,1.0,198.0,25.2,106234.0,1.0,185.0,27.9,3.0,6.0,29.0,1920.0,22.0,2287.0,2021.0,0.0
176948,0.0,0.0,103292.0,1.0,175.0,26.8,104792.0,1.0,193.0,19.1,3.0,5.0,12.0,1730.0,36.0,889.0,2005.0,1.0
36989,1.0,4.0,103970.0,1.0,175.0,34.1,104198.0,1.0,188.0,32.9,3.0,6.0,9.0,2920.0,51.0,910.0,2016.0,0.0
204769,2.0,3.0,103166.0,1.0,180.0,25.2,103900.0,1.0,180.0,21.4,5.0,4.0,59.0,666.0,9.0,1895.0,2003.0,1.0
101593,1.0,4.0,104198.0,1.0,188.0,26.8,104332.0,1.0,185.0,26.0,3.0,7.0,42.0,964.0,49.0,862.0,2010.0,1.0
16381,1.0,4.0,105227.0,1.0,198.0,32.6,126774.0,1.0,193.0,22.7,3.0,6.0,43.0,1433.0,5.0,7610.0,2021.0,1.0
146782,1.0,3.0,104338.0,1.0,185.0,21.1,103206.0,1.0,175.0,26.9,5.0,4.0,60.0,643.0,24.0,1200.0,2005.0,1.0
138506,2.0,0.0,104755.0,1.0,185.0,27.9,105373.0,0.0,190.0,24.9,3.0,3.0,14.0,2310.0,57.0,840.0,2014.0,0.0
81745,3.0,0.0,104678.0,1.0,193.0,29.0,106071.0,1.0,193.0,22.3,3.0,5.0,43.0,961.0,46.0,942.0,2015.0,1.0
150722,1.0,3.0,104745.0,0.0,185.0,18.9,103206.0,1.0,175.0,26.9,5.0,5.0,5.0,2600.0,24.0,1200.0,2005.0,0.0
116050,3.0,4.0,103206.0,1.0,175.0,27.1,103387.0,1.0,185.0,26.1,3.0,7.0,34.0,985.0,41.0,840.0,2005.0,0.0
72055,3.0,4.0,104678.0,1.0,193.0,30.6,105138.0,1.0,183.0,28.4,3.0,5.0,31.0,1340.0,19.0,1950.0,2016.0,1.0
87951,1.0,0.0,103990.0,1.0,180.0,33.2,105332.0,1.0,196.0,26.1,3.0,2.0,21.0,1540.0,62.0,776.0,2015.0,1.0
15362,3.0,0.0,207989.0,1.0,185.0,19.4,122298.0,1.0,188.0,27.0,3.0,5.0,1.0,6730.0,35.0,1252.0,2022.0,0.0
56810,1.0,0.0,103852.0,0.0,188.0,31.8,104898.0,1.0,190.0,26.2,3.0,9.0,29.0,1325.0,57.0,817.0,2013.0,1.0
140268,1.0,0.0,103970.0,1.0,175.0,33.8,105077.0,0.0,188.0,28.0,3.0,5.0,6.0,4325.0,47.0,878.0,2016.0,0.0
108975,3.0,4.0,104607.0,1.0,196.0,27.4,104252.0,1.0,190.0,29.4,3.0,6.0,6.0,4740.0,27.0,1240.0,2013.0,0.0
66667,2.0,0.0,104468.0,1.0,183.0,34.4,106421.0,1.0,198.0,23.3,3.0,9.0,38.0,1190.0,13.0,2625.0,2019.0,0.0
152750,3.0,4.0,104269.0,0.0,188.0,29.9,105208.0,1.0,190.0,25.1,3.0,7.0,34.0,1200.0,24.0,1431.0,2013.0,0.0
171379,3.0,4.0,105023.0,1.0,198.0,30.0,105216.0,1.0,173.0,29.0,3.0,7.0,17.0,2445.0,36.0,1209.0,2017.0,0.0
128616,1.0,3.0,104745.0,0.0,185.0,21.9,103819.0,1.0,185.0,26.7,5.0,2.0,2.0,5585.0,1.0,6675.0,2008.0,0.0
202446,3.0,4.0,102434.0,1.0,183.0,30.6,103344.0,1.0,193.0,26.0,3.0,6.0,23.0,1190.0,14.0,1645.0,2005.0,1.0
89794,3.0,4.0,103694.0,1.0,168.0,24.1,103333.0,1.0,208.0,26.0,3.0,4.0,40.0,916.0,59.0,630.0,2005.0,0.0
77370,3.0,0.0,105023.0,1.0,198.0,27.2,106071.0,1.0,193.0,22.2,3.0,6.0,35.0,1090.0,53.0,797.0,2015.0,1.0
177043,2.0,0.0,106233.0,1.0,185.0,24.7,105216.0,1.0,173.0,29.7,3.0,5.0,7.0,3835.0,52.0,980.0,2018.0,1.0
4398,3.0,0.0,103484.0,1.0,185.0,28.6,104468.0,1.0,183.0,23.6,3.0,5.0,7.0,2020.0,14.0,1350.0,2008.0,0.0
19744,1.0,0.0,134770.0,1.0,183.0,23.1,105643.0,0.0,190.0,31.3,3.0,9.0,8.0,4065.0,42.0,1312.0,2022.0,0.0
183787,3.0,0.0,103344.0,1.0,193.0,29.9,103852.0,0.0,188.0,27.4,3.0,6.0,56.0,1251.0,28.0,1950.0,2009.0,1.0
112781,3.0,0.0,122330.0,1.0,196.0,24.6,105936.0,1.0,185.0,29.9,3.0,9.0,35.0,1433.0,36.0,1414.0,2022.0,0.0
61731,1.0,3.0,105138.0,1.0,183.0,32.4,104755.0,1.0,185.0,34.2,5.0,4.0,10.0,2665.0,50.0,1030.0,2020.0,0.0
95995,1.0,3.0,104545.0,1.0,206.0,29.0,105062.0,1.0,183.0,26.4,5.0,7.0,11.0,2600.0,54.0,859.0,2014.0,0.0
78777,1.0,4.0,103781.0,0.0,183.0,29.8,103970.0,1.0,175.0,29.0,3.0,9.0,9.0,2660.0,6.0,4600.0,2011.0,1.0
93254,2.0,0.0,111575.0,1.0,198.0,21.0,105453.0,1.0,178.0,27.4,3.0,5.0,38.0,1005.0,9.0,3785.0,2017.0,0.0
170815,2.0,0.0,103813.0,0.0,185.0,32.8,105238.0,1.0,180.0,25.5,3.0,5.0,62.0,790.0,19.0,1680.0,2014.0,1.0
42374,3.0,0.0,104417.0,1.0,193.0,26.4,104898.0,1.0,190.0,23.8,3.0,6.0,4.0,5955.0,55.0,903.0,2011.0,0.0
14141,3.0,4.0,104022.0,1.0,183.0,28.1,104468.0,1.0,183.0,25.6,3.0,7.0,14.0,2725.0,32.0,1305.0,2010.0,0.0
66672,3.0,0.0,103813.0,0.0,185.0,26.2,103484.0,1.0,185.0,27.7,3.0,3.0,26.0,1035.0,7.0,2235.0,2007.0,1.0
5966,2.0,3.0,105550.0,0.0,185.0,31.1,126610.0,1.0,196.0,25.2,5.0,4.0,59.0,1114.0,9.0,4468.0,2021.0,1.0
161186,3.0,3.0,102642.0,1.0,190.0,29.4,102450.0,1.0,185.0,30.3,5.0,4.0,55.0,729.0,7.0,2360.0,2005.0,1.0
91052,3.0,0.0,103294.0,1.0,170.0,26.8,104076.0,1.0,190.0,22.9,3.0,6.0,53.0,710.0,56.0,678.0,2005.0,0.0
135658,3.0,0.0,104259.0,1.0,178.0,27.2,103970.0,1.0,175.0,28.7,3.0,3.0,34.0,1215.0,7.0,3735.0,2011.0,1.0
173170,1.0,4.0,103900.0,1.0,180.0,22.3,102610.0,1.0,180.0,28.8,3.0,9.0,8.0,2085.0,39.0,885.0,2004.0,0.0
204550,3.0,0.0,104871.0,1.0,188.0,27.9,104468.0,1.0,183.0,30.1,3.0,5.0,34.0,1150.0,19.0,1755.0,2015.0,1.0
190640,1.0,4.0,105138.0,1.0,183.0,27.9,104871.0,1.0,188.0,29.1,3.0,6.0,17.0,2015.0,33.0,1220.0,2016.0,0.0
184860,3.0,4.0,104745.0,0.0,185.0,29.4,104731.0,1.0,203.0,29.4,3.0,5.0,6.0,4630.0,12.0,2475.0,2015.0,0.0
111555,1.0,0.0,103781.0,0.0,183.0,27.9,104022.0,1.0,183.0,26.8,3.0,3.0,26.0,1770.0,46.0,1230.0,2009.0,1.0
95760,1.0,0.0,104792.0,1.0,193.0,30.8,104297.0,1.0,178.0,33.4,3.0,5.0,13.0,2775.0,64.0,708.0,2017.0,1.0
174932,3.0,3.0,104542.0,1.0,188.0,23.7,104338.0,1.0,185.0,24.8,5.0,4.0,7.0,3995.0,49.0,1470.0,2009.0,0.0
127939,3.0,0.0,103428.0,1.0,190.0,28.1,104925.0,1.0,188.0,20.3,3.0,3.0,16.0,1465.0,3.0,4145.0,2007.0,1.0
10201,3.0,4.0,103990.0,1.0,180.0,26.2,105227.0,1.0,198.0,19.8,3.0,6.0,14.0,1400.0,44.0,860.0,2008.0,1.0
46446,3.0,4.0,105332.0,1.0,196.0,28.4,104755.0,1.0,185.0,31.3,3.0,7.0,40.0,1155.0,30.0,1420.0,2017.0,1.0
112589,1.0,1.0,103786.0,1.0,178.0,25.8,103908.0,1.0,185.0,25.2,5.0,8.0,4.0,2825.0,56.0,655.0,2007.0,1.0
64269,1.0,0.0,103292.0,1.0,175.0,26.4,103602.0,1.0,183.0,24.7,3.0,8.0,6.0,2440.0,26.0,1200.0,2005.0,0.0
122670,3.0,0.0,103720.0,1.0,180.0,28.4,105223.0,1.0,198.0,20.8,3.0,5.0,42.0,1100.0,6.0,5005.0,2009.0,1.0
156120,1.0,3.0,104678.0,1.0,193.0,24.2,103990.0,1.0,180.0,28.0,5.0,4.0,41.0,955.0,26.0,1505.0,2010.0,0.0
156717,1.0,3.0,134868.0,1.0,188.0,25.8,200221.0,1.0,183.0,22.9,5.0,4.0,58.0,949.0,28.0,1400.0,2022.0,0.0
31413,2.0,0.0,104259.0,1.0,178.0,23.6,104571.0,1.0,183.0,21.9,3.0,9.0,34.0,890.0,18.0,1490.0,2007.0,1.0
86678,1.0,0.0,102845.0,1.0,190.0,29.8,103454.0,1.0,183.0,26.7,3.0,3.0,41.0,830.0,37.0,890.0,2006.0,1.0
177090,3.0,0.0,102703.0,1.0,180.0,31.5,103484.0,1.0,185.0,27.5,3.0,9.0,42.0,726.0,9.0,2075.0,2007.0,1.0
9028,3.0,0.0,105023.0,1.0,198.0,23.3,104797.0,1.0,188.0,24.4,3.0,6.0,18.0,1860.0,53.0,906.0,2011.0,0.0
94141,1.0,0.0,103252.0,1.0,175.0,27.4,104081.0,1.0,180.0,23.2,3.0,5.0,55.0,656.0,57.0,613.0,2006.0,1.0
57918,3.0,0.0,103852.0,0.0,188.0,27.0,103484.0,1.0,185.0,28.8,3.0,3.0,39.0,865.0,11.0,1625.0,2008.0,0.0
102294,3.0,4.0,105683.0,1.0,196.0,24.1,103990.0,1.0,180.0,32.8,3.0,5.0,6.0,4980.0,19.0,1755.0,2015.0,0.0
92277,3.0,4.0,104745.0,0.0,185.0,32.1,105227.0,1.0,198.0,29.8,3.0,3.0,1.0,9310.0,7.0,3905.0,2018.0,0.0
140523,3.0,0.0,104545.0,1.0,206.0,31.2,126203.0,1.0,193.0,18.7,3.0,3.0,17.0,1895.0,60.0,811.0,2016.0,0.0
50491,3.0,4.0,104269.0,0.0,188.0,24.9,104918.0,1.0,190.0,21.4,3.0,5.0,17.0,1345.0,4.0,3420.0,2008.0,1.0
88666,3.0,0.0,103694.0,1.0,168.0,26.0,103344.0,1.0,193.0,27.9,3.0,5.0,34.0,895.0,8.0,2260.0,2007.0,1.0
67362,1.0,3.0,105332.0,1.0,196.0,24.0,104571.0,1.0,183.0,27.9,5.0,4.0,26.0,1405.0,39.0,1030.0,2013.0,0.0
20202,3.0,4.0,101736.0,1.0,180.0,34.8,103819.0,1.0,185.0,23.6,3.0,9.0,10.0,1895.0,1.0,6050.0,2005.0,1.0
37018,3.0,4.0,104745.0,0.0,185.0,31.1,105077.0,0.0,188.0,29.5,3.0,5.0,2.0,7555.0,24.0,1735.0,2017.0,0.0
57138,3.0,3.0,101965.0,1.0,185.0,31.3,103507.0,1.0,183.0,22.9,5.0,3.0,39.0,930.0,4.0,2835.0,2003.0,0.0
77005,1.0,4.0,104755.0,1.0,185.0,20.8,104269.0,0.0,188.0,23.4,3.0,7.0,13.0,1835.0,35.0,845.0,2007.0,0.0
70574,3.0,4.0,105332.0,1.0,196.0,24.4,104252.0,1.0,190.0,30.0,3.0,6.0,27.0,1380.0,50.0,895.0,2013.0,1.0
162748,3.0,3.0,106401.0,1.0,193.0,19.7,105643.0,0.0,190.0,24.2,5.0,4.0,53.0,830.0,62.0,775.0,2015.0,0.0
42870,2.0,3.0,103333.0,1.0,208.0,36.3,104542.0,1.0,188.0,30.1,5.0,6.0,25.0,1385.0,12.0,2565.0,2015.0,0.0
36909,3.0,4.0,105373.0,0.0,190.0,23.2,105227.0,1.0,198.0,24.0,3.0,6.0,34.0,1148.0,16.0,2200.0,2012.0,1.0
136956,2.0,0.0,126205.0,1.0,185.0,25.0,200282.0,1.0,183.0,23.3,3.0,3.0,35.0,1183.0,24.0,1633.0,2022.0,1.0
156958,3.0,4.0,103888.0,1.0,188.0,29.6,104918.0,1.0,190.0,24.2,3.0,9.0,7.0,3060.0,4.0,5715.0,2011.0,1.0
4757,3.0,4.0,202195.0,1.0,198.0,25.4,106043.0,1.0,170.0,30.2,3.0,7.0,34.0,1254.0,24.0,1735.0,2022.0,0.0
192957,3.0,3.0,126774.0,1.0,193.0,22.0,105077.0,0.0,188.0,32.6,5.0,4.0,6.0,5095.0,41.0,1130.0,2020.0,0.0
19350,3.0,0.0,105238.0,1.0,180.0,23.9,104719.0,1.0,190.0,26.5,3.0,3.0,21.0,1680.0,25.0,1475.0,2012.0,0.0
3306,1.0,4.0,105676.0,1.0,180.0,31.4,104745.0,0.0,185.0,35.9,3.0,5.0,60.0,913.0,4.0,6435.0,2022.0,1.0
153371,2.0,0.0,103898.0,1.0,185.0,26.4,104259.0,1.0,178.0,24.6,3.0,6.0,43.0,815.0,40.0,875.0,2008.0,1.0
184470,1.0,0.0,104665.0,1.0,180.0,26.0,103970.0,1.0,175.0,29.9,3.0,3.0,50.0,910.0,6.0,4345.0,2012.0,1.0
72439,3.0,3.0,104871.0,1.0,188.0,26.9,105238.0,1.0,180.0,25.1,5.0,7.0,31.0,1255.0,56.0,825.0,2014.0,0.0
127035,1.0,0.0,105550.0,0.0,185.0,28.7,106043.0,1.0,170.0,26.4,3.0,3.0,59.0,790.0,20.0,1835.0,2019.0,0.0
127605,3.0,0.0,133430.0,0.0,185.0,20.8,105227.0,1.0,198.0,31.3,3.0,5.0,15.0,2075.0,39.0,1205.0,2020.0,0.0
57700,3.0,0.0,104312.0,1.0,190.0,31.9,105373.0,0.0,190.0,26.5,3.0,3.0,31.0,1200.0,44.0,920.0,2016.0,1.0
13080,3.0,0.0,103908.0,1.0,185.0,27.0,103566.0,0.0,190.0,28.7,3.0,5.0,34.0,1655.0,50.0,1365.0,2009.0,1.0
171361,1.0,4.0,104527.0,1.0,183.0,30.0,104338.0,1.0,185.0,31.0,3.0,6.0,9.0,4405.0,42.0,1090.0,2015.0,0.0
81611,3.0,4.0,100644.0,1.0,198.0,24.5,105777.0,1.0,188.0,30.4,3.0,5.0,4.0,7180.0,30.0,1721.0,2021.0,0.0
165630,1.0,0.0,102563.0,1.0,180.0,30.0,103598.0,1.0,185.0,24.7,3.0,6.0,17.0,1283.0,36.0,953.0,2005.0,0.0
79055,3.0,3.0,104871.0,1.0,188.0,22.5,104792.0,1.0,193.0,22.9,5.0,4.0,34.0,1267.0,13.0,2475.0,2009.0,1.0
163508,2.0,3.0,104312.0,1.0,190.0,25.3,103484.0,1.0,185.0,29.4,5.0,4.0,50.0,1090.0,17.0,2340.0,2009.0,0.0
158415,2.0,0.0,103852.0,0.0,188.0,23.7,103694.0,1.0,168.0,24.3,3.0,5.0,32.0,1055.0,39.0,881.0,2005.0,1.0
150180,1.0,3.0,104745.0,0.0,185.0,19.9,103819.0,1.0,185.0,24.8,5.0,2.0,2.0,4545.0,1.0,7010.0,2006.0,0.0
38724,1.0,0.0,103656.0,1.0,175.0,29.6,104755.0,1.0,185.0,24.1,3.0,3.0,23.0,1600.0,47.0,930.0,2010.0,1.0
109192,1.0,4.0,200000.0,1.0,193.0,20.7,105936.0,1.0,185.0,29.1,3.0,7.0,21.0,2418.0,39.0,1619.0,2021.0,0.0
31448,3.0,0.0,103018.0,1.0,196.0,26.6,103813.0,0.0,185.0,22.5,3.0,3.0,22.0,1190.0,37.0,940.0,2004.0,0.0
124771,1.0,3.0,103990.0,1.0,180.0,26.0,102967.0,1.0,188.0,31.1,5.0,7.0,14.0,1430.0,56.0,629.0,2008.0,0.0
132180,0.0,0.0,103264.0,0.0,180.0,27.0,103694.0,1.0,168.0,24.7,3.0,6.0,9.0,1834.0,24.0,1160.0,2005.0,1.0
23512,3.0,4.0,104731.0,1.0,203.0,28.2,105777.0,1.0,188.0,23.2,3.0,3.0,21.0,1605.0,8.0,3270.0,2014.0,1.0
72629,1.0,0.0,104597.0,1.0,183.0,26.6,105683.0,1.0,196.0,21.3,3.0,5.0,13.0,2175.0,25.0,1335.0,2012.0,1.0
29270,2.0,3.0,102450.0,1.0,185.0,29.7,102271.0,0.0,175.0,30.6,5.0,6.0,6.0,2505.0,39.0,818.0,2004.0,0.0
34428,2.0,0.0,103017.0,1.0,183.0,31.9,104678.0,1.0,193.0,23.3,3.0,6.0,34.0,1495.0,33.0,1592.0,2009.0,0.0
102234,3.0,0.0,104098.0,1.0,185.0,25.0,103017.0,1.0,183.0,30.4,3.0,5.0,34.0,853.0,49.0,660.0,2007.0,0.0
120770,3.0,0.0,126610.0,1.0,196.0,24.8,106421.0,1.0,198.0,24.9,3.0,2.0,10.0,3120.0,4.0,8470.0,2021.0,1.0
166433,3.0,3.0,102703.0,1.0,180.0,31.6,103786.0,1.0,178.0,26.2,5.0,5.0,43.0,726.0,4.0,3255.0,2007.0,1.0
191653,1.0,0.0,105238.0,1.0,180.0,28.2,105807.0,1.0,188.0,25.6,3.0,3.0,50.0,875.0,24.0,1495.0,2017.0,1.0
30034,3.0,0.0,105227.0,1.0,198.0,33.2,111575.0,1.0,198.0,25.6,3.0,9.0,30.0,1710.0,29.0,1731.0,2022.0,1.0
79105,3.0,0.0,105216.0,1.0,173.0,29.0,133430.0,0.0,185.0,18.5,3.0,6.0,38.0,1219.0,49.0,926.0,2017.0,1.0
47127,3.0,4.0,104468.0,1.0,183.0,23.2,104339.0,1.0,196.0,23.9,3.0,4.0,34.0,970.0,63.0,565.0,2008.0,1.0
12178,3.0,3.0,105668.0,1.0,203.0,23.1,104665.0,1.0,180.0,27.9,5.0,7.0,20.0,1615.0,48.0,946.0,2014.0,0.0
206746,1.0,4.0,103507.0,1.0,183.0,27.2,104527.0,1.0,183.0,22.1,3.0,7.0,19.0,1355.0,46.0,740.0,2007.0,0.0
123148,3.0,1.0,105062.0,1.0,183.0,31.0,105311.0,1.0,185.0,29.8,3.0,8.0,55.0,890.0,39.0,1062.0,2019.0,0.0
206234,3.0,4.0,104545.0,1.0,206.0,26.8,104925.0,1.0,188.0,24.7,3.0,9.0,11.0,2120.0,1.0,13310.0,2012.0,0.0
115993,1.0,0.0,104468.0,1.0,183.0,22.5,103786.0,1.0,178.0,26.1,3.0,6.0,50.0,680.0,4.0,3175.0,2007.0,0.0
17479,3.0,4.0,104607.0,1.0,196.0,24.5,104053.0,1.0,188.0,27.5,3.0,2.0,20.0,1760.0,8.0,3960.0,2010.0,1.0
99776,1.0,0.0,103970.0,1.0,175.0,22.2,103292.0,1.0,175.0,25.5,3.0,9.0,47.0,749.0,11.0,1745.0,2004.0,1.0
95627,1.0,4.0,134868.0,1.0,188.0,25.7,105077.0,0.0,188.0,34.2,3.0,7.0,58.0,957.0,37.0,1221.0,2022.0,1.0
128892,3.0,4.0,104871.0,1.0,188.0,31.6,109739.0,0.0,191.0,23.3,3.0,7.0,41.0,1100.0,64.0,809.0,2018.0,0.0
91287,3.0,0.0,102610.0,1.0,180.0,28.6,103103.0,1.0,183.0,26.1,3.0,5.0,23.0,1135.0,44.0,842.0,2004.0,1.0
163750,0.0,4.0,103344.0,1.0,193.0,26.6,103990.0,1.0,180.0,23.5,3.0,3.0,10.0,1765.0,21.0,1370.0,2005.0,0.0
160505,3.0,0.0,104547.0,0.0,188.0,25.2,104571.0,1.0,183.0,25.1,3.0,6.0,52.0,872.0,25.0,1580.0,2010.0,1.0
60261,1.0,4.0,103970.0,1.0,175.0,36.1,106058.0,1.0,185.0,25.6,3.0,7.0,38.0,1225.0,14.0,2155.0,2018.0,1.0
174688,1.0,0.0,104198.0,1.0,188.0,31.8,106210.0,0.0,198.0,21.7,3.0,2.0,45.0,985.0,46.0,978.0,2015.0,0.0
63652,2.0,0.0,102035.0,1.0,183.0,32.2,103017.0,1.0,183.0,26.9,3.0,5.0,27.0,1110.0,31.0,1005.0,2004.0,1.0
154201,3.0,3.0,104871.0,1.0,188.0,31.5,104731.0,1.0,203.0,32.2,5.0,7.0,46.0,1040.0,5.0,4615.0,2018.0,1.0
148836,3.0,4.0,133430.0,0.0,185.0,21.3,105227.0,1.0,198.0,31.9,3.0,7.0,17.0,2075.0,37.0,1225.0,2020.0,0.0
76973,1.0,0.0,111815.0,0.0,188.0,23.7,200005.0,0.0,188.0,20.8,3.0,6.0,41.0,1055.0,61.0,823.0,2019.0,1.0
182517,3.0,0.0,111575.0,1.0,198.0,25.4,105902.0,1.0,183.0,29.7,3.0,5.0,31.0,1718.0,52.0,1139.0,2021.0,0.0
128838,3.0,0.0,104745.0,0.0,185.0,23.3,103498.0,1.0,193.0,29.6,3.0,3.0,2.0,8845.0,59.0,820.0,2009.0,0.0
195699,3.0,4.0,104918.0,1.0,190.0,28.2,105777.0,1.0,188.0,24.2,3.0,5.0,2.0,8660.0,17.0,1690.0,2015.0,0.0
34559,3.0,3.0,103781.0,0.0,183.0,30.6,103333.0,1.0,208.0,32.8,5.0,4.0,33.0,1170.0,57.0,842.0,2012.0,1.0
105535,1.0,0.0,104022.0,1.0,183.0,24.8,103794.0,1.0,178.0,25.8,3.0,5.0,17.0,1575.0,44.0,761.0,2007.0,0.0
92903,3.0,4.0,104792.0,1.0,193.0,24.9,104471.0,1.0,183.0,26.6,3.0,6.0,8.0,2995.0,36.0,1172.0,2011.0,0.0
15807,1.0,0.0,104022.0,1.0,183.0,29.8,105227.0,1.0,198.0,23.5,3.0,3.0,36.0,1140.0,24.0,1400.0,2012.0,1.0
36054,3.0,4.0,103909.0,1.0,175.0,21.5,102338.0,1.0,190.0,29.4,3.0,6.0,5.0,2840.0,25.0,1135.0,2003.0,0.0
45906,3.0,0.0,106421.0,1.0,198.0,23.9,134770.0,1.0,183.0,21.0,3.0,8.0,5.0,5705.0,53.0,949.0,2020.0,0.0
70040,3.0,4.0,126205.0,1.0,185.0,24.8,111575.0,1.0,198.0,25.8,3.0,7.0,37.0,1277.0,25.0,1623.0,2022.0,0.0
46317,0.0,4.0,104068.0,1.0,183.0,24.0,103970.0,1.0,175.0,24.5,3.0,6.0,52.0,725.0,14.0,1595.0,2006.0,0.0
35570,3.0,4.0,103333.0,1.0,208.0,37.6,105227.0,1.0,198.0,28.0,3.0,6.0,20.0,1760.0,10.0,3100.0,2016.0,1.0
168197,2.0,3.0,102967.0,1.0,188.0,32.2,104312.0,1.0,190.0,25.3,5.0,7.0,59.0,1005.0,50.0,1090.0,2009.0,1.0
7748,1.0,4.0,134770.0,1.0,183.0,23.3,104925.0,1.0,188.0,34.9,3.0,9.0,10.0,3760.0,1.0,8260.0,2022.0,1.0
64996,3.0,0.0,103819.0,1.0,185.0,29.4,103786.0,1.0,178.0,29.5,3.0,2.0,2.0,9145.0,22.0,1655.0,2011.0,0.0
72640,3.0,3.0,105138.0,1.0,183.0,27.3,104925.0,1.0,188.0,28.2,5.0,5.0,23.0,1510.0,1.0,14865.0,2015.0,1.0
63321,1.0,0.0,104926.0,1.0,178.0,26.1,105373.0,0.0,190.0,24.0,3.0,3.0,19.0,1970.0,37.0,1055.0,2013.0,0.0
14132,3.0,0.0,103428.0,1.0,190.0,23.3,101965.0,1.0,185.0,31.3,3.0,5.0,23.0,1240.0,41.0,875.0,2003.0,1.0
149988,3.0,4.0,105777.0,1.0,188.0,27.2,104925.0,1.0,188.0,31.2,3.0,5.0,5.0,4700.0,10.0,3445.0,2018.0,1.0
158719,3.0,4.0,105932.0,1.0,185.0,27.6,105430.0,1.0,175.0,29.9,3.0,7.0,26.0,1485.0,50.0,1022.0,2019.0,1.0
105571,3.0,4.0,103285.0,1.0,185.0,28.3,103292.0,1.0,175.0,28.2,3.0,7.0,26.0,1070.0,44.0,760.0,2007.0,0.0
77976,3.0,4.0,104259.0,1.0,178.0,30.8,104871.0,1.0,188.0,27.4,3.0,7.0,24.0,1505.0,33.0,1140.0,2014.0,0.0
82674,3.0,4.0,103694.0,1.0,168.0,29.1,104926.0,1.0,178.0,22.7,3.0,4.0,59.0,754.0,55.0,780.0,2010.0,1.0
153051,3.0,0.0,101736.0,1.0,180.0,36.2,103602.0,1.0,183.0,25.9,3.0,3.0,18.0,1405.0,17.0,1455.0,2006.0,1.0
139295,1.0,0.0,103294.0,1.0,170.0,27.7,103105.0,1.0,183.0,28.6,3.0,5.0,64.0,605.0,59.0,668.0,2006.0,1.0
118042,3.0,3.0,103900.0,1.0,180.0,25.0,103163.0,1.0,188.0,28.7,5.0,5.0,8.0,2295.0,12.0,1855.0,2007.0,1.0
156416,3.0,0.0,105815.0,1.0,188.0,27.4,104919.0,1.0,188.0,31.6,3.0,3.0,63.0,814.0,54.0,895.0,2019.0,0.0
101136,3.0,3.0,103292.0,1.0,175.0,26.1,103103.0,1.0,183.0,27.0,5.0,6.0,10.0,1920.0,27.0,1136.0,2005.0,1.0
171485,2.0,0.0,106298.0,1.0,185.0,25.2,105526.0,1.0,193.0,29.1,3.0,3.0,26.0,1340.0,38.0,1170.0,2019.0,1.0
96241,3.0,0.0,103720.0,1.0,180.0,32.9,104594.0,1.0,194.0,28.5,3.0,5.0,38.0,1045.0,55.0,844.0,2014.0,1.0
89139,3.0,0.0,103018.0,1.0,196.0,26.2,103819.0,1.0,185.0,22.1,3.0,9.0,28.0,1075.0,3.0,3825.0,2003.0,1.0
147909,1.0,4.0,103581.0,1.0,183.0,23.8,103900.0,1.0,180.0,22.3,3.0,6.0,59.0,621.0,8.0,2085.0,2004.0,1.0
85242,3.0,0.0,104660.0,1.0,193.0,28.7,105526.0,1.0,193.0,24.4,3.0,5.0,62.0,781.0,52.0,851.0,2014.0,1.0
47711,1.0,0.0,104534.0,1.0,175.0,27.0,104468.0,1.0,183.0,27.3,3.0,5.0,63.0,742.0,12.0,2320.0,2012.0,1.0
10394,3.0,0.0,104338.0,1.0,185.0,28.4,105453.0,1.0,178.0,22.7,3.0,9.0,11.0,2565.0,17.0,1865.0,2012.0,0.0
174871,1.0,4.0,104545.0,1.0,206.0,29.9,104745.0,0.0,185.0,28.8,3.0,5.0,19.0,1720.0,5.0,5255.0,2015.0,1.0
198584,3.0,0.0,104745.0,0.0,185.0,31.3,106401.0,1.0,193.0,22.4,3.0,2.0,1.0,9465.0,19.0,2245.0,2017.0,0.0
97296,3.0,0.0,102450.0,1.0,185.0,31.3,103163.0,1.0,188.0,27.7,3.0,5.0,36.0,850.0,45.0,755.0,2006.0,1.0
53081,1.0,4.0,103722.0,1.0,180.0,25.1,103387.0,1.0,185.0,26.8,3.0,7.0,48.0,782.0,37.0,880.0,2006.0,0.0
167327,3.0,2.0,200282.0,1.0,183.0,19.7,126203.0,1.0,193.0,21.0,3.0,8.0,31.0,1298.0,47.0,987.0,2018.0,0.0
44288,1.0,4.0,200000.0,1.0,193.0,21.7,104925.0,1.0,188.0,34.9,3.0,3.0,9.0,3760.0,1.0,8260.0,2022.0,1.0
184412,2.0,3.0,104339.0,1.0,196.0,21.2,103852.0,0.0,188.0,23.7,5.0,5.0,17.0,1415.0,33.0,1055.0,2005.0,1.0
138262,3.0,3.0,104792.0,1.0,193.0,23.3,104545.0,1.0,206.0,24.7,5.0,6.0,12.0,2610.0,28.0,1260.0,2010.0,1.0
144635,3.0,4.0,105173.0,0.0,183.0,27.6,104545.0,1.0,206.0,30.8,3.0,6.0,60.0,800.0,11.0,2585.0,2016.0,1.0
108919,3.0,0.0,104338.0,1.0,185.0,25.7,104545.0,1.0,206.0,24.7,3.0,5.0,30.0,1170.0,33.0,1067.0,2010.0,1.0
200735,3.0,4.0,106432.0,1.0,188.0,21.3,104919.0,1.0,188.0,30.8,3.0,7.0,36.0,1366.0,45.0,1080.0,2018.0,0.0
201141,3.0,4.0,104269.0,0.0,188.0,27.9,105227.0,1.0,198.0,23.1,3.0,7.0,23.0,1595.0,18.0,1745.0,2011.0,0.0
46693,1.0,3.0,104925.0,1.0,188.0,24.0,103819.0,1.0,185.0,29.7,5.0,9.0,2.0,11665.0,3.0,8390.0,2011.0,1.0
72699,1.0,4.0,106000.0,1.0,172.0,25.9,103898.0,1.0,185.0,36.3,3.0,7.0,32.0,1415.0,60.0,901.0,2018.0,0.0
131951,1.0,3.0,104022.0,1.0,183.0,31.9,103285.0,1.0,185.0,35.4,5.0,7.0,16.0,2065.0,43.0,1040.0,2014.0,1.0
6758,3.0,0.0,105554.0,1.0,175.0,30.4,126207.0,1.0,188.0,22.7,3.0,5.0,35.0,1384.0,63.0,950.0,2020.0,0.0
34622,3.0,3.0,105916.0,1.0,188.0,27.5,105932.0,1.0,185.0,27.5,5.0,4.0,64.0,885.0,18.0,1985.0,2019.0,1.0
186130,1.0,4.0,104919.0,1.0,188.0,27.9,103852.0,0.0,188.0,33.6,3.0,6.0,27.0,1352.0,12.0,2380.0,2015.0,0.0
61438,3.0,0.0,104386.0,1.0,180.0,27.2,103786.0,1.0,178.0,30.3,3.0,3.0,17.0,1870.0,36.0,1160.0,2011.0,0.0
116468,3.0,4.0,126207.0,1.0,188.0,23.1,106421.0,1.0,198.0,25.1,3.0,5.0,58.0,1120.0,2.0,9940.0,2021.0,1.0
172763,1.0,4.0,104745.0,0.0,185.0,20.8,104259.0,1.0,178.0,23.4,3.0,3.0,2.0,4875.0,59.0,615.0,2007.0,0.0
83434,3.0,4.0,104755.0,1.0,185.0,21.7,103484.0,1.0,185.0,28.1,3.0,5.0,8.0,1885.0,9.0,1710.0,2008.0,1.0
159935,3.0,4.0,103163.0,1.0,188.0,28.3,103018.0,1.0,196.0,29.0,3.0,7.0,17.0,1420.0,54.0,740.0,2006.0,0.0
94822,2.0,0.0,103819.0,1.0,185.0,32.8,105453.0,1.0,178.0,24.4,3.0,9.0,4.0,4945.0,12.0,2645.0,2014.0,0.0
107256,1.0,0.0,103852.0,0.0,188.0,33.8,106233.0,1.0,185.0,21.8,3.0,9.0,18.0,1800.0,24.0,1475.0,2015.0,1.0
98501,3.0,4.0,104755.0,1.0,185.0,20.7,103206.0,1.0,175.0,28.8,3.0,7.0,16.0,1590.0,57.0,635.0,2007.0,0.0
41583,3.0,0.0,105777.0,1.0,188.0,27.6,105357.0,1.0,183.0,29.5,3.0,5.0,19.0,1835.0,38.0,1083.0,2018.0,0.0
161150,3.0,4.0,103722.0,1.0,180.0,25.0,104755.0,1.0,185.0,19.7,3.0,7.0,39.0,837.0,12.0,1595.0,2006.0,0.0
183412,2.0,0.0,104269.0,0.0,188.0,35.6,105357.0,1.0,183.0,30.0,3.0,6.0,36.0,1210.0,58.0,875.0,2019.0,0.0
72491,3.0,0.0,104312.0,1.0,190.0,24.9,104918.0,1.0,190.0,21.7,3.0,5.0,36.0,1630.0,4.0,7360.0,2009.0,1.0
34837,3.0,0.0,104745.0,0.0,185.0,22.5,104792.0,1.0,193.0,22.3,3.0,3.0,1.0,13160.0,13.0,2950.0,2009.0,1.0
75352,3.0,0.0,104745.0,0.0,185.0,22.6,104918.0,1.0,190.0,21.7,3.0,2.0,1.0,14260.0,4.0,7360.0,2009.0,1.0
138898,1.0,4.0,126094.0,1.0,188.0,24.5,105554.0,1.0,175.0,31.9,3.0,5.0,8.0,4025.0,36.0,1242.0,2022.0,0.0
152929,3.0,4.0,103819.0,1.0,185.0,31.1,104229.0,1.0,180.0,29.1,3.0,6.0,1.0,11805.0,62.0,724.0,2012.0,0.0
67976,1.0,0.0,105932.0,1.0,185.0,30.1,125802.0,1.0,193.0,28.1,3.0,5.0,20.0,1788.0,44.0,1099.0,2022.0,0.0
5626,0.0,0.0,102450.0,1.0,185.0,29.1,103900.0,1.0,180.0,21.7,3.0,3.0,32.0,1055.0,9.0,2070.0,2003.0,1.0
139714,3.0,0.0,103893.0,1.0,183.0,31.0,105041.0,1.0,185.0,25.1,3.0,6.0,57.0,769.0,48.0,872.0,2013.0,1.0
116686,1.0,0.0,104338.0,1.0,185.0,27.0,103852.0,0.0,188.0,29.5,3.0,6.0,38.0,1085.0,37.0,1095.0,2011.0,1.0
127735,1.0,4.0,133430.0,0.0,185.0,19.0,104745.0,0.0,185.0,31.9,3.0,5.0,29.0,1488.0,2.0,7950.0,2018.0,1.0
108335,3.0,0.0,105227.0,1.0,198.0,22.3,104022.0,1.0,183.0,28.6,3.0,9.0,28.0,1395.0,11.0,2710.0,2011.0,0.0
129054,3.0,0.0,104214.0,1.0,185.0,21.4,102610.0,1.0,180.0,29.5,3.0,6.0,53.0,756.0,46.0,810.0,2005.0,0.0
68068,3.0,0.0,104468.0,1.0,183.0,22.1,102035.0,1.0,183.0,34.8,3.0,3.0,58.0,625.0,47.0,773.0,2007.0,0.0
9766,3.0,2.0,102845.0,1.0,190.0,28.2,103720.0,1.0,180.0,23.7,3.0,8.0,5.0,2420.0,3.0,3190.0,2004.0,1.0
180580,3.0,4.0,105023.0,1.0,198.0,23.4,103990.0,1.0,180.0,28.8,3.0,5.0,24.0,1440.0,28.0,1290.0,2011.0,1.0
131836,3.0,4.0,106432.0,1.0,188.0,18.7,104542.0,1.0,188.0,30.3,3.0,7.0,36.0,1109.0,24.0,1475.0,2015.0,1.0
139012,3.0,0.0,105449.0,1.0,188.0,28.6,105807.0,1.0,188.0,27.1,3.0,9.0,34.0,1235.0,12.0,2380.0,2018.0,0.0
182249,1.0,4.0,104312.0,1.0,190.0,25.1,104745.0,0.0,185.0,22.8,3.0,6.0,37.0,1470.0,1.0,14890.0,2009.0,1.0
810,3.0,3.0,103656.0,1.0,175.0,28.7,104417.0,1.0,193.0,25.0,5.0,4.0,48.0,991.0,12.0,2665.0,2009.0,1.0
116063,3.0,0.0,105238.0,1.0,180.0,23.2,103566.0,0.0,190.0,31.7,3.0,5.0,18.0,1655.0,50.0,870.0,2012.0,1.0
159893,1.0,4.0,102338.0,1.0,190.0,29.2,101962.0,1.0,193.0,31.6,3.0,7.0,24.0,1190.0,23.0,1245.0,2003.0,0.0
122998,3.0,0.0,105023.0,1.0,198.0,25.8,103781.0,0.0,183.0,32.2,3.0,9.0,29.0,1310.0,32.0,1220.0,2013.0,1.0
147229,3.0,0.0,104022.0,1.0,183.0,27.2,103720.0,1.0,180.0,28.6,3.0,9.0,49.0,910.0,26.0,1375.0,2009.0,0.0
79083,1.0,0.0,104545.0,1.0,206.0,24.8,103752.0,1.0,185.0,28.8,3.0,6.0,21.0,1720.0,62.0,727.0,2010.0,1.0
157537,3.0,4.0,104926.0,1.0,178.0,34.2,126094.0,1.0,188.0,23.8,3.0,6.0,37.0,1619.0,7.0,6005.0,2021.0,1.0
191781,1.0,0.0,104655.0,1.0,180.0,24.3,103656.0,1.0,175.0,29.4,3.0,3.0,57.0,822.0,34.0,1325.0,2010.0,1.0
146779,3.0,0.0,106210.0,0.0,198.0,23.1,104731.0,1.0,203.0,30.2,3.0,6.0,48.0,928.0,25.0,1505.0,2016.0,0.0
56521,3.0,4.0,104166.0,1.0,178.0,28.3,104542.0,1.0,188.0,26.3,3.0,6.0,50.0,879.0,10.0,2305.0,2011.0,0.0
73452,1.0,4.0,124187.0,1.0,211.0,23.6,104755.0,1.0,185.0,34.8,3.0,7.0,47.0,1382.0,53.0,1163.0,2021.0,0.0
4523,3.0,4.0,104919.0,1.0,188.0,31.8,104792.0,1.0,193.0,32.5,3.0,7.0,56.0,895.0,19.0,1740.0,2019.0,1.0
106433,3.0,4.0,103786.0,1.0,178.0,28.4,103794.0,1.0,178.0,28.3,3.0,6.0,7.0,4430.0,44.0,948.0,2009.0,0.0
162008,3.0,0.0,103786.0,1.0,178.0,30.1,104269.0,0.0,188.0,27.7,3.0,5.0,30.0,1295.0,19.0,1705.0,2011.0,1.0
191943,3.0,0.0,133430.0,0.0,185.0,22.7,105554.0,1.0,175.0,31.6,3.0,8.0,14.0,2475.0,25.0,1942.0,2022.0,1.0
130726,1.0,0.0,104926.0,1.0,178.0,32.1,105807.0,1.0,188.0,28.0,3.0,3.0,10.0,2535.0,59.0,917.0,2019.0,1.0
197629,1.0,3.0,105916.0,1.0,188.0,28.6,126094.0,1.0,188.0,22.9,5.0,5.0,63.0,877.0,12.0,2614.0,2020.0,1.0
161724,1.0,0.0,104468.0,1.0,183.0,24.3,104417.0,1.0,193.0,24.7,3.0,8.0,7.0,4050.0,25.0,1775.0,2009.0,1.0
68905,3.0,1.0,104308.0,1.0,185.0,29.9,104559.0,1.0,188.0,28.6,3.0,8.0,57.0,775.0,63.0,731.0,2014.0,1.0
195318,2.0,3.0,104731.0,1.0,203.0,31.1,105023.0,1.0,198.0,29.7,5.0,5.0,42.0,970.0,28.0,1495.0,2017.0,1.0
183271,1.0,4.0,103781.0,0.0,183.0,27.9,103786.0,1.0,178.0,27.9,3.0,6.0,31.0,1655.0,11.0,3405.0,2009.0,0.0
148554,3.0,0.0,103819.0,1.0,185.0,23.5,103786.0,1.0,178.0,23.7,3.0,3.0,1.0,5975.0,15.0,1385.0,2005.0,0.0
50521,1.0,4.0,104925.0,1.0,188.0,33.9,104745.0,0.0,185.0,34.9,3.0,2.0,1.0,11463.0,3.0,9630.0,2021.0,1.0
148398,3.0,4.0,105449.0,1.0,188.0,26.6,105643.0,0.0,190.0,25.8,3.0,7.0,23.0,1545.0,43.0,1020.0,2016.0,0.0
131293,3.0,4.0,103333.0,1.0,208.0,38.4,106210.0,0.0,198.0,24.0,3.0,7.0,44.0,1045.0,52.0,910.0,2017.0,0.0
161571,2.0,3.0,103096.0,1.0,173.0,26.5,104026.0,1.0,198.0,21.9,5.0,4.0,47.0,758.0,43.0,767.0,2004.0,1.0
201321,3.0,0.0,104527.0,1.0,183.0,22.5,103507.0,1.0,183.0,27.6,3.0,9.0,41.0,745.0,23.0,1190.0,2007.0,0.0
195362,1.0,0.0,106415.0,0.0,170.0,25.6,126774.0,1.0,193.0,22.7,3.0,3.0,60.0,1084.0,5.0,7430.0,2021.0,1.0
115623,3.0,4.0,103264.0,0.0,180.0,26.8,102318.0,1.0,183.0,31.5,3.0,6.0,11.0,1652.0,38.0,855.0,2005.0,0.0
125539,1.0,3.0,103720.0,1.0,180.0,25.2,103103.0,1.0,183.0,28.3,5.0,6.0,14.0,1580.0,24.0,1250.0,2006.0,0.0
169997,3.0,4.0,104022.0,1.0,183.0,20.7,103151.0,1.0,183.0,25.0,3.0,7.0,26.0,1165.0,38.0,926.0,2003.0,1.0
139669,1.0,0.0,104022.0,1.0,183.0,32.8,104792.0,1.0,193.0,28.6,3.0,5.0,57.0,815.0,15.0,2020.0,2015.0,1.0
7560,2.0,3.0,104999.0,0.0,190.0,21.8,104332.0,1.0,185.0,25.2,5.0,7.0,45.0,1170.0,55.0,1045.0,2009.0,1.0
100140,3.0,4.0,104797.0,1.0,188.0,28.1,104755.0,1.0,185.0,28.3,3.0,7.0,55.0,825.0,23.0,1485.0,2014.0,1.0
123209,3.0,3.0,106071.0,1.0,193.0,19.2,103819.0,1.0,185.0,30.4,5.0,5.0,38.0,1048.0,3.0,8010.0,2012.0,1.0
160725,3.0,4.0,106415.0,0.0,170.0,21.4,106058.0,1.0,185.0,24.4,3.0,7.0,58.0,814.0,17.0,2375.0,2017.0,1.0
4162,0.0,0.0,103722.0,1.0,180.0,25.6,103103.0,1.0,183.0,28.7,3.0,6.0,57.0,675.0,25.0,1050.0,2006.0,1.0
206103,3.0,0.0,106043.0,1.0,170.0,25.1,103970.0,1.0,175.0,35.5,3.0,3.0,26.0,1720.0,31.0,1425.0,2017.0,0.0
86221,3.0,3.0,104898.0,1.0,190.0,31.7,104607.0,1.0,196.0,33.3,5.0,7.0,58.0,860.0,57.0,865.0,2019.0,1.0
93715,0.0,0.0,103096.0,1.0,173.0,25.8,102783.0,1.0,180.0,27.4,3.0,2.0,27.0,1080.0,6.0,2685.0,2003.0,1.0
166102,3.0,0.0,104527.0,1.0,183.0,24.7,105227.0,1.0,198.0,21.2,3.0,2.0,21.0,1635.0,14.0,2430.0,2010.0,1.0
193507,3.0,4.0,105238.0,1.0,180.0,22.9,106071.0,1.0,193.0,18.9,3.0,5.0,18.0,1745.0,49.0,875.0,2011.0,0.0
42729,3.0,4.0,105577.0,1.0,193.0,24.7,105777.0,1.0,188.0,23.8,3.0,7.0,60.0,800.0,11.0,3055.0,2015.0,1.0
64165,2.0,0.0,104022.0,1.0,183.0,30.9,104259.0,1.0,178.0,29.6,3.0,3.0,29.0,1355.0,18.0,1885.0,2013.0,0.0
173054,3.0,4.0,105311.0,1.0,185.0,26.9,105577.0,1.0,193.0,25.7,3.0,7.0,38.0,1146.0,45.0,975.0,2016.0,0.0
145838,1.0,0.0,103990.0,1.0,180.0,33.2,105077.0,0.0,188.0,27.5,3.0,5.0,21.0,1540.0,57.0,823.0,2015.0,0.0
18171,2.0,0.0,103758.0,1.0,188.0,24.1,102563.0,1.0,180.0,30.2,3.0,3.0,30.0,1095.0,18.0,1398.0,2005.0,0.0
50373,1.0,0.0,104338.0,1.0,185.0,27.1,103888.0,1.0,188.0,29.4,3.0,8.0,38.0,1085.0,10.0,2395.0,2011.0,0.0
148660,1.0,0.0,104665.0,1.0,180.0,29.1,104890.0,1.0,190.0,28.0,3.0,5.0,64.0,770.0,58.0,851.0,2015.0,1.0
23002,3.0,4.0,104259.0,1.0,178.0,30.0,104312.0,1.0,190.0,29.6,3.0,7.0,23.0,1445.0,25.0,1395.0,2013.0,0.0
153289,3.0,4.0,103333.0,1.0,208.0,26.0,103694.0,1.0,168.0,24.1,3.0,4.0,59.0,630.0,40.0,916.0,2005.0,1.0
92259,2.0,0.0,102344.0,1.0,188.0,29.2,102148.0,1.0,178.0,30.4,3.0,5.0,46.0,768.0,49.0,745.0,2003.0,0.0
187952,3.0,2.0,104745.0,0.0,185.0,34.4,106233.0,1.0,185.0,27.2,3.0,8.0,2.0,9850.0,3.0,9125.0,2020.0,1.0
68407,3.0,4.0,105311.0,1.0,185.0,29.5,106065.0,1.0,185.0,26.0,3.0,7.0,48.0,1017.0,20.0,1829.0,2018.0,0.0
94927,1.0,4.0,104745.0,0.0,185.0,25.9,103786.0,1.0,178.0,30.9,3.0,6.0,2.0,9615.0,54.0,825.0,2012.0,0.0
90028,3.0,0.0,104925.0,1.0,188.0,25.7,105138.0,1.0,183.0,24.8,3.0,5.0,1.0,12960.0,55.0,788.0,2013.0,0.0
103676,3.0,0.0,103507.0,1.0,183.0,23.6,103758.0,1.0,188.0,22.4,3.0,2.0,1.0,4250.0,54.0,663.0,2003.0,1.0
73560,2.0,0.0,104527.0,1.0,183.0,22.2,103333.0,1.0,208.0,28.3,3.0,6.0,43.0,770.0,61.0,572.0,2007.0,1.0
53998,3.0,0.0,105376.0,1.0,185.0,28.5,104545.0,1.0,206.0,32.8,3.0,5.0,64.0,821.0,18.0,2205.0,2018.0,0.0
169726,3.0,3.0,104229.0,1.0,180.0,30.0,103163.0,1.0,188.0,35.3,5.0,7.0,60.0,790.0,13.0,2185.0,2013.0,1.0
134948,3.0,4.0,104755.0,1.0,185.0,21.3,103484.0,1.0,185.0,27.8,3.0,5.0,13.0,1680.0,7.0,2110.0,2007.0,0.0
202313,3.0,0.0,105554.0,1.0,175.0,29.6,126094.0,1.0,188.0,22.2,3.0,3.0,33.0,1324.0,18.0,1799.0,2020.0,1.0
196015,1.0,0.0,104755.0,1.0,185.0,20.8,103908.0,1.0,185.0,25.2,3.0,9.0,15.0,1745.0,42.0,770.0,2007.0,0.0
154498,3.0,0.0,105992.0,1.0,183.0,25.6,104797.0,1.0,188.0,31.3,3.0,3.0,47.0,1010.0,63.0,809.0,2018.0,0.0
142561,1.0,0.0,103786.0,1.0,178.0,26.9,104338.0,1.0,185.0,24.1,3.0,2.0,4.0,3290.0,14.0,1430.0,2008.0,0.0
7653,1.0,0.0,103507.0,1.0,183.0,25.4,103909.0,1.0,175.0,23.5,3.0,3.0,28.0,1170.0,15.0,1500.0,2005.0,1.0
123907,3.0,0.0,124187.0,1.0,211.0,22.4,105683.0,1.0,196.0,29.1,3.0,9.0,54.0,947.0,37.0,1260.0,2020.0,0.0
189782,3.0,0.0,111202.0,1.0,188.0,22.2,105807.0,1.0,188.0,27.1,3.0,3.0,23.0,1630.0,12.0,2380.0,2018.0,1.0
158773,1.0,3.0,104797.0,1.0,188.0,26.7,103786.0,1.0,178.0,31.9,5.0,7.0,42.0,935.0,48.0,870.0,2013.0,1.0
143205,3.0,0.0,105138.0,1.0,183.0,26.5,105064.0,0.0,188.0,26.8,3.0,5.0,14.0,2065.0,58.0,794.0,2014.0,1.0
187535,3.0,3.0,105777.0,1.0,188.0,22.6,104229.0,1.0,180.0,30.4,5.0,7.0,22.0,1460.0,53.0,860.0,2014.0,0.0
6769,3.0,4.0,104468.0,1.0,183.0,34.6,105430.0,1.0,175.0,29.7,3.0,7.0,34.0,1310.0,39.0,1116.0,2019.0,1.0
119269,3.0,0.0,104332.0,1.0,185.0,25.5,104755.0,1.0,185.0,23.2,3.0,6.0,36.0,1137.0,53.0,855.0,2009.0,1.0
181870,3.0,4.0,103581.0,1.0,183.0,23.1,103176.0,1.0,183.0,25.3,3.0,7.0,56.0,668.0,53.0,694.0,2003.0,0.0
88286,3.0,3.0,126094.0,1.0,188.0,22.8,106421.0,1.0,198.0,24.5,5.0,3.0,14.0,2234.0,5.0,5890.0,2020.0,1.0
190856,3.0,0.0,103344.0,1.0,193.0,23.8,102783.0,1.0,180.0,26.6,3.0,6.0,49.0,735.0,38.0,930.0,2003.0,1.0
115657,3.0,0.0,105932.0,1.0,185.0,25.6,106401.0,1.0,193.0,22.4,3.0,6.0,60.0,862.0,19.0,2245.0,2017.0,1.0
170733,3.0,3.0,105077.0,0.0,188.0,30.9,105916.0,1.0,188.0,26.9,5.0,4.0,64.0,790.0,38.0,1094.0,2019.0,1.0
164306,3.0,0.0,104926.0,1.0,178.0,24.4,103990.0,1.0,180.0,29.4,3.0,6.0,44.0,975.0,47.0,905.0,2011.0,0.0
134850,1.0,0.0,103819.0,1.0,185.0,21.9,103176.0,1.0,183.0,25.2,3.0,3.0,3.0,3575.0,56.0,667.0,2003.0,0.0
175177,3.0,4.0,106071.0,1.0,193.0,22.3,104925.0,1.0,188.0,27.7,3.0,3.0,35.0,1150.0,1.0,13205.0,2015.0,1.0
111520,3.0,4.0,106058.0,1.0,185.0,25.0,106378.0,1.0,188.0,22.8,3.0,6.0,22.0,1945.0,50.0,967.0,2017.0,0.0
56928,3.0,4.0,104755.0,1.0,185.0,33.1,106043.0,1.0,170.0,26.9,3.0,5.0,56.0,930.0,24.0,1645.0,2019.0,0.0
107475,2.0,0.0,105138.0,1.0,183.0,30.1,111575.0,1.0,198.0,22.0,3.0,3.0,16.0,2030.0,36.0,1220.0,2018.0,0.0
190452,2.0,3.0,102642.0,1.0,190.0,29.8,103103.0,1.0,183.0,27.4,5.0,4.0,48.0,763.0,25.0,1246.0,2005.0,1.0
95779,3.0,2.0,103819.0,1.0,185.0,31.2,104925.0,1.0,188.0,25.4,3.0,2.0,2.0,9465.0,1.0,11420.0,2012.0,1.0
90776,1.0,4.0,100644.0,1.0,198.0,25.0,200000.0,1.0,193.0,21.7,3.0,3.0,3.0,7420.0,10.0,3625.0,2022.0,0.0
9374,3.0,4.0,126774.0,1.0,193.0,24.0,104545.0,1.0,206.0,37.3,3.0,3.0,7.0,4650.0,50.0,880.0,2022.0,0.0
66527,3.0,0.0,124187.0,1.0,211.0,23.5,105138.0,1.0,183.0,32.8,3.0,6.0,39.0,1457.0,13.0,2770.0,2021.0,1.0
22243,3.0,0.0,103786.0,1.0,178.0,25.7,102967.0,1.0,188.0,29.8,3.0,5.0,3.0,2825.0,44.0,784.0,2007.0,0.0
140106,1.0,4.0,124187.0,1.0,211.0,21.6,106233.0,1.0,185.0,25.6,3.0,6.0,58.0,877.0,5.0,5085.0,2019.0,1.0
137653,3.0,0.0,105916.0,1.0,188.0,29.0,105583.0,1.0,180.0,30.6,3.0,6.0,46.0,1372.0,27.0,1875.0,2021.0,0.0
58366,3.0,0.0,103428.0,1.0,190.0,26.9,103598.0,1.0,185.0,26.0,3.0,3.0,35.0,940.0,39.0,918.0,2006.0,1.0
64656,1.0,4.0,104926.0,1.0,178.0,30.9,104919.0,1.0,188.0,30.9,3.0,7.0,19.0,1840.0,45.0,1086.0,2018.0,1.0
19022,1.0,4.0,102450.0,1.0,185.0,29.6,103285.0,1.0,185.0,25.4,3.0,6.0,7.0,2140.0,56.0,660.0,2004.0,0.0
184543,1.0,3.0,102967.0,1.0,188.0,32.1,102783.0,1.0,180.0,33.0,5.0,4.0,46.0,1205.0,29.0,1645.0,2009.0,0.0
189128,3.0,4.0,104745.0,0.0,185.0,19.3,103990.0,1.0,180.0,23.4,3.0,5.0,2.0,4475.0,17.0,1420.0,2005.0,0.0
33156,3.0,4.0,103694.0,1.0,168.0,25.7,104417.0,1.0,193.0,22.1,3.0,7.0,32.0,950.0,29.0,988.0,2006.0,1.0
102964,2.0,0.0,104259.0,1.0,178.0,27.6,104792.0,1.0,193.0,24.7,3.0,9.0,49.0,955.0,8.0,2780.0,2011.0,0.0
80323,0.0,1.0,104338.0,1.0,185.0,25.2,103285.0,1.0,185.0,30.6,5.0,8.0,62.0,915.0,21.0,1920.0,2009.0,1.0
24107,1.0,0.0,106218.0,1.0,180.0,28.7,105948.0,1.0,180.0,30.1,3.0,7.0,55.0,975.0,52.0,981.0,2022.0,1.0
105871,3.0,0.0,105311.0,1.0,185.0,26.5,104655.0,1.0,180.0,29.8,3.0,3.0,46.0,951.0,37.0,1100.0,2015.0,0.0
152782,2.0,0.0,104269.0,0.0,188.0,32.5,106071.0,1.0,193.0,23.6,3.0,5.0,53.0,900.0,22.0,1625.0,2016.0,1.0
32959,1.0,0.0,105777.0,1.0,188.0,24.9,103333.0,1.0,208.0,37.1,3.0,9.0,29.0,1295.0,31.0,1235.0,2016.0,0.0
200316,3.0,0.0,103819.0,1.0,185.0,37.2,106421.0,1.0,198.0,22.6,3.0,9.0,3.0,6260.0,20.0,1842.0,2018.0,0.0
108951,3.0,4.0,104252.0,1.0,190.0,27.4,104597.0,1.0,183.0,25.5,3.0,6.0,39.0,1063.0,12.0,2485.0,2011.0,0.0
104222,3.0,4.0,104918.0,1.0,190.0,28.2,105453.0,1.0,178.0,25.6,3.0,9.0,3.0,7840.0,4.0,6025.0,2015.0,0.0
57130,3.0,0.0,104665.0,1.0,180.0,26.7,105676.0,1.0,180.0,21.8,3.0,6.0,40.0,950.0,45.0,853.0,2012.0,1.0
125242,3.0,3.0,103819.0,1.0,185.0,24.4,104571.0,1.0,183.0,20.5,5.0,2.0,1.0,6725.0,54.0,684.0,2006.0,0.0
116250,3.0,4.0,104898.0,1.0,190.0,29.5,104269.0,0.0,188.0,32.9,3.0,7.0,64.0,780.0,46.0,1000.0,2016.0,1.0
91264,3.0,4.0,105668.0,1.0,203.0,24.3,106043.0,1.0,170.0,22.5,3.0,4.0,51.0,905.0,63.0,780.0,2015.0,1.0
52003,3.0,0.0,105777.0,1.0,188.0,20.1,104166.0,1.0,178.0,28.2,3.0,5.0,57.0,833.0,64.0,759.0,2011.0,1.0
176033,1.0,4.0,104259.0,1.0,178.0,30.5,103990.0,1.0,180.0,32.0,3.0,6.0,29.0,1280.0,18.0,1855.0,2014.0,0.0
108475,0.0,0.0,103900.0,1.0,180.0,24.8,104527.0,1.0,183.0,21.5,3.0,3.0,3.0,2900.0,40.0,858.0,2006.0,1.0
30786,3.0,4.0,111575.0,1.0,198.0,21.2,105216.0,1.0,173.0,28.9,3.0,5.0,32.0,1320.0,46.0,980.0,2017.0,1.0
65029,3.0,0.0,103843.0,1.0,185.0,28.3,103786.0,1.0,178.0,28.5,3.0,5.0,56.0,767.0,6.0,4930.0,2010.0,1.0
171096,1.0,3.0,103428.0,1.0,190.0,31.7,104731.0,1.0,203.0,25.0,5.0,7.0,34.0,1160.0,35.0,1150.0,2011.0,0.0
31636,0.0,0.0,103970.0,1.0,175.0,22.5,103507.0,1.0,183.0,24.6,3.0,5.0,46.0,774.0,13.0,1510.0,2004.0,0.0
23478,3.0,3.0,102227.0,1.0,180.0,31.2,101736.0,1.0,180.0,34.3,5.0,5.0,54.0,715.0,7.0,2340.0,2004.0,1.0
1443,1.0,4.0,104755.0,1.0,185.0,18.8,103103.0,1.0,183.0,27.3,3.0,5.0,56.0,686.0,18.0,1331.0,2005.0,0.0
2623,1.0,0.0,104269.0,0.0,188.0,28.4,104745.0,0.0,185.0,25.8,3.0,9.0,20.0,1565.0,2.0,9715.0,2012.0,1.0
112814,3.0,0.0,105777.0,1.0,188.0,22.6,104898.0,1.0,190.0,26.7,3.0,6.0,23.0,1520.0,43.0,977.0,2013.0,0.0
171947,3.0,4.0,104607.0,1.0,196.0,20.5,103900.0,1.0,180.0,24.2,3.0,6.0,27.0,1320.0,3.0,2560.0,2006.0,1.0
204633,3.0,0.0,105936.0,1.0,185.0,27.8,104269.0,0.0,188.0,36.1,3.0,5.0,40.0,1148.0,49.0,1025.0,2020.0,1.0
185815,2.0,0.0,105227.0,1.0,198.0,29.7,105023.0,1.0,198.0,30.6,3.0,3.0,6.0,4860.0,13.0,2130.0,2018.0,0.0
81606,3.0,0.0,106210.0,0.0,198.0,23.1,105723.0,1.0,185.0,25.4,3.0,5.0,48.0,928.0,42.0,1033.0,2016.0,1.0
145468,3.0,0.0,104586.0,1.0,196.0,30.5,106210.0,0.0,198.0,22.5,3.0,6.0,47.0,872.0,51.0,840.0,2016.0,1.0
69491,1.0,1.0,104527.0,1.0,183.0,24.9,103970.0,1.0,175.0,27.9,5.0,8.0,19.0,1765.0,16.0,2085.0,2010.0,1.0
152883,3.0,4.0,104312.0,1.0,190.0,24.0,103484.0,1.0,185.0,28.2,3.0,7.0,46.0,748.0,9.0,1800.0,2008.0,1.0
20665,2.0,0.0,105062.0,1.0,183.0,27.4,104792.0,1.0,193.0,28.7,3.0,5.0,59.0,802.0,16.0,1885.0,2015.0,1.0
109389,3.0,4.0,105453.0,1.0,178.0,25.2,104678.0,1.0,193.0,29.1,3.0,6.0,5.0,5460.0,39.0,1098.0,2015.0,0.0
42932,1.0,4.0,102856.0,1.0,190.0,27.6,102783.0,1.0,180.0,27.9,3.0,7.0,20.0,1215.0,6.0,2270.0,2004.0,1.0
137018,1.0,4.0,103852.0,0.0,188.0,35.6,104925.0,1.0,188.0,29.9,3.0,5.0,38.0,1045.0,2.0,7085.0,2017.0,1.0
115314,3.0,4.0,105062.0,1.0,183.0,31.6,105173.0,0.0,183.0,31.1,3.0,6.0,46.0,1035.0,59.0,916.0,2019.0,1.0
137860,3.0,4.0,103900.0,1.0,180.0,21.5,102450.0,1.0,185.0,28.9,3.0,6.0,21.0,1235.0,30.0,1040.0,2003.0,0.0
34256,3.0,0.0,105238.0,1.0,180.0,24.3,104471.0,1.0,183.0,28.1,3.0,6.0,22.0,1715.0,62.0,743.0,2013.0,1.0
182886,2.0,3.0,105173.0,0.0,183.0,30.0,103819.0,1.0,185.0,36.8,5.0,5.0,26.0,1580.0,2.0,8720.0,2018.0,1.0
138407,2.0,0.0,103206.0,1.0,175.0,27.0,104053.0,1.0,188.0,22.7,3.0,3.0,21.0,1315.0,4.0,3590.0,2005.0,1.0
109091,1.0,4.0,103017.0,1.0,183.0,27.7,103292.0,1.0,175.0,26.3,3.0,6.0,31.0,1070.0,6.0,2220.0,2005.0,1.0
176061,3.0,0.0,103812.0,1.0,198.0,24.0,103454.0,1.0,183.0,25.8,3.0,5.0,47.0,752.0,58.0,665.0,2005.0,0.0
66175,3.0,0.0,103565.0,1.0,185.0,36.4,105807.0,1.0,188.0,25.2,3.0,9.0,52.0,851.0,36.0,1155.0,2016.0,1.0
128036,3.0,0.0,104022.0,1.0,183.0,28.6,105227.0,1.0,198.0,22.3,3.0,9.0,11.0,2710.0,28.0,1395.0,2011.0,1.0
179696,3.0,0.0,104898.0,1.0,190.0,30.7,105332.0,1.0,196.0,28.6,3.0,3.0,42.0,1130.0,41.0,1155.0,2018.0,1.0
74343,1.0,4.0,102854.0,1.0,193.0,26.5,102703.0,1.0,180.0,27.2,3.0,6.0,14.0,1700.0,53.0,737.0,2003.0,0.0
74249,3.0,1.0,104468.0,1.0,183.0,25.5,104597.0,1.0,183.0,24.8,3.0,8.0,34.0,1215.0,20.0,1880.0,2010.0,0.0
111811,3.0,4.0,103852.0,0.0,188.0,32.0,104607.0,1.0,196.0,28.0,3.0,6.0,30.0,1320.0,6.0,4610.0,2013.0,1.0
203122,2.0,3.0,102450.0,1.0,185.0,29.7,102882.0,1.0,196.0,27.6,5.0,5.0,6.0,2505.0,17.0,1320.0,2004.0,0.0
156212,2.0,3.0,104918.0,1.0,190.0,19.1,103454.0,1.0,183.0,26.7,5.0,4.0,44.0,826.0,33.0,955.0,2006.0,0.0
68364,3.0,4.0,104166.0,1.0,178.0,28.5,104386.0,1.0,180.0,27.3,3.0,6.0,35.0,1170.0,13.0,2305.0,2011.0,1.0
191054,1.0,1.0,103990.0,1.0,180.0,24.3,103835.0,1.0,183.0,25.0,5.0,8.0,7.0,2190.0,38.0,855.0,2006.0,1.0
120584,1.0,0.0,104338.0,1.0,185.0,27.8,104122.0,1.0,183.0,28.9,3.0,2.0,29.0,1300.0,55.0,836.0,2012.0,0.0
87462,3.0,0.0,103819.0,1.0,185.0,29.5,104719.0,1.0,190.0,24.8,3.0,5.0,2.0,7965.0,53.0,933.0,2011.0,0.0
39094,3.0,3.0,104919.0,1.0,188.0,25.2,105223.0,1.0,198.0,23.9,5.0,6.0,63.0,700.0,8.0,3620.0,2012.0,1.0
171457,1.0,3.0,105807.0,1.0,188.0,25.8,104252.0,1.0,190.0,33.6,5.0,4.0,21.0,2045.0,44.0,967.0,2017.0,0.0
55464,2.0,3.0,103781.0,0.0,183.0,32.0,104926.0,1.0,178.0,26.0,5.0,4.0,37.0,1085.0,30.0,1345.0,2013.0,0.0
150060,3.0,0.0,105453.0,1.0,178.0,29.0,106045.0,1.0,180.0,26.3,3.0,5.0,9.0,3590.0,63.0,810.0,2018.0,0.0
76755,1.0,4.0,104338.0,1.0,185.0,23.1,103103.0,1.0,183.0,29.3,3.0,7.0,48.0,730.0,25.0,1068.0,2007.0,0.0
79961,3.0,4.0,103970.0,1.0,175.0,35.3,105449.0,1.0,188.0,27.6,3.0,7.0,31.0,1345.0,37.0,1170.0,2017.0,0.0
157690,3.0,4.0,104731.0,1.0,203.0,27.4,104022.0,1.0,183.0,31.3,3.0,7.0,21.0,1730.0,15.0,2145.0,2013.0,0.0
49325,2.0,0.0,126205.0,1.0,185.0,25.0,133430.0,0.0,185.0,23.1,3.0,6.0,35.0,1113.0,15.0,2473.0,2022.0,0.0
118655,3.0,0.0,122330.0,1.0,196.0,24.6,134868.0,1.0,188.0,25.5,3.0,6.0,35.0,1433.0,62.0,1011.0,2022.0,0.0
102257,3.0,0.0,105138.0,1.0,183.0,27.7,104545.0,1.0,206.0,30.7,3.0,3.0,25.0,1480.0,11.0,2495.0,2016.0,0.0
136504,1.0,4.0,103835.0,1.0,183.0,25.6,104755.0,1.0,185.0,20.8,3.0,6.0,53.0,682.0,13.0,1835.0,2007.0,0.0
47334,3.0,3.0,104745.0,0.0,185.0,22.2,103888.0,1.0,188.0,26.7,5.0,3.0,1.0,6700.0,35.0,955.0,2008.0,0.0
159400,1.0,0.0,104468.0,1.0,183.0,26.5,104660.0,1.0,193.0,25.5,3.0,6.0,18.0,1745.0,45.0,1030.0,2011.0,0.0
156912,1.0,0.0,103990.0,1.0,180.0,25.2,104468.0,1.0,183.0,22.5,3.0,9.0,7.0,2085.0,49.0,705.0,2007.0,0.0
189580,3.0,0.0,104312.0,1.0,190.0,25.6,103819.0,1.0,185.0,28.2,3.0,5.0,51.0,850.0,1.0,10055.0,2009.0,1.0
118143,2.0,3.0,103819.0,1.0,185.0,27.8,104259.0,1.0,178.0,25.6,5.0,6.0,2.0,10620.0,32.0,1540.0,2009.0,0.0
120299,3.0,0.0,133430.0,0.0,185.0,23.5,105554.0,1.0,175.0,32.4,3.0,3.0,19.0,1925.0,26.0,1515.0,2022.0,0.0
21232,3.0,4.0,103151.0,1.0,183.0,26.4,102450.0,1.0,185.0,29.8,3.0,7.0,39.0,835.0,5.0,2505.0,2004.0,1.0
154930,3.0,0.0,206173.0,1.0,188.0,21.1,106421.0,1.0,198.0,26.6,3.0,3.0,12.0,2700.0,4.0,5155.0,2022.0,1.0
150437,3.0,0.0,103917.0,1.0,190.0,34.0,105373.0,0.0,190.0,26.5,3.0,9.0,54.0,812.0,43.0,965.0,2016.0,1.0
151921,1.0,4.0,102845.0,1.0,190.0,27.7,104269.0,0.0,188.0,20.4,3.0,5.0,8.0,2370.0,52.0,687.0,2004.0,0.0
159040,3.0,4.0,103507.0,1.0,183.0,28.1,104607.0,1.0,196.0,22.5,3.0,6.0,23.0,1360.0,10.0,1685.0,2008.0,1.0
146749,1.0,4.0,126239.0,1.0,196.0,26.7,104926.0,1.0,178.0,34.8,3.0,7.0,59.0,948.0,32.0,1361.0,2022.0,1.0
158506,3.0,4.0,102860.0,1.0,183.0,26.5,101962.0,1.0,193.0,31.5,3.0,7.0,38.0,925.0,21.0,1370.0,2003.0,1.0
64606,3.0,0.0,105051.0,1.0,188.0,30.8,104269.0,0.0,188.0,34.9,3.0,6.0,40.0,1134.0,29.0,1455.0,2018.0,1.0
186988,3.0,3.0,105238.0,1.0,180.0,29.1,106043.0,1.0,170.0,25.4,5.0,6.0,37.0,1296.0,26.0,1675.0,2018.0,1.0
148192,1.0,0.0,103900.0,1.0,180.0,26.3,104527.0,1.0,183.0,23.0,3.0,5.0,7.0,2085.0,27.0,1090.0,2008.0,1.0
203312,3.0,4.0,103018.0,1.0,196.0,26.0,104053.0,1.0,188.0,20.9,3.0,9.0,26.0,1120.0,4.0,3005.0,2003.0,1.0
205862,3.0,4.0,103794.0,1.0,178.0,28.1,103506.0,1.0,183.0,29.5,3.0,7.0,47.0,1009.0,49.0,983.0,2009.0,0.0
5519,3.0,0.0,106378.0,1.0,188.0,25.0,200175.0,1.0,183.0,20.4,3.0,9.0,62.0,845.0,54.0,921.0,2020.0,0.0
72516,3.0,4.0,103781.0,0.0,183.0,28.8,104269.0,0.0,188.0,26.3,3.0,6.0,28.0,1450.0,12.0,2725.0,2010.0,1.0
176928,2.0,3.0,102860.0,1.0,183.0,31.7,104468.0,1.0,183.0,23.4,5.0,7.0,49.0,745.0,29.0,1030.0,2008.0,1.0
153229,3.0,3.0,106045.0,1.0,180.0,26.4,106043.0,1.0,170.0,26.4,5.0,7.0,62.0,818.0,16.0,1925.0,2019.0,1.0
84317,3.0,4.0,104918.0,1.0,190.0,26.2,104607.0,1.0,196.0,27.9,3.0,3.0,2.0,8610.0,6.0,4865.0,2013.0,1.0
121318,2.0,0.0,103997.0,1.0,190.0,30.0,104259.0,1.0,178.0,28.6,3.0,5.0,50.0,851.0,34.0,1175.0,2012.0,1.0
150291,1.0,4.0,106298.0,1.0,185.0,24.1,104999.0,0.0,190.0,30.6,3.0,6.0,11.0,2410.0,55.0,932.0,2018.0,1.0
143666,3.0,3.0,103017.0,1.0,183.0,26.1,102783.0,1.0,180.0,27.3,5.0,7.0,62.0,609.0,8.0,2270.0,2003.0,1.0
34195,3.0,4.0,103819.0,1.0,185.0,34.0,104731.0,1.0,203.0,29.2,3.0,5.0,3.0,8065.0,15.0,1955.0,2015.0,0.0
117059,1.0,1.0,105223.0,1.0,198.0,23.5,105227.0,1.0,198.0,23.5,5.0,8.0,10.0,2660.0,23.0,1435.0,2012.0,0.0
2648,1.0,4.0,103163.0,1.0,188.0,35.0,103970.0,1.0,175.0,31.0,3.0,5.0,13.0,2375.0,4.0,6920.0,2013.0,1.0
122092,3.0,0.0,103813.0,0.0,185.0,32.1,104471.0,1.0,183.0,28.7,3.0,3.0,44.0,980.0,34.0,1170.0,2013.0,1.0
90433,1.0,3.0,105379.0,1.0,181.0,31.8,105173.0,0.0,183.0,32.9,5.0,4.0,56.0,1166.0,36.0,1651.0,2021.0,0.0
159696,1.0,4.0,103566.0,0.0,190.0,30.9,104745.0,0.0,185.0,24.9,3.0,3.0,27.0,1320.0,1.0,11915.0,2011.0,1.0
73886,1.0,4.0,104252.0,1.0,190.0,27.5,104022.0,1.0,183.0,28.7,3.0,7.0,35.0,1128.0,14.0,2205.0,2011.0,0.0
41823,3.0,0.0,105550.0,0.0,185.0,29.6,105227.0,1.0,198.0,31.2,3.0,8.0,25.0,1530.0,38.0,1165.0,2020.0,0.0
57223,1.0,0.0,104417.0,1.0,193.0,23.7,104022.0,1.0,183.0,25.9,3.0,2.0,44.0,750.0,16.0,1410.0,2008.0,0.0
174738,1.0,3.0,208029.0,1.0,185.0,19.0,126774.0,1.0,193.0,23.7,5.0,5.0,40.0,1159.0,4.0,5965.0,2022.0,0.0
103629,1.0,0.0,104593.0,1.0,185.0,29.7,105062.0,1.0,183.0,27.3,3.0,5.0,62.0,783.0,56.0,867.0,2015.0,0.0
134289,1.0,3.0,106233.0,1.0,185.0,22.7,104198.0,1.0,188.0,32.9,5.0,7.0,15.0,2430.0,51.0,865.0,2016.0,0.0
82184,3.0,0.0,104332.0,1.0,185.0,25.3,104607.0,1.0,196.0,23.8,3.0,5.0,44.0,1037.0,18.0,1915.0,2009.0,1.0
38816,1.0,4.0,103909.0,1.0,175.0,22.2,103498.0,1.0,193.0,24.2,3.0,9.0,4.0,3230.0,25.0,1105.0,2004.0,0.0
188061,1.0,4.0,104755.0,1.0,185.0,24.8,104745.0,0.0,185.0,24.8,3.0,5.0,18.0,1700.0,1.0,12870.0,2011.0,1.0
180781,3.0,0.0,103852.0,0.0,188.0,27.3,103898.0,1.0,185.0,27.1,3.0,6.0,29.0,1950.0,50.0,1368.0,2009.0,1.0
185672,3.0,0.0,105777.0,1.0,188.0,25.7,105676.0,1.0,180.0,26.1,3.0,3.0,12.0,2925.0,11.0,3035.0,2017.0,1.0
156504,2.0,3.0,104417.0,1.0,193.0,25.8,103970.0,1.0,175.0,28.2,5.0,5.0,6.0,4755.0,11.0,3010.0,2010.0,0.0
127767,1.0,4.0,104918.0,1.0,190.0,21.9,104338.0,1.0,185.0,25.0,3.0,6.0,4.0,9050.0,58.0,1105.0,2009.0,1.0
202707,2.0,3.0,103781.0,0.0,183.0,28.0,103794.0,1.0,178.0,28.0,5.0,7.0,30.0,1640.0,49.0,1098.0,2009.0,0.0
121307,3.0,0.0,102703.0,1.0,180.0,27.7,103387.0,1.0,185.0,24.2,3.0,3.0,59.0,636.0,11.0,1845.0,2003.0,1.0
163088,3.0,3.0,104545.0,1.0,206.0,34.3,105526.0,1.0,193.0,29.3,5.0,7.0,14.0,2075.0,37.0,1280.0,2019.0,0.0
157805,3.0,4.0,104542.0,1.0,188.0,26.3,105227.0,1.0,198.0,22.8,3.0,7.0,10.0,2305.0,26.0,1375.0,2011.0,0.0
95671,3.0,0.0,103819.0,1.0,185.0,24.1,103813.0,0.0,185.0,24.1,3.0,9.0,1.0,6975.0,42.0,852.0,2005.0,0.0
38472,3.0,0.0,105777.0,1.0,188.0,31.2,200624.0,1.0,196.0,22.0,3.0,5.0,19.0,1730.0,54.0,815.0,2022.0,1.0
5979,1.0,0.0,105208.0,1.0,190.0,24.8,103163.0,1.0,188.0,35.2,3.0,5.0,36.0,1071.0,11.0,2605.0,2013.0,1.0
66573,3.0,0.0,103990.0,1.0,180.0,25.3,103602.0,1.0,183.0,27.1,3.0,2.0,11.0,1875.0,7.0,2185.0,2007.0,1.0
51769,3.0,0.0,103990.0,1.0,180.0,27.8,103898.0,1.0,185.0,28.1,3.0,6.0,23.0,1640.0,36.0,1109.0,2010.0,0.0
69928,1.0,0.0,104269.0,0.0,188.0,28.2,104527.0,1.0,183.0,26.9,3.0,9.0,27.0,1320.0,29.0,1300.0,2012.0,0.0
95787,2.0,3.0,104813.0,1.0,183.0,26.7,105777.0,1.0,188.0,22.1,5.0,7.0,55.0,816.0,31.0,1330.0,2013.0,0.0
44151,0.0,0.0,104022.0,1.0,183.0,25.3,104918.0,1.0,190.0,20.4,3.0,9.0,19.0,1410.0,16.0,1480.0,2007.0,1.0
192175,3.0,4.0,103970.0,1.0,175.0,29.9,104797.0,1.0,188.0,25.4,3.0,6.0,5.0,4665.0,51.0,917.0,2012.0,1.0
58729,1.0,0.0,104926.0,1.0,178.0,34.7,105807.0,1.0,188.0,30.5,3.0,5.0,38.0,1359.0,18.0,2265.0,2022.0,0.0
109560,3.0,0.0,200282.0,1.0,183.0,21.7,206173.0,1.0,188.0,19.2,3.0,3.0,25.0,1815.0,44.0,1214.0,2020.0,1.0
120552,3.0,0.0,104214.0,1.0,185.0,21.4,103971.0,1.0,180.0,22.7,3.0,6.0,50.0,781.0,44.0,863.0,2005.0,1.0
206309,3.0,0.0,102998.0,1.0,190.0,26.3,103018.0,1.0,196.0,26.2,3.0,6.0,56.0,660.0,28.0,1075.0,2003.0,1.0
28615,3.0,0.0,104925.0,1.0,188.0,28.7,103852.0,0.0,188.0,34.4,3.0,3.0,1.0,16790.0,24.0,1495.0,2016.0,1.0
120709,3.0,0.0,103786.0,1.0,178.0,24.6,103484.0,1.0,185.0,26.0,3.0,9.0,6.0,2355.0,23.0,1230.0,2006.0,1.0
145268,2.0,3.0,103720.0,1.0,180.0,27.3,104620.0,1.0,183.0,22.7,5.0,6.0,27.0,1050.0,46.0,763.0,2008.0,0.0
8552,3.0,3.0,105062.0,1.0,183.0,27.6,105227.0,1.0,198.0,26.9,5.0,6.0,56.0,842.0,9.0,3550.0,2015.0,1.0
14535,3.0,4.0,104745.0,0.0,185.0,27.1,104607.0,1.0,196.0,27.9,3.0,9.0,3.0,7860.0,6.0,4865.0,2013.0,0.0
41264,1.0,0.0,103786.0,1.0,178.0,29.8,104252.0,1.0,190.0,27.5,3.0,2.0,40.0,1060.0,35.0,1125.0,2011.0,0.0
82481,0.0,4.0,103990.0,1.0,180.0,24.4,103786.0,1.0,178.0,25.4,3.0,9.0,7.0,2175.0,5.0,2650.0,2006.0,1.0
141502,3.0,0.0,104214.0,1.0,185.0,24.4,104755.0,1.0,185.0,21.5,3.0,6.0,34.0,890.0,8.0,1930.0,2008.0,1.0
78025,2.0,3.0,104731.0,1.0,203.0,33.1,105732.0,1.0,188.0,28.2,5.0,4.0,8.0,3610.0,39.0,1143.0,2019.0,0.0
176301,3.0,0.0,103786.0,1.0,178.0,30.4,104468.0,1.0,183.0,26.8,3.0,6.0,36.0,1105.0,12.0,2335.0,2011.0,0.0
112578,1.0,0.0,103720.0,1.0,180.0,29.2,104545.0,1.0,206.0,25.0,3.0,8.0,33.0,1335.0,19.0,1880.0,2010.0,0.0
86111,3.0,0.0,105332.0,1.0,196.0,26.4,105777.0,1.0,188.0,24.3,3.0,6.0,32.0,1187.0,21.0,1555.0,2015.0,0.0
36849,2.0,3.0,103206.0,1.0,175.0,25.0,102450.0,1.0,185.0,28.7,5.0,3.0,14.0,1500.0,29.0,1115.0,2003.0,0.0
180126,3.0,3.0,104527.0,1.0,183.0,25.4,105023.0,1.0,198.0,22.8,5.0,5.0,27.0,1510.0,22.0,1705.0,2010.0,0.0
178319,3.0,0.0,206909.0,1.0,185.0,21.2,207733.0,0.0,191.0,20.8,5.0,9.0,49.0,927.0,41.0,1020.0,2022.0,0.0
44917,3.0,0.0,104417.0,1.0,193.0,25.1,103786.0,1.0,178.0,28.3,3.0,9.0,11.0,3020.0,8.0,3535.0,2009.0,1.0
146996,1.0,4.0,104417.0,1.0,193.0,26.7,104597.0,1.0,183.0,25.7,3.0,5.0,5.0,5265.0,10.0,2495.0,2011.0,0.0
74654,1.0,4.0,122298.0,1.0,188.0,26.5,105807.0,1.0,188.0,30.8,3.0,7.0,31.0,1294.0,18.0,2135.0,2022.0,0.0
81144,3.0,3.0,104053.0,1.0,188.0,22.3,103781.0,0.0,183.0,23.6,5.0,6.0,2.0,3655.0,34.0,955.0,2005.0,0.0
168588,3.0,4.0,104053.0,1.0,188.0,28.1,105208.0,1.0,190.0,22.1,3.0,5.0,8.0,3485.0,26.0,1415.0,2010.0,0.0
114744,3.0,0.0,104312.0,1.0,190.0,27.6,105227.0,1.0,198.0,23.0,3.0,3.0,52.0,875.0,22.0,1645.0,2011.0,1.0
203006,3.0,3.0,104607.0,1.0,196.0,26.9,103819.0,1.0,185.0,31.0,5.0,3.0,7.0,4200.0,1.0,12165.0,2012.0,0.0
69932,3.0,0.0,105223.0,1.0,198.0,24.8,106071.0,1.0,193.0,20.7,3.0,5.0,7.0,4500.0,40.0,950.0,2013.0,0.0
159438,3.0,4.0,102271.0,0.0,175.0,30.7,102450.0,1.0,185.0,29.9,3.0,6.0,35.0,878.0,6.0,2340.0,2004.0,1.0
29147,3.0,0.0,103990.0,1.0,180.0,24.6,103252.0,1.0,175.0,28.3,3.0,5.0,7.0,2375.0,60.0,641.0,2007.0,0.0
87492,1.0,0.0,105053.0,1.0,188.0,23.6,103781.0,0.0,183.0,30.1,3.0,6.0,61.0,790.0,12.0,2085.0,2011.0,0.0
81203,3.0,4.0,104755.0,1.0,185.0,22.0,103566.0,0.0,190.0,28.1,3.0,7.0,12.0,1445.0,36.0,921.0,2008.0,0.0
156793,3.0,0.0,102227.0,1.0,180.0,30.2,103387.0,1.0,185.0,24.1,3.0,5.0,53.0,703.0,11.0,1755.0,2003.0,1.0
115907,3.0,3.0,104527.0,1.0,183.0,28.7,103990.0,1.0,180.0,31.7,5.0,5.0,8.0,3890.0,18.0,1810.0,2014.0,0.0
14921,2.0,0.0,105053.0,1.0,188.0,22.5,104678.0,1.0,193.0,24.3,3.0,5.0,57.0,796.0,40.0,1000.0,2010.0,0.0
35891,1.0,0.0,103720.0,1.0,180.0,23.2,103602.0,1.0,183.0,23.8,3.0,2.0,12.0,1525.0,16.0,1380.0,2004.0,1.0
192273,2.0,3.0,105683.0,1.0,196.0,28.5,124187.0,1.0,211.0,21.8,5.0,6.0,17.0,1945.0,63.0,855.0,2019.0,0.0
12106,2.0,0.0,200000.0,1.0,193.0,18.8,105777.0,1.0,188.0,28.0,3.0,6.0,21.0,1522.0,45.0,997.0,2019.0,0.0
83557,2.0,3.0,102882.0,1.0,196.0,26.6,103285.0,1.0,185.0,24.5,5.0,6.0,48.0,735.0,38.0,918.0,2003.0,0.0
140390,3.0,1.0,105554.0,1.0,175.0,29.4,104745.0,0.0,185.0,33.4,3.0,8.0,42.0,1124.0,1.0,9985.0,2019.0,1.0
146053,3.0,4.0,104925.0,1.0,188.0,27.4,105683.0,1.0,196.0,23.8,3.0,2.0,1.0,11510.0,10.0,3930.0,2014.0,0.0
7037,1.0,4.0,105932.0,1.0,185.0,27.1,105916.0,1.0,188.0,27.1,3.0,7.0,17.0,1930.0,37.0,1180.0,2019.0,1.0
47477,3.0,4.0,104545.0,1.0,206.0,34.2,111442.0,1.0,183.0,25.2,3.0,7.0,15.0,2085.0,46.0,1034.0,2019.0,0.0
115863,3.0,4.0,206173.0,1.0,188.0,21.2,144817.0,0.0,196.0,26.3,3.0,7.0,12.0,2610.0,61.0,784.0,2022.0,1.0
55486,1.0,4.0,103908.0,1.0,185.0,21.3,103819.0,1.0,185.0,21.7,3.0,7.0,43.0,855.0,5.0,2545.0,2003.0,1.0
196432,2.0,3.0,126207.0,1.0,188.0,19.4,100644.0,1.0,198.0,20.2,5.0,7.0,64.0,756.0,12.0,3070.0,2017.0,1.0
100087,1.0,4.0,105208.0,1.0,190.0,21.6,103819.0,1.0,185.0,28.7,3.0,6.0,40.0,1009.0,1.0,10690.0,2010.0,0.0
163667,3.0,0.0,103103.0,1.0,183.0,26.5,104026.0,1.0,198.0,22.0,3.0,5.0,20.0,1211.0,32.0,909.0,2004.0,0.0
32693,1.0,1.0,103786.0,1.0,178.0,24.1,103908.0,1.0,185.0,23.4,5.0,8.0,7.0,2115.0,57.0,654.0,2005.0,0.0
152770,3.0,0.0,104339.0,1.0,196.0,20.3,103163.0,1.0,188.0,26.3,3.0,7.0,27.0,1070.0,46.0,755.0,2004.0,1.0
72684,1.0,3.0,106233.0,1.0,185.0,25.7,104792.0,1.0,193.0,32.7,5.0,5.0,4.0,4685.0,17.0,1965.0,2019.0,0.0
72613,1.0,4.0,104745.0,0.0,185.0,22.8,104417.0,1.0,193.0,24.7,3.0,5.0,1.0,14890.0,27.0,1800.0,2009.0,0.0
129343,3.0,4.0,103206.0,1.0,175.0,26.7,103970.0,1.0,175.0,22.9,3.0,7.0,28.0,1160.0,47.0,795.0,2005.0,1.0
154965,3.0,0.0,105227.0,1.0,198.0,22.3,104252.0,1.0,190.0,27.3,3.0,3.0,20.0,1600.0,38.0,1098.0,2011.0,1.0
86932,1.0,0.0,104026.0,1.0,198.0,22.0,103151.0,1.0,183.0,26.3,3.0,6.0,32.0,909.0,31.0,910.0,2004.0,1.0
75503,2.0,3.0,105668.0,1.0,203.0,23.6,103720.0,1.0,180.0,33.3,5.0,7.0,25.0,1510.0,48.0,950.0,2014.0,0.0
22107,3.0,4.0,103813.0,0.0,185.0,25.6,104755.0,1.0,185.0,20.7,3.0,6.0,19.0,1300.0,16.0,1590.0,2007.0,1.0
94850,0.0,2.0,103292.0,1.0,175.0,26.9,103786.0,1.0,178.0,24.4,3.0,8.0,9.0,1850.0,7.0,2090.0,2005.0,1.0
146770,3.0,0.0,104898.0,1.0,190.0,25.3,103786.0,1.0,178.0,31.2,3.0,7.0,46.0,945.0,48.0,920.0,2012.0,0.0
103205,3.0,0.0,104755.0,1.0,185.0,33.6,104468.0,1.0,183.0,35.1,3.0,6.0,58.0,890.0,59.0,890.0,2020.0,0.0
162727,2.0,1.0,103602.0,1.0,183.0,25.6,103484.0,1.0,185.0,26.2,5.0,8.0,18.0,1470.0,8.0,1985.0,2006.0,0.0
37839,3.0,4.0,104607.0,1.0,196.0,31.0,104719.0,1.0,190.0,30.4,3.0,6.0,9.0,3470.0,43.0,1009.0,2016.0,1.0
50731,3.0,0.0,105223.0,1.0,198.0,23.0,104731.0,1.0,203.0,25.4,3.0,9.0,15.0,2030.0,32.0,1190.0,2011.0,0.0
188295,3.0,4.0,105173.0,0.0,183.0,34.3,128034.0,1.0,196.0,25.7,3.0,7.0,43.0,991.0,10.0,3220.0,2022.0,1.0
87270,1.0,4.0,105554.0,1.0,175.0,26.9,106378.0,1.0,188.0,22.2,3.0,7.0,44.0,944.0,45.0,933.0,2017.0,1.0
155885,3.0,0.0,105449.0,1.0,188.0,25.7,105227.0,1.0,198.0,27.0,3.0,5.0,48.0,915.0,14.0,2270.0,2015.0,1.0
99058,2.0,0.0,111815.0,0.0,188.0,25.8,133430.0,0.0,185.0,22.1,3.0,9.0,41.0,1510.0,14.0,2780.0,2021.0,0.0
60947,3.0,4.0,103656.0,1.0,175.0,30.8,105062.0,1.0,183.0,23.7,3.0,7.0,56.0,825.0,63.0,754.0,2011.0,0.0
172008,1.0,0.0,105807.0,1.0,188.0,24.7,104468.0,1.0,183.0,31.3,3.0,3.0,50.0,919.0,18.0,1900.0,2016.0,0.0
113430,1.0,0.0,103280.0,1.0,196.0,24.5,103103.0,1.0,183.0,25.3,3.0,5.0,56.0,733.0,63.0,660.0,2003.0,0.0
184301,1.0,0.0,103909.0,1.0,175.0,21.0,104076.0,1.0,190.0,20.3,3.0,6.0,36.0,960.0,40.0,843.0,2003.0,0.0
24376,1.0,0.0,104269.0,0.0,188.0,26.2,104926.0,1.0,178.0,22.7,3.0,6.0,10.0,2860.0,57.0,780.0,2010.0,0.0
176981,2.0,3.0,104259.0,1.0,178.0,25.6,103819.0,1.0,185.0,27.8,5.0,6.0,32.0,1540.0,2.0,10620.0,2009.0,1.0
36429,3.0,4.0,105023.0,1.0,198.0,25.0,105453.0,1.0,178.0,22.7,3.0,6.0,22.0,1530.0,15.0,2315.0,2012.0,0.0
152401,1.0,0.0,103900.0,1.0,180.0,26.1,103428.0,1.0,190.0,28.4,3.0,9.0,11.0,1700.0,25.0,1305.0,2008.0,0.0
778,3.0,0.0,105223.0,1.0,198.0,23.2,103997.0,1.0,190.0,29.6,3.0,5.0,11.0,2315.0,58.0,808.0,2012.0,0.0
94891,1.0,4.0,103656.0,1.0,175.0,28.4,103781.0,0.0,183.0,27.9,3.0,7.0,28.0,1724.0,27.0,1735.0,2009.0,1.0
197531,1.0,3.0,104665.0,1.0,180.0,27.3,104022.0,1.0,183.0,30.9,5.0,4.0,45.0,905.0,31.0,1265.0,2013.0,1.0
109879,1.0,4.0,104925.0,1.0,188.0,26.8,104198.0,1.0,188.0,30.8,3.0,3.0,2.0,11680.0,38.0,1071.0,2014.0,0.0
120490,1.0,4.0,105373.0,0.0,190.0,27.7,104597.0,1.0,183.0,31.6,3.0,7.0,61.0,800.0,57.0,815.0,2017.0,1.0
75111,3.0,0.0,134770.0,1.0,183.0,20.8,105936.0,1.0,185.0,27.6,3.0,6.0,59.0,967.0,60.0,963.0,2019.0,1.0
113898,3.0,0.0,103781.0,0.0,183.0,27.7,103970.0,1.0,175.0,26.8,3.0,6.0,32.0,1772.0,14.0,2980.0,2009.0,1.0
78421,1.0,4.0,105807.0,1.0,188.0,30.8,111575.0,1.0,198.0,25.9,3.0,6.0,18.0,2135.0,24.0,1620.0,2022.0,1.0
199233,3.0,0.0,200282.0,1.0,183.0,19.8,105583.0,1.0,180.0,28.5,3.0,6.0,29.0,1253.0,45.0,1010.0,2019.0,0.0
100758,3.0,3.0,103990.0,1.0,180.0,23.3,103484.0,1.0,185.0,25.6,5.0,5.0,20.0,1350.0,49.0,740.0,2005.0,1.0
28575,3.0,3.0,104925.0,1.0,188.0,20.2,105223.0,1.0,198.0,18.9,5.0,6.0,3.0,3670.0,57.0,595.0,2007.0,0.0
185719,3.0,4.0,104468.0,1.0,183.0,25.8,104417.0,1.0,193.0,26.2,3.0,6.0,43.0,1050.0,5.0,4960.0,2010.0,1.0
115100,3.0,3.0,103852.0,0.0,188.0,28.9,104660.0,1.0,193.0,24.6,5.0,6.0,25.0,1515.0,36.0,1183.0,2010.0,0.0
171653,1.0,3.0,104926.0,1.0,178.0,25.0,104678.0,1.0,193.0,26.2,5.0,7.0,45.0,965.0,28.0,1325.0,2012.0,0.0
205409,3.0,4.0,104312.0,1.0,190.0,27.0,105238.0,1.0,180.0,22.3,3.0,7.0,48.0,965.0,23.0,1445.0,2011.0,1.0
70133,1.0,4.0,102318.0,1.0,183.0,30.2,103285.0,1.0,185.0,25.3,3.0,7.0,33.0,959.0,54.0,660.0,2004.0,0.0
24551,3.0,0.0,106000.0,1.0,172.0,26.7,104792.0,1.0,193.0,32.4,3.0,3.0,56.0,905.0,33.0,1240.0,2019.0,1.0
40845,3.0,4.0,102998.0,1.0,190.0,26.1,102344.0,1.0,188.0,29.4,3.0,7.0,49.0,775.0,41.0,868.0,2003.0,1.0
176287,1.0,0.0,104918.0,1.0,190.0,27.9,104259.0,1.0,178.0,31.5,3.0,2.0,3.0,6060.0,26.0,1395.0,2015.0,0.0
117905,3.0,4.0,103484.0,1.0,185.0,23.6,103285.0,1.0,185.0,24.6,3.0,7.0,26.0,1090.0,47.0,815.0,2003.0,0.0
170313,1.0,4.0,102845.0,1.0,190.0,27.6,103813.0,0.0,185.0,22.7,3.0,6.0,8.0,2020.0,30.0,990.0,2004.0,0.0
168241,1.0,3.0,104925.0,1.0,188.0,30.0,105311.0,1.0,185.0,28.1,5.0,7.0,2.0,7445.0,59.0,830.0,2017.0,0.0
114228,1.0,0.0,103018.0,1.0,196.0,27.7,103786.0,1.0,178.0,23.8,3.0,3.0,44.0,870.0,16.0,1480.0,2005.0,1.0
42657,3.0,4.0,105227.0,1.0,198.0,23.4,105223.0,1.0,198.0,23.4,3.0,6.0,23.0,1400.0,11.0,2660.0,2012.0,1.0
46349,3.0,4.0,111815.0,0.0,188.0,26.9,208029.0,1.0,185.0,19.2,3.0,7.0,11.0,3065.0,29.0,1380.0,2022.0,0.0
125208,0.0,0.0,102456.0,1.0,180.0,29.0,103694.0,1.0,168.0,22.7,3.0,6.0,18.0,1310.0,50.0,751.0,2003.0,1.0
132683,1.0,4.0,103970.0,1.0,175.0,33.0,104269.0,0.0,188.0,31.4,3.0,5.0,8.0,4490.0,38.0,1100.0,2015.0,0.0
206549,1.0,4.0,104745.0,0.0,185.0,24.8,103813.0,0.0,185.0,29.7,3.0,6.0,1.0,12870.0,59.0,855.0,2011.0,0.0
36676,2.0,0.0,200282.0,1.0,183.0,23.3,124187.0,1.0,211.0,24.7,3.0,6.0,21.0,1768.0,18.0,2100.0,2022.0,0.0
80752,2.0,3.0,102854.0,1.0,193.0,26.7,102783.0,1.0,180.0,27.1,5.0,5.0,12.0,1715.0,8.0,1925.0,2003.0,0.0
41466,3.0,0.0,105683.0,1.0,196.0,22.7,104871.0,1.0,188.0,26.6,3.0,5.0,11.0,2815.0,38.0,1085.0,2013.0,0.0
13404,3.0,0.0,103285.0,1.0,185.0,29.8,104724.0,1.0,183.0,22.4,3.0,3.0,29.0,1046.0,54.0,706.0,2008.0,0.0
574,3.0,3.0,103813.0,0.0,185.0,22.0,103900.0,1.0,180.0,21.6,5.0,7.0,39.0,950.0,13.0,1700.0,2003.0,1.0
198640,3.0,1.0,103333.0,1.0,208.0,32.9,105453.0,1.0,178.0,22.1,5.0,8.0,43.0,967.0,20.0,1680.0,2012.0,0.0
19692,1.0,4.0,103970.0,1.0,175.0,23.0,103151.0,1.0,183.0,27.1,3.0,5.0,28.0,1125.0,51.0,790.0,2005.0,0.0
31289,3.0,4.0,104252.0,1.0,190.0,30.4,103813.0,0.0,185.0,32.6,3.0,7.0,29.0,1245.0,40.0,1020.0,2014.0,1.0
153474,3.0,4.0,126203.0,1.0,193.0,18.7,103333.0,1.0,208.0,37.4,3.0,7.0,63.0,808.0,27.0,1445.0,2016.0,1.0
23032,3.0,3.0,103852.0,0.0,188.0,28.3,104655.0,1.0,180.0,24.0,5.0,4.0,46.0,905.0,48.0,905.0,2010.0,0.0
119880,1.0,0.0,103607.0,1.0,173.0,35.4,105077.0,0.0,188.0,28.0,3.0,9.0,58.0,797.0,55.0,808.0,2016.0,0.0
127175,1.0,0.0,104597.0,1.0,183.0,30.6,104198.0,1.0,188.0,32.8,3.0,5.0,62.0,774.0,38.0,1115.0,2016.0,1.0
204091,1.0,4.0,105311.0,1.0,185.0,28.1,104926.0,1.0,178.0,29.9,3.0,7.0,41.0,945.0,29.0,1235.0,2017.0,1.0
197954,3.0,0.0,105223.0,1.0,198.0,20.0,103900.0,1.0,180.0,26.8,3.0,9.0,9.0,1735.0,8.0,1750.0,2008.0,1.0
130880,3.0,0.0,104053.0,1.0,188.0,26.3,104792.0,1.0,193.0,22.3,3.0,9.0,8.0,3940.0,13.0,2950.0,2009.0,0.0
173592,3.0,0.0,126610.0,1.0,196.0,24.7,122330.0,1.0,196.0,23.5,3.0,3.0,10.0,3085.0,49.0,1090.0,2021.0,1.0
139723,3.0,0.0,105023.0,1.0,198.0,24.8,103852.0,0.0,188.0,30.9,3.0,5.0,28.0,1295.0,31.0,1220.0,2012.0,0.0
126554,3.0,4.0,105173.0,0.0,183.0,30.1,104925.0,1.0,188.0,31.2,3.0,6.0,28.0,1410.0,10.0,3445.0,2018.0,1.0
104666,1.0,4.0,103917.0,1.0,190.0,32.3,104022.0,1.0,183.0,31.8,3.0,7.0,39.0,1077.0,16.0,2020.0,2014.0,1.0
43769,1.0,3.0,104745.0,0.0,185.0,19.9,103908.0,1.0,185.0,24.3,5.0,6.0,2.0,4545.0,32.0,920.0,2006.0,0.0
163155,3.0,4.0,103017.0,1.0,183.0,28.0,101736.0,1.0,180.0,35.2,3.0,5.0,39.0,845.0,7.0,1915.0,2005.0,1.0
37766,1.0,3.0,104468.0,1.0,183.0,31.4,104678.0,1.0,193.0,30.2,5.0,6.0,18.0,1945.0,24.0,1535.0,2016.0,1.0
87028,1.0,4.0,125802.0,1.0,193.0,28.2,200221.0,1.0,183.0,22.9,3.0,7.0,50.0,1007.0,29.0,1470.0,2022.0,1.0
3853,3.0,0.0,104468.0,1.0,183.0,22.6,103908.0,1.0,185.0,25.6,3.0,3.0,40.0,755.0,22.0,1195.0,2007.0,1.0
77038,3.0,0.0,200005.0,0.0,188.0,22.3,105554.0,1.0,175.0,30.4,3.0,9.0,38.0,1306.0,35.0,1384.0,2020.0,0.0
147300,3.0,0.0,104545.0,1.0,206.0,34.3,100644.0,1.0,198.0,22.4,3.0,8.0,20.0,1805.0,6.0,4095.0,2019.0,0.0
32469,3.0,4.0,104545.0,1.0,206.0,34.2,105583.0,1.0,180.0,29.1,3.0,7.0,16.0,2040.0,28.0,1466.0,2019.0,0.0
204693,1.0,0.0,102860.0,1.0,183.0,28.4,102562.0,1.0,190.0,29.9,3.0,3.0,59.0,640.0,27.0,1165.0,2005.0,0.0
91661,1.0,4.0,103292.0,1.0,175.0,24.3,103970.0,1.0,175.0,21.0,3.0,7.0,20.0,1335.0,56.0,722.0,2003.0,0.0
148816,3.0,4.0,126207.0,1.0,188.0,23.7,106218.0,1.0,180.0,28.2,3.0,7.0,41.0,1422.0,57.0,1034.0,2021.0,1.0
154685,2.0,0.0,103819.0,1.0,185.0,22.8,103096.0,1.0,173.0,26.4,3.0,3.0,1.0,5610.0,37.0,860.0,2004.0,0.0
61822,1.0,4.0,104925.0,1.0,188.0,31.8,104259.0,1.0,178.0,35.4,3.0,6.0,1.0,11070.0,40.0,1090.0,2019.0,0.0
35200,3.0,0.0,104678.0,1.0,193.0,25.6,104098.0,1.0,185.0,28.7,3.0,3.0,15.0,1935.0,41.0,989.0,2011.0,0.0
160870,3.0,0.0,104269.0,0.0,188.0,34.9,104731.0,1.0,203.0,32.4,3.0,9.0,30.0,1410.0,8.0,3730.0,2018.0,1.0
6682,3.0,0.0,105777.0,1.0,188.0,24.6,104678.0,1.0,193.0,29.8,3.0,5.0,28.0,1360.0,22.0,1487.0,2016.0,0.0
64253,3.0,2.0,126203.0,1.0,193.0,25.0,104925.0,1.0,188.0,35.4,3.0,9.0,9.0,2955.0,8.0,3320.0,2022.0,1.0
181994,3.0,0.0,105223.0,1.0,198.0,20.0,103970.0,1.0,175.0,26.4,3.0,3.0,12.0,1518.0,5.0,2490.0,2008.0,0.0
155638,3.0,4.0,102967.0,1.0,188.0,30.9,103808.0,1.0,188.0,26.6,3.0,4.0,55.0,615.0,34.0,956.0,2008.0,0.0
39599,3.0,4.0,105643.0,0.0,190.0,26.4,105223.0,1.0,198.0,28.4,3.0,7.0,49.0,905.0,35.0,1155.0,2017.0,1.0
188917,3.0,0.0,106421.0,1.0,198.0,24.6,104755.0,1.0,185.0,34.3,3.0,6.0,6.0,5890.0,53.0,1030.0,2020.0,0.0
101996,3.0,0.0,104269.0,0.0,188.0,23.8,102563.0,1.0,180.0,32.5,3.0,5.0,32.0,895.0,55.0,614.0,2007.0,0.0
116780,3.0,3.0,105223.0,1.0,198.0,20.9,104230.0,1.0,180.0,26.0,5.0,6.0,6.0,5325.0,62.0,862.0,2009.0,0.0
91359,3.0,0.0,105932.0,1.0,185.0,29.4,100644.0,1.0,198.0,24.2,3.0,5.0,42.0,1565.0,5.0,7340.0,2021.0,1.0
78143,3.0,0.0,104022.0,1.0,183.0,20.6,102854.0,1.0,193.0,26.4,3.0,6.0,27.0,1165.0,15.0,1575.0,2003.0,1.0
158242,3.0,0.0,104898.0,1.0,190.0,31.8,105062.0,1.0,183.0,31.1,3.0,6.0,55.0,905.0,53.0,910.0,2019.0,1.0
199528,3.0,0.0,105238.0,1.0,180.0,23.9,103970.0,1.0,175.0,30.5,3.0,2.0,21.0,1680.0,5.0,5360.0,2012.0,1.0
186800,3.0,0.0,132283.0,1.0,191.0,25.8,126205.0,1.0,185.0,23.7,3.0,6.0,35.0,1648.0,56.0,1080.0,2021.0,1.0
16296,2.0,3.0,105453.0,1.0,178.0,29.5,105062.0,1.0,183.0,31.5,5.0,5.0,7.0,4040.0,58.0,885.0,2019.0,0.0
74970,1.0,0.0,106043.0,1.0,170.0,27.4,104655.0,1.0,180.0,34.1,3.0,3.0,14.0,2325.0,48.0,1017.0,2020.0,0.0
50085,3.0,0.0,103908.0,1.0,185.0,27.6,104259.0,1.0,178.0,25.9,3.0,9.0,27.0,1330.0,23.0,1530.0,2009.0,1.0
15262,2.0,3.0,104053.0,1.0,188.0,26.8,103857.0,1.0,180.0,27.7,5.0,7.0,6.0,4310.0,39.0,1236.0,2009.0,0.0
44575,3.0,0.0,105223.0,1.0,198.0,24.4,104468.0,1.0,183.0,28.1,3.0,3.0,7.0,4410.0,13.0,2370.0,2013.0,1.0
189495,3.0,4.0,200000.0,1.0,193.0,18.9,111575.0,1.0,198.0,23.2,3.0,5.0,21.0,1740.0,8.0,2890.0,2019.0,1.0
65701,3.0,0.0,103498.0,1.0,193.0,24.5,103852.0,0.0,188.0,22.9,3.0,6.0,13.0,1565.0,31.0,935.0,2004.0,1.0
198050,2.0,3.0,104468.0,1.0,183.0,33.5,105223.0,1.0,198.0,29.7,5.0,5.0,53.0,950.0,4.0,5080.0,2018.0,1.0
151017,3.0,0.0,104792.0,1.0,193.0,22.0,104542.0,1.0,188.0,23.4,3.0,9.0,30.0,1033.0,20.0,1250.0,2008.0,1.0
165939,3.0,0.0,103018.0,1.0,196.0,27.5,103163.0,1.0,188.0,26.8,3.0,3.0,41.0,895.0,17.0,1365.0,2005.0,1.0
76649,3.0,4.0,104386.0,1.0,180.0,26.1,104259.0,1.0,178.0,26.8,3.0,7.0,39.0,1055.0,37.0,1100.0,2010.0,1.0
59720,1.0,0.0,104468.0,1.0,183.0,22.5,103084.0,1.0,185.0,29.6,3.0,3.0,50.0,680.0,15.0,1607.0,2007.0,1.0
174973,3.0,4.0,103970.0,1.0,175.0,25.3,104053.0,1.0,188.0,24.9,3.0,5.0,15.0,1565.0,4.0,3415.0,2007.0,0.0
173379,3.0,0.0,105807.0,1.0,188.0,27.1,105449.0,1.0,188.0,28.6,3.0,9.0,12.0,2380.0,34.0,1235.0,2018.0,1.0
48247,3.0,4.0,103990.0,1.0,180.0,23.8,103454.0,1.0,183.0,26.4,3.0,7.0,22.0,1430.0,43.0,825.0,2006.0,1.0
130585,1.0,4.0,105077.0,0.0,188.0,34.3,126205.0,1.0,185.0,24.9,3.0,7.0,43.0,1071.0,34.0,1208.0,2022.0,1.0
75002,3.0,2.0,103786.0,1.0,178.0,26.4,103602.0,1.0,183.0,27.2,3.0,8.0,4.0,2725.0,7.0,1905.0,2007.0,0.0
194220,3.0,4.0,105932.0,1.0,185.0,29.6,126203.0,1.0,193.0,23.9,3.0,9.0,36.0,1556.0,39.0,1495.0,2021.0,0.0
21158,3.0,0.0,105577.0,1.0,193.0,24.3,103813.0,0.0,185.0,33.2,3.0,6.0,44.0,965.0,57.0,813.0,2014.0,0.0
120266,1.0,0.0,104269.0,0.0,188.0,30.6,105807.0,1.0,188.0,22.9,3.0,3.0,29.0,1205.0,62.0,799.0,2014.0,0.0
167248,1.0,4.0,103151.0,1.0,183.0,27.1,102148.0,1.0,178.0,32.3,3.0,6.0,51.0,790.0,49.0,797.0,2005.0,0.0
73522,3.0,4.0,105023.0,1.0,198.0,22.8,104332.0,1.0,185.0,26.3,3.0,7.0,21.0,1750.0,48.0,945.0,2010.0,0.0
68524,0.0,0.0,103171.0,1.0,185.0,25.4,104068.0,1.0,183.0,20.9,3.0,6.0,59.0,645.0,35.0,1000.0,2003.0,1.0
100340,3.0,4.0,104312.0,1.0,190.0,26.6,104229.0,1.0,180.0,27.1,3.0,6.0,58.0,855.0,42.0,1080.0,2010.0,0.0
148557,3.0,4.0,104731.0,1.0,203.0,30.1,104527.0,1.0,183.0,31.3,3.0,3.0,34.0,1335.0,5.0,4720.0,2016.0,1.0
16685,2.0,3.0,104022.0,1.0,183.0,25.9,104745.0,0.0,185.0,22.0,5.0,5.0,17.0,1305.0,2.0,5755.0,2008.0,1.0
20912,3.0,4.0,104926.0,1.0,178.0,26.7,105238.0,1.0,180.0,25.3,3.0,5.0,14.0,2230.0,31.0,1205.0,2014.0,1.0
127199,1.0,4.0,104312.0,1.0,190.0,24.2,103484.0,1.0,185.0,28.3,3.0,6.0,46.0,743.0,8.0,1965.0,2008.0,1.0
100577,1.0,4.0,104925.0,1.0,188.0,26.8,105807.0,1.0,188.0,22.7,3.0,5.0,2.0,11680.0,62.0,730.0,2014.0,0.0
85441,1.0,3.0,104214.0,1.0,185.0,24.8,103808.0,1.0,188.0,26.8,5.0,4.0,27.0,1125.0,48.0,715.0,2008.0,0.0
135113,3.0,0.0,103819.0,1.0,185.0,34.4,106233.0,1.0,185.0,22.3,3.0,9.0,3.0,8265.0,20.0,1600.0,2016.0,0.0
156216,3.0,0.0,104534.0,1.0,175.0,24.7,103898.0,1.0,185.0,28.0,3.0,6.0,40.0,1006.0,45.0,924.0,2010.0,1.0
197717,3.0,0.0,104468.0,1.0,183.0,26.0,105238.0,1.0,180.0,22.1,3.0,3.0,41.0,1005.0,49.0,928.0,2011.0,0.0
130747,1.0,4.0,105227.0,1.0,198.0,28.6,105676.0,1.0,180.0,26.4,3.0,5.0,8.0,3735.0,10.0,3055.0,2017.0,0.0
27501,2.0,0.0,202104.0,1.0,170.0,21.4,127157.0,1.0,191.0,23.7,3.0,5.0,36.0,1168.0,64.0,868.0,2022.0,1.0
90409,1.0,0.0,104597.0,1.0,183.0,25.5,105053.0,1.0,188.0,23.2,3.0,3.0,13.0,2320.0,48.0,971.0,2011.0,0.0
119783,1.0,0.0,104259.0,1.0,178.0,30.7,104586.0,1.0,196.0,28.9,3.0,3.0,26.0,1370.0,42.0,970.0,2014.0,0.0
81149,0.0,0.0,103786.0,1.0,178.0,22.3,103018.0,1.0,196.0,26.2,3.0,6.0,40.0,900.0,28.0,1075.0,2003.0,1.0
17540,2.0,0.0,104468.0,1.0,183.0,23.4,104269.0,0.0,188.0,24.5,3.0,3.0,29.0,1030.0,21.0,1240.0,2008.0,1.0
167405,3.0,0.0,104719.0,1.0,190.0,28.4,103970.0,1.0,175.0,32.4,3.0,6.0,44.0,920.0,5.0,4495.0,2014.0,0.0
159284,2.0,0.0,104678.0,1.0,193.0,29.3,104545.0,1.0,206.0,30.1,3.0,3.0,25.0,1354.0,18.0,1845.0,2015.0,0.0
73413,3.0,0.0,103656.0,1.0,175.0,30.1,105053.0,1.0,188.0,23.1,3.0,5.0,25.0,1495.0,64.0,785.0,2011.0,1.0
5759,1.0,0.0,104198.0,1.0,188.0,31.8,104755.0,1.0,185.0,28.8,3.0,9.0,31.0,1235.0,28.0,1330.0,2015.0,1.0
63209,3.0,0.0,104527.0,1.0,183.0,28.4,104571.0,1.0,183.0,28.2,3.0,5.0,10.0,3150.0,48.0,910.0,2013.0,0.0
167319,3.0,3.0,103163.0,1.0,188.0,28.7,104252.0,1.0,190.0,23.2,5.0,6.0,12.0,1855.0,58.0,680.0,2007.0,0.0
207010,3.0,4.0,104198.0,1.0,188.0,31.8,104338.0,1.0,185.0,30.9,3.0,6.0,25.0,1415.0,46.0,940.0,2015.0,1.0
155772,3.0,2.0,103786.0,1.0,178.0,28.4,104745.0,0.0,185.0,23.4,3.0,8.0,7.0,3630.0,2.0,9205.0,2009.0,0.0
152913,1.0,0.0,104898.0,1.0,190.0,26.8,104122.0,1.0,183.0,31.0,3.0,5.0,46.0,932.0,48.0,915.0,2014.0,0.0
207055,2.0,3.0,104997.0,1.0,190.0,25.8,104471.0,1.0,183.0,28.4,5.0,6.0,64.0,747.0,49.0,888.0,2013.0,1.0
145528,3.0,0.0,104597.0,1.0,183.0,28.1,104665.0,1.0,180.0,27.7,3.0,6.0,13.0,2200.0,50.0,895.0,2013.0,0.0
30225,3.0,0.0,104571.0,1.0,183.0,27.6,104755.0,1.0,185.0,26.6,3.0,5.0,36.0,1070.0,10.0,2925.0,2013.0,0.0
98344,1.0,4.0,103970.0,1.0,175.0,31.1,104269.0,0.0,188.0,29.4,3.0,6.0,4.0,6920.0,53.0,830.0,2013.0,0.0
98997,3.0,4.0,102450.0,1.0,185.0,28.9,103909.0,1.0,175.0,21.5,3.0,7.0,32.0,1040.0,5.0,2840.0,2003.0,1.0
160464,3.0,3.0,103909.0,1.0,175.0,20.9,103813.0,0.0,185.0,21.4,5.0,6.0,45.0,810.0,41.0,875.0,2003.0,0.0
190842,3.0,0.0,103813.0,0.0,185.0,22.5,102610.0,1.0,180.0,28.6,3.0,5.0,37.0,940.0,27.0,1115.0,2004.0,0.0
21104,3.0,3.0,106401.0,1.0,193.0,20.3,104918.0,1.0,190.0,28.2,5.0,4.0,37.0,1120.0,3.0,8840.0,2015.0,1.0
15563,3.0,0.0,106426.0,1.0,185.0,25.5,134770.0,1.0,183.0,23.0,3.0,8.0,17.0,2353.0,8.0,4160.0,2022.0,1.0
95536,1.0,0.0,104926.0,1.0,178.0,24.9,104312.0,1.0,190.0,28.1,3.0,3.0,57.0,800.0,46.0,980.0,2012.0,0.0
158566,1.0,3.0,102450.0,1.0,185.0,28.7,103507.0,1.0,183.0,23.2,5.0,6.0,28.0,1130.0,3.0,3460.0,2003.0,1.0
125215,1.0,4.0,104678.0,1.0,193.0,23.2,103812.0,1.0,198.0,27.7,3.0,7.0,40.0,1445.0,34.0,1566.0,2009.0,0.0
63274,3.0,4.0,104925.0,1.0,188.0,23.8,104678.0,1.0,193.0,25.1,3.0,5.0,2.0,8710.0,17.0,1710.0,2011.0,0.0
149305,3.0,4.0,111456.0,1.0,178.0,23.8,105311.0,1.0,185.0,29.9,3.0,4.0,62.0,833.0,41.0,1107.0,2019.0,0.0
167239,2.0,3.0,206909.0,1.0,185.0,20.8,106401.0,1.0,193.0,27.1,5.0,5.0,56.0,969.0,40.0,1070.0,2022.0,1.0
77675,3.0,0.0,105062.0,1.0,183.0,31.8,105173.0,0.0,183.0,31.2,3.0,5.0,58.0,971.0,44.0,1111.0,2019.0,1.0
52931,1.0,0.0,103990.0,1.0,180.0,22.9,103252.0,1.0,175.0,26.6,3.0,6.0,15.0,1585.0,55.0,720.0,2005.0,1.0
78369,3.0,4.0,104792.0,1.0,193.0,22.1,104745.0,0.0,185.0,22.4,3.0,5.0,16.0,1408.0,1.0,7100.0,2008.0,1.0
177109,1.0,3.0,103812.0,1.0,198.0,27.8,104468.0,1.0,183.0,24.4,5.0,6.0,33.0,1541.0,7.0,3890.0,2009.0,0.0
195778,1.0,0.0,102845.0,1.0,190.0,30.0,103632.0,1.0,180.0,25.9,3.0,6.0,41.0,825.0,56.0,672.0,2006.0,0.0
181321,3.0,0.0,103786.0,1.0,178.0,30.3,103997.0,1.0,190.0,29.3,3.0,5.0,36.0,1160.0,57.0,792.0,2011.0,0.0
182169,3.0,0.0,102703.0,1.0,180.0,29.1,103017.0,1.0,183.0,27.6,3.0,5.0,61.0,621.0,30.0,1115.0,2005.0,1.0
115713,2.0,3.0,104724.0,1.0,183.0,22.1,104053.0,1.0,188.0,25.8,5.0,4.0,60.0,619.0,6.0,2280.0,2008.0,1.0
81088,3.0,0.0,104755.0,1.0,185.0,20.5,103898.0,1.0,185.0,25.0,3.0,6.0,18.0,1385.0,37.0,902.0,2007.0,0.0
106027,1.0,0.0,105583.0,1.0,180.0,31.0,105807.0,1.0,188.0,30.0,3.0,3.0,43.0,1575.0,13.0,2940.0,2021.0,1.0
160778,3.0,4.0,104339.0,1.0,196.0,23.5,103484.0,1.0,185.0,27.7,3.0,6.0,49.0,675.0,8.0,2110.0,2007.0,0.0
91231,1.0,4.0,105676.0,1.0,180.0,26.4,105227.0,1.0,198.0,28.6,3.0,5.0,10.0,3055.0,8.0,3735.0,2017.0,1.0
134213,2.0,3.0,104925.0,1.0,188.0,26.0,105223.0,1.0,198.0,24.7,5.0,9.0,1.0,11830.0,8.0,3960.0,2013.0,0.0
39314,1.0,1.0,104527.0,1.0,183.0,24.4,104312.0,1.0,190.0,25.5,5.0,8.0,22.0,1555.0,59.0,850.0,2009.0,0.0
26219,2.0,0.0,103758.0,1.0,188.0,22.1,102035.0,1.0,183.0,31.2,3.0,3.0,40.0,895.0,63.0,645.0,2003.0,1.0
105139,3.0,1.0,104678.0,1.0,193.0,24.3,105227.0,1.0,198.0,21.7,5.0,8.0,44.0,955.0,13.0,2865.0,2010.0,1.0
157933,3.0,0.0,206909.0,1.0,185.0,21.1,106432.0,1.0,188.0,25.8,3.0,5.0,47.0,974.0,28.0,1405.0,2022.0,1.0
148212,1.0,4.0,104597.0,1.0,183.0,26.7,103970.0,1.0,175.0,30.0,3.0,5.0,13.0,2255.0,6.0,4280.0,2012.0,1.0
52153,2.0,0.0,102338.0,1.0,190.0,29.3,102344.0,1.0,188.0,29.2,3.0,6.0,17.0,1375.0,46.0,768.0,2003.0,1.0
152236,1.0,4.0,103084.0,1.0,185.0,29.4,104468.0,1.0,183.0,22.3,3.0,6.0,21.0,1217.0,58.0,615.0,2007.0,1.0
95262,1.0,4.0,105223.0,1.0,198.0,30.6,105676.0,1.0,180.0,28.4,3.0,6.0,9.0,3145.0,23.0,1460.0,2019.0,0.0
120258,1.0,4.0,106421.0,1.0,198.0,22.1,105453.0,1.0,178.0,28.2,3.0,6.0,49.0,984.0,36.0,1280.0,2018.0,1.0
105060,3.0,3.0,103285.0,1.0,185.0,28.7,104925.0,1.0,188.0,20.2,5.0,7.0,35.0,850.0,3.0,3670.0,2007.0,1.0
88101,1.0,3.0,104545.0,1.0,206.0,31.0,104918.0,1.0,190.0,29.0,5.0,5.0,17.0,1965.0,2.0,8435.0,2016.0,1.0
148499,3.0,0.0,103598.0,1.0,185.0,32.2,103781.0,0.0,183.0,31.4,3.0,5.0,58.0,746.0,38.0,1032.0,2012.0,1.0
6102,3.0,0.0,104269.0,0.0,188.0,29.7,104792.0,1.0,193.0,26.9,3.0,3.0,30.0,1290.0,43.0,950.0,2013.0,1.0
109981,3.0,0.0,102860.0,1.0,183.0,32.0,103852.0,0.0,188.0,27.0,3.0,6.0,50.0,745.0,45.0,815.0,2008.0,1.0
74446,3.0,4.0,104545.0,1.0,206.0,31.4,100644.0,1.0,198.0,19.4,3.0,7.0,26.0,1510.0,21.0,1700.0,2016.0,1.0
147335,3.0,3.0,102148.0,1.0,178.0,30.0,101885.0,0.0,190.0,31.8,5.0,7.0,34.0,975.0,52.0,720.0,2003.0,0.0
110177,3.0,4.0,126203.0,1.0,193.0,23.3,122330.0,1.0,196.0,23.7,3.0,5.0,32.0,1775.0,44.0,1385.0,2021.0,1.0
176034,1.0,4.0,105550.0,0.0,185.0,25.9,106058.0,1.0,185.0,23.6,3.0,7.0,50.0,914.0,27.0,1470.0,2016.0,1.0
25746,1.0,0.0,105807.0,1.0,188.0,30.7,106043.0,1.0,170.0,29.6,3.0,9.0,19.0,2015.0,15.0,2715.0,2022.0,0.0
143779,3.0,3.0,104871.0,1.0,188.0,28.5,105373.0,0.0,190.0,26.1,5.0,7.0,27.0,1300.0,36.0,1125.0,2015.0,0.0
43453,3.0,3.0,104999.0,0.0,190.0,29.4,104291.0,1.0,185.0,32.9,5.0,6.0,50.0,894.0,56.0,824.0,2017.0,0.0
134313,3.0,2.0,104925.0,1.0,188.0,21.4,103786.0,1.0,178.0,27.4,3.0,8.0,3.0,4645.0,5.0,2315.0,2008.0,0.0
38945,3.0,0.0,105932.0,1.0,185.0,29.0,103819.0,1.0,185.0,39.5,3.0,3.0,42.0,1405.0,6.0,6630.0,2021.0,0.0
80584,3.0,2.0,104527.0,1.0,183.0,30.6,104745.0,0.0,185.0,29.4,3.0,8.0,4.0,6500.0,5.0,4630.0,2015.0,1.0
10238,2.0,0.0,104053.0,1.0,188.0,21.7,102344.0,1.0,188.0,30.2,3.0,6.0,2.0,4695.0,64.0,579.0,2004.0,0.0
48826,3.0,0.0,106432.0,1.0,188.0,22.2,103819.0,1.0,185.0,37.5,3.0,9.0,13.0,2605.0,7.0,4100.0,2019.0,1.0
5241,1.0,4.0,105807.0,1.0,188.0,22.7,104471.0,1.0,183.0,29.2,3.0,7.0,62.0,730.0,37.0,1110.0,2014.0,0.0
68341,3.0,0.0,104252.0,1.0,190.0,33.0,105676.0,1.0,180.0,25.8,3.0,5.0,55.0,823.0,12.0,2780.0,2016.0,1.0
112165,3.0,4.0,103565.0,1.0,185.0,36.1,104022.0,1.0,183.0,34.0,3.0,7.0,58.0,854.0,61.0,817.0,2016.0,1.0
155413,1.0,4.0,105777.0,1.0,188.0,25.9,106233.0,1.0,185.0,23.6,3.0,5.0,12.0,2820.0,9.0,3615.0,2017.0,1.0
73407,2.0,3.0,103581.0,1.0,183.0,22.9,103852.0,0.0,188.0,21.7,5.0,6.0,60.0,658.0,52.0,723.0,2003.0,1.0
167186,3.0,4.0,126207.0,1.0,188.0,21.7,126203.0,1.0,193.0,21.9,3.0,7.0,46.0,1085.0,33.0,1315.0,2019.0,1.0
65030,0.0,0.0,102563.0,1.0,180.0,30.5,103017.0,1.0,183.0,28.3,3.0,2.0,15.0,1525.0,29.0,1075.0,2005.0,0.0
176769,1.0,0.0,104386.0,1.0,180.0,26.8,104259.0,1.0,178.0,27.5,3.0,8.0,32.0,1225.0,44.0,1045.0,2011.0,1.0
133662,3.0,0.0,106421.0,1.0,198.0,26.6,133430.0,0.0,185.0,23.5,3.0,2.0,4.0,5155.0,19.0,1925.0,2022.0,0.0
8508,1.0,0.0,103484.0,1.0,185.0,24.3,102227.0,1.0,180.0,30.8,3.0,6.0,43.0,860.0,46.0,825.0,2004.0,1.0
115901,1.0,4.0,111815.0,0.0,188.0,26.6,207989.0,1.0,185.0,18.9,3.0,5.0,11.0,3335.0,9.0,3818.0,2022.0,1.0
45472,3.0,4.0,104597.0,1.0,183.0,22.5,103917.0,1.0,190.0,26.1,3.0,7.0,25.0,1255.0,44.0,761.0,2008.0,1.0
15723,3.0,4.0,105807.0,1.0,188.0,23.6,105385.0,0.0,183.0,25.6,3.0,4.0,55.0,866.0,47.0,929.0,2015.0,1.0
163898,3.0,4.0,103333.0,1.0,208.0,35.6,104607.0,1.0,196.0,29.0,3.0,5.0,31.0,1195.0,7.0,4235.0,2014.0,1.0
118109,3.0,0.0,102562.0,1.0,190.0,29.8,102642.0,1.0,190.0,29.4,3.0,6.0,26.0,1165.0,55.0,699.0,2005.0,1.0
174483,2.0,0.0,104918.0,1.0,190.0,24.0,103598.0,1.0,185.0,30.8,3.0,6.0,4.0,6625.0,40.0,1070.0,2011.0,0.0
164119,1.0,0.0,104719.0,1.0,190.0,25.2,104312.0,1.0,190.0,27.3,3.0,6.0,52.0,939.0,37.0,1165.0,2011.0,0.0
50710,1.0,0.0,104338.0,1.0,185.0,31.1,104919.0,1.0,188.0,28.0,3.0,3.0,34.0,1170.0,24.0,1487.0,2015.0,1.0
64918,1.0,4.0,200282.0,1.0,183.0,23.2,105583.0,1.0,180.0,31.8,3.0,7.0,22.0,1691.0,64.0,906.0,2022.0,0.0
105911,3.0,0.0,104755.0,1.0,185.0,32.2,104468.0,1.0,183.0,33.7,3.0,3.0,25.0,1580.0,39.0,1115.0,2018.0,1.0
25218,3.0,2.0,103819.0,1.0,185.0,32.2,104925.0,1.0,188.0,26.4,3.0,8.0,7.0,3805.0,2.0,10610.0,2013.0,1.0
25008,1.0,0.0,104597.0,1.0,183.0,26.9,104338.0,1.0,185.0,28.2,3.0,9.0,10.0,2665.0,14.0,2240.0,2012.0,1.0
68106,1.0,0.0,103333.0,1.0,208.0,35.2,104259.0,1.0,178.0,30.5,3.0,2.0,49.0,947.0,29.0,1280.0,2014.0,1.0
81904,1.0,0.0,105238.0,1.0,180.0,21.7,103507.0,1.0,183.0,30.4,3.0,3.0,42.0,1003.0,22.0,1710.0,2010.0,1.0
67456,3.0,3.0,104719.0,1.0,190.0,28.3,103333.0,1.0,208.0,35.4,5.0,7.0,42.0,1010.0,30.0,1220.0,2014.0,0.0
67438,3.0,4.0,104022.0,1.0,183.0,28.1,105238.0,1.0,180.0,21.7,3.0,6.0,14.0,2725.0,49.0,921.0,2010.0,1.0
93351,3.0,4.0,105676.0,1.0,180.0,27.6,105223.0,1.0,198.0,29.8,3.0,3.0,11.0,3085.0,3.0,5410.0,2018.0,0.0
55715,3.0,4.0,104745.0,0.0,185.0,21.7,104925.0,1.0,188.0,20.8,3.0,9.0,2.0,5980.0,3.0,5130.0,2008.0,1.0
49154,3.0,3.0,105223.0,1.0,198.0,23.9,104925.0,1.0,188.0,25.2,5.0,3.0,8.0,3620.0,2.0,11270.0,2012.0,1.0
69679,3.0,4.0,104252.0,1.0,190.0,26.4,105095.0,1.0,185.0,22.0,3.0,4.0,53.0,827.0,57.0,757.0,2010.0,1.0
182931,3.0,0.0,104545.0,1.0,206.0,32.7,111202.0,1.0,188.0,21.6,3.0,5.0,16.0,2265.0,62.0,832.0,2018.0,1.0
113824,3.0,2.0,103819.0,1.0,185.0,31.2,103970.0,1.0,175.0,30.5,3.0,8.0,2.0,9465.0,5.0,6030.0,2012.0,0.0
93501,1.0,0.0,100644.0,1.0,198.0,19.0,105676.0,1.0,180.0,25.3,3.0,3.0,49.0,920.0,13.0,2605.0,2016.0,0.0
74540,3.0,3.0,104925.0,1.0,188.0,24.2,103819.0,1.0,185.0,30.0,5.0,9.0,1.0,13920.0,3.0,8380.0,2011.0,0.0
129452,3.0,0.0,103602.0,1.0,183.0,28.0,104745.0,0.0,185.0,22.1,5.0,2.0,15.0,1340.0,2.0,6305.0,2008.0,1.0
203633,3.0,3.0,104678.0,1.0,193.0,23.9,104252.0,1.0,190.0,26.2,5.0,7.0,30.0,1220.0,60.0,746.0,2010.0,1.0
191446,1.0,3.0,105526.0,1.0,193.0,24.0,104792.0,1.0,193.0,27.7,5.0,7.0,62.0,753.0,28.0,1390.0,2014.0,1.0
143452,1.0,3.0,103990.0,1.0,180.0,33.0,106432.0,1.0,188.0,18.5,5.0,7.0,19.0,1755.0,46.0,970.0,2015.0,1.0
161162,1.0,3.0,105807.0,1.0,188.0,29.8,126774.0,1.0,193.0,22.8,5.0,5.0,12.0,3085.0,5.0,7500.0,2021.0,1.0
15010,3.0,2.0,104925.0,1.0,188.0,20.4,104745.0,0.0,185.0,21.4,3.0,8.0,3.0,4470.0,2.0,5535.0,2007.0,1.0
9451,3.0,3.0,104542.0,1.0,188.0,23.7,104269.0,0.0,188.0,25.1,5.0,3.0,7.0,3995.0,15.0,2830.0,2009.0,1.0
111591,1.0,0.0,105332.0,1.0,196.0,28.9,111797.0,1.0,198.0,22.5,3.0,7.0,47.0,1020.0,64.0,822.0,2018.0,0.0
144131,1.0,0.0,103428.0,1.0,190.0,24.4,102860.0,1.0,183.0,27.4,3.0,3.0,41.0,900.0,21.0,1285.0,2004.0,1.0
56505,3.0,4.0,103819.0,1.0,185.0,37.0,105676.0,1.0,180.0,27.6,3.0,9.0,2.0,6480.0,11.0,3085.0,2018.0,0.0
14952,1.0,4.0,104871.0,1.0,188.0,26.2,104468.0,1.0,183.0,28.3,3.0,6.0,29.0,1266.0,17.0,1940.0,2013.0,1.0
182363,1.0,4.0,102783.0,1.0,180.0,28.0,102434.0,1.0,183.0,29.7,3.0,7.0,5.0,2560.0,34.0,950.0,2004.0,1.0
153750,3.0,3.0,104527.0,1.0,183.0,30.4,104731.0,1.0,203.0,29.2,5.0,3.0,5.0,5710.0,14.0,2160.0,2015.0,0.0
92105,3.0,4.0,104339.0,1.0,196.0,23.9,104918.0,1.0,190.0,20.8,3.0,7.0,63.0,565.0,13.0,1525.0,2008.0,0.0
143120,3.0,0.0,200000.0,1.0,193.0,19.5,104792.0,1.0,193.0,33.4,3.0,2.0,21.0,1666.0,9.0,2860.0,2020.0,1.0
200782,1.0,0.0,104926.0,1.0,178.0,24.1,103781.0,0.0,183.0,30.1,3.0,5.0,38.0,1140.0,12.0,2085.0,2011.0,1.0
107861,2.0,0.0,104797.0,1.0,188.0,24.7,104542.0,1.0,188.0,26.1,3.0,6.0,61.0,840.0,19.0,1585.0,2011.0,1.0
174109,1.0,0.0,103908.0,1.0,185.0,21.5,102783.0,1.0,180.0,27.2,3.0,6.0,63.0,640.0,8.0,2020.0,2003.0,0.0
48651,2.0,3.0,104339.0,1.0,196.0,24.2,104269.0,0.0,188.0,24.6,5.0,5.0,43.0,845.0,18.0,1300.0,2008.0,0.0
123685,1.0,3.0,103794.0,1.0,178.0,33.9,105453.0,1.0,178.0,25.4,5.0,6.0,48.0,965.0,5.0,5220.0,2015.0,1.0
51781,2.0,0.0,105379.0,1.0,181.0,26.9,105332.0,1.0,196.0,27.0,3.0,6.0,58.0,845.0,23.0,1596.0,2016.0,0.0
107655,3.0,0.0,103694.0,1.0,168.0,28.7,103819.0,1.0,185.0,28.2,3.0,6.0,61.0,743.0,1.0,10055.0,2009.0,1.0
117749,3.0,3.0,105238.0,1.0,180.0,25.1,104871.0,1.0,188.0,26.9,5.0,7.0,56.0,825.0,31.0,1255.0,2014.0,1.0
36268,3.0,4.0,104607.0,1.0,196.0,24.0,104468.0,1.0,183.0,24.7,3.0,5.0,20.0,1740.0,10.0,3285.0,2009.0,1.0
141529,1.0,4.0,103786.0,1.0,178.0,24.9,104339.0,1.0,196.0,22.1,3.0,3.0,6.0,2345.0,13.0,1505.0,2006.0,1.0
123331,3.0,4.0,104468.0,1.0,183.0,23.7,103484.0,1.0,185.0,28.7,3.0,6.0,16.0,1390.0,11.0,1625.0,2008.0,0.0
53695,3.0,3.0,105227.0,1.0,198.0,25.9,104468.0,1.0,183.0,29.6,5.0,5.0,16.0,1845.0,31.0,1180.0,2014.0,0.0
142129,1.0,0.0,103990.0,1.0,180.0,20.9,102148.0,1.0,178.0,30.3,3.0,7.0,23.0,1295.0,53.0,745.0,2003.0,0.0
137278,3.0,4.0,104068.0,1.0,183.0,20.8,103285.0,1.0,185.0,24.7,3.0,7.0,43.0,817.0,47.0,805.0,2003.0,0.0
109376,3.0,0.0,102035.0,1.0,183.0,32.3,103888.0,1.0,188.0,22.6,3.0,7.0,33.0,900.0,35.0,865.0,2004.0,1.0
51200,3.0,0.0,111815.0,0.0,188.0,27.1,208029.0,1.0,185.0,19.4,3.0,3.0,14.0,2490.0,27.0,1461.0,2022.0,1.0
109490,3.0,3.0,103786.0,1.0,178.0,25.2,103819.0,1.0,185.0,25.0,5.0,9.0,6.0,2175.0,1.0,7295.0,2006.0,1.0
12645,2.0,3.0,103908.0,1.0,185.0,25.4,103344.0,1.0,193.0,28.2,5.0,6.0,39.0,825.0,12.0,1940.0,2007.0,0.0
122814,1.0,3.0,104926.0,1.0,178.0,26.0,104745.0,0.0,185.0,26.9,5.0,6.0,29.0,1345.0,4.0,6895.0,2013.0,1.0
184641,3.0,0.0,104542.0,1.0,188.0,32.5,106298.0,1.0,185.0,23.6,3.0,2.0,15.0,2490.0,25.0,1780.0,2017.0,1.0
77854,1.0,3.0,104745.0,0.0,185.0,30.9,104898.0,1.0,190.0,30.1,5.0,7.0,4.0,5375.0,46.0,948.0,2017.0,0.0
27214,2.0,3.0,103344.0,1.0,193.0,26.2,103781.0,0.0,183.0,24.0,5.0,4.0,16.0,1435.0,38.0,895.0,2005.0,1.0
187596,3.0,4.0,105223.0,1.0,198.0,29.1,105311.0,1.0,185.0,28.5,3.0,6.0,17.0,2435.0,58.0,825.0,2017.0,0.0
18715,3.0,4.0,103103.0,1.0,183.0,27.5,102562.0,1.0,190.0,30.3,3.0,6.0,26.0,1241.0,23.0,1275.0,2005.0,0.0
18136,3.0,4.0,104035.0,1.0,183.0,26.6,103285.0,1.0,185.0,30.3,3.0,7.0,64.0,1083.0,19.0,2470.0,2009.0,1.0
91468,3.0,0.0,103898.0,1.0,185.0,31.7,105173.0,0.0,183.0,25.2,3.0,3.0,33.0,1185.0,62.0,780.0,2013.0,0.0
29269,1.0,0.0,104745.0,0.0,185.0,19.1,103292.0,1.0,175.0,26.6,5.0,2.0,3.0,3750.0,13.0,1590.0,2005.0,0.0
204489,1.0,0.0,103794.0,1.0,178.0,25.8,104022.0,1.0,183.0,24.8,3.0,5.0,44.0,761.0,17.0,1575.0,2007.0,1.0
107599,1.0,0.0,103970.0,1.0,175.0,36.1,105376.0,1.0,185.0,28.8,3.0,5.0,42.0,1190.0,49.0,1045.0,2018.0,1.0
158043,1.0,0.0,126207.0,1.0,188.0,24.2,200624.0,1.0,196.0,21.8,3.0,9.0,29.0,1513.0,37.0,1215.0,2022.0,0.0
119936,3.0,0.0,104755.0,1.0,185.0,29.2,105138.0,1.0,183.0,27.4,3.0,6.0,11.0,2445.0,22.0,1510.0,2015.0,1.0
201680,0.0,0.0,102905.0,0.0,175.0,26.7,104022.0,1.0,183.0,21.2,3.0,6.0,63.0,595.0,36.0,1000.0,2003.0,0.0
101726,3.0,4.0,105373.0,0.0,190.0,23.3,104312.0,1.0,190.0,28.6,3.0,7.0,29.0,1193.0,22.0,1620.0,2012.0,1.0
137765,3.0,4.0,104745.0,0.0,185.0,22.3,103852.0,0.0,188.0,27.0,3.0,3.0,1.0,7000.0,40.0,865.0,2008.0,0.0
128658,3.0,0.0,104053.0,1.0,188.0,24.9,102703.0,1.0,180.0,31.5,3.0,3.0,5.0,3165.0,38.0,776.0,2007.0,0.0
69603,2.0,3.0,106210.0,0.0,198.0,22.9,106233.0,1.0,185.0,22.8,5.0,7.0,64.0,780.0,8.0,3175.0,2016.0,0.0
180149,1.0,0.0,104898.0,1.0,190.0,24.1,104660.0,1.0,193.0,25.3,3.0,5.0,59.0,863.0,34.0,1170.0,2011.0,0.0
95141,3.0,3.0,105138.0,1.0,183.0,26.7,104180.0,0.0,193.0,31.6,5.0,7.0,16.0,2110.0,42.0,964.0,2015.0,1.0
32004,3.0,0.0,105453.0,1.0,178.0,31.2,105676.0,1.0,180.0,30.2,3.0,6.0,41.0,1423.0,13.0,2795.0,2021.0,0.0
74943,3.0,0.0,104926.0,1.0,178.0,33.8,111815.0,0.0,188.0,25.5,3.0,5.0,17.0,2530.0,61.0,1070.0,2021.0,1.0
79754,3.0,3.0,104745.0,0.0,185.0,33.2,106043.0,1.0,170.0,27.0,5.0,3.0,2.0,7945.0,21.0,1725.0,2019.0,0.0
97418,1.0,4.0,104678.0,1.0,193.0,25.1,104926.0,1.0,178.0,23.8,3.0,6.0,16.0,1790.0,53.0,935.0,2011.0,0.0
154522,1.0,4.0,105550.0,0.0,185.0,28.9,106421.0,1.0,198.0,23.2,3.0,7.0,26.0,1470.0,14.0,2625.0,2019.0,0.0
191116,3.0,4.0,103990.0,1.0,180.0,26.4,104269.0,0.0,188.0,24.9,3.0,6.0,19.0,1285.0,17.0,1345.0,2008.0,1.0
132924,1.0,4.0,104597.0,1.0,183.0,20.7,103786.0,1.0,178.0,24.9,3.0,5.0,54.0,714.0,6.0,2495.0,2006.0,0.0
142657,3.0,4.0,104792.0,1.0,193.0,28.9,105668.0,1.0,203.0,24.7,3.0,7.0,16.0,1930.0,52.0,850.0,2015.0,1.0
143215,3.0,4.0,103498.0,1.0,193.0,24.7,103632.0,1.0,180.0,24.0,3.0,3.0,9.0,1840.0,41.0,845.0,2004.0,0.0
99288,3.0,0.0,103333.0,1.0,208.0,28.9,104571.0,1.0,183.0,22.6,3.0,5.0,23.0,1430.0,17.0,1505.0,2008.0,1.0
66097,3.0,0.0,106233.0,1.0,185.0,23.0,104468.0,1.0,183.0,31.7,3.0,9.0,10.0,3295.0,28.0,1420.0,2016.0,0.0
152567,3.0,1.0,105173.0,0.0,183.0,34.2,106214.0,1.0,196.0,29.1,3.0,8.0,47.0,956.0,52.0,875.0,2022.0,0.0
137759,1.0,4.0,103970.0,1.0,175.0,24.1,103507.0,1.0,183.0,26.2,3.0,5.0,20.0,1385.0,28.0,1110.0,2006.0,0.0
158398,3.0,3.0,106401.0,1.0,193.0,24.7,104745.0,0.0,185.0,33.6,5.0,5.0,26.0,1520.0,1.0,10235.0,2020.0,1.0
169449,3.0,0.0,103898.0,1.0,185.0,28.1,103722.0,1.0,180.0,28.9,3.0,5.0,39.0,1004.0,59.0,745.0,2010.0,0.0
107248,3.0,0.0,104926.0,1.0,178.0,32.6,104545.0,1.0,206.0,34.6,3.0,8.0,12.0,2290.0,19.0,1770.0,2020.0,0.0
67268,3.0,4.0,104542.0,1.0,188.0,31.4,105138.0,1.0,183.0,28.4,3.0,3.0,13.0,2625.0,19.0,1950.0,2016.0,1.0
134335,1.0,0.0,106426.0,1.0,185.0,25.7,105948.0,1.0,180.0,29.9,3.0,6.0,19.0,2193.0,63.0,1001.0,2022.0,1.0
124615,3.0,0.0,100644.0,1.0,198.0,24.5,105936.0,1.0,185.0,29.6,3.0,6.0,4.0,6680.0,40.0,1402.0,2021.0,0.0
26058,3.0,0.0,104312.0,1.0,190.0,34.9,105916.0,1.0,188.0,26.9,3.0,6.0,37.0,1080.0,47.0,959.0,2019.0,1.0
158725,1.0,3.0,105208.0,1.0,190.0,20.7,104597.0,1.0,183.0,23.7,5.0,7.0,40.0,1360.0,34.0,1525.0,2009.0,1.0
157741,1.0,0.0,104214.0,1.0,185.0,24.0,104386.0,1.0,180.0,23.0,3.0,6.0,54.0,670.0,47.0,711.0,2007.0,0.0
168674,2.0,0.0,103694.0,1.0,168.0,24.3,103971.0,1.0,180.0,23.1,3.0,5.0,36.0,921.0,45.0,812.0,2005.0,0.0
119748,3.0,0.0,103206.0,1.0,175.0,27.1,104607.0,1.0,196.0,19.8,3.0,5.0,35.0,970.0,36.0,941.0,2005.0,1.0
206556,1.0,4.0,100644.0,1.0,198.0,19.9,104745.0,0.0,185.0,30.8,3.0,5.0,20.0,2005.0,7.0,3735.0,2017.0,1.0
11966,1.0,3.0,103786.0,1.0,178.0,27.9,104417.0,1.0,193.0,24.7,5.0,3.0,11.0,2945.0,25.0,1775.0,2009.0,1.0
38377,3.0,3.0,103163.0,1.0,188.0,26.4,103206.0,1.0,175.0,26.2,5.0,7.0,45.0,780.0,13.0,1655.0,2004.0,0.0
63841,3.0,4.0,105807.0,1.0,188.0,26.2,105077.0,0.0,188.0,29.7,3.0,6.0,11.0,2855.0,25.0,1755.0,2017.0,1.0
176699,3.0,0.0,104755.0,1.0,185.0,26.6,105332.0,1.0,196.0,23.7,3.0,2.0,10.0,2720.0,43.0,900.0,2013.0,0.0
137579,3.0,4.0,102783.0,1.0,180.0,32.9,104468.0,1.0,183.0,24.2,3.0,6.0,31.0,1730.0,8.0,3930.0,2009.0,1.0
35922,3.0,0.0,144684.0,0.0,178.0,24.8,126239.0,1.0,196.0,27.2,3.0,5.0,46.0,962.0,51.0,897.0,2022.0,1.0
126976,3.0,4.0,106421.0,1.0,198.0,25.4,122330.0,1.0,196.0,24.1,3.0,6.0,2.0,9643.0,38.0,1611.0,2021.0,0.0
180124,3.0,0.0,105932.0,1.0,185.0,28.8,200282.0,1.0,183.0,21.8,3.0,3.0,40.0,1395.0,23.0,1860.0,2021.0,1.0
198251,3.0,0.0,105138.0,1.0,183.0,26.8,106233.0,1.0,185.0,21.4,3.0,3.0,16.0,1975.0,48.0,897.0,2015.0,0.0
31157,3.0,0.0,133430.0,0.0,185.0,18.8,111577.0,1.0,188.0,21.3,3.0,5.0,46.0,1031.0,57.0,878.0,2018.0,0.0
178967,3.0,0.0,103813.0,0.0,185.0,33.0,105676.0,1.0,180.0,23.6,3.0,5.0,54.0,838.0,62.0,793.0,2014.0,1.0
158867,3.0,1.0,105554.0,1.0,175.0,29.4,105526.0,1.0,193.0,29.5,3.0,8.0,42.0,1124.0,35.0,1245.0,2019.0,0.0
138256,3.0,0.0,111202.0,1.0,188.0,21.4,103893.0,1.0,183.0,35.8,3.0,6.0,57.0,877.0,41.0,1155.0,2017.0,0.0
88903,3.0,0.0,128034.0,1.0,196.0,24.8,105138.0,1.0,183.0,33.7,3.0,9.0,9.0,3706.0,19.0,2260.0,2022.0,1.0
191047,3.0,0.0,104076.0,1.0,190.0,26.8,103990.0,1.0,180.0,27.3,3.0,6.0,52.0,960.0,15.0,2165.0,2009.0,0.0
133434,3.0,0.0,104259.0,1.0,178.0,34.9,126774.0,1.0,193.0,20.1,3.0,3.0,35.0,1215.0,16.0,2007.0,2018.0,1.0
144535,0.0,0.0,103602.0,1.0,183.0,26.2,103888.0,1.0,188.0,24.8,3.0,5.0,7.0,2190.0,49.0,761.0,2006.0,0.0
151603,1.0,0.0,103428.0,1.0,190.0,30.8,104660.0,1.0,193.0,24.5,3.0,7.0,53.0,853.0,48.0,925.0,2010.0,0.0
142216,3.0,4.0,104053.0,1.0,188.0,21.1,103454.0,1.0,183.0,24.0,3.0,5.0,2.0,4165.0,21.0,1192.0,2003.0,1.0
124746,1.0,3.0,106401.0,1.0,193.0,21.0,104755.0,1.0,185.0,29.9,5.0,6.0,19.0,1855.0,12.0,2725.0,2016.0,1.0
159483,3.0,4.0,103103.0,1.0,183.0,28.5,103898.0,1.0,185.0,24.6,3.0,6.0,21.0,1290.0,57.0,703.0,2006.0,1.0
203603,1.0,4.0,103018.0,1.0,196.0,29.7,104571.0,1.0,183.0,21.8,3.0,7.0,54.0,670.0,18.0,1315.0,2007.0,0.0
77693,1.0,0.0,103656.0,1.0,175.0,33.3,105238.0,1.0,180.0,25.4,3.0,6.0,59.0,810.0,22.0,1690.0,2014.0,0.0
202792,1.0,4.0,104593.0,1.0,185.0,27.7,104755.0,1.0,185.0,26.8,3.0,6.0,52.0,837.0,9.0,3260.0,2013.0,0.0
71614,2.0,0.0,103789.0,0.0,188.0,23.0,103758.0,1.0,188.0,23.1,3.0,6.0,46.0,765.0,31.0,945.0,2004.0,1.0
173635,3.0,4.0,104607.0,1.0,196.0,26.4,104053.0,1.0,188.0,29.5,3.0,6.0,7.0,3860.0,31.0,1210.0,2012.0,0.0
166029,1.0,0.0,104545.0,1.0,206.0,30.0,106233.0,1.0,185.0,21.7,3.0,9.0,17.0,1935.0,42.0,995.0,2015.0,1.0
70757,3.0,0.0,104925.0,1.0,188.0,23.3,104545.0,1.0,206.0,25.4,3.0,9.0,2.0,7145.0,22.0,1715.0,2010.0,0.0
169108,1.0,4.0,104925.0,1.0,188.0,19.9,102845.0,1.0,190.0,30.7,3.0,3.0,6.0,2735.0,36.0,860.0,2007.0,1.0
109952,3.0,0.0,103786.0,1.0,178.0,24.5,103294.0,1.0,170.0,27.0,3.0,6.0,5.0,2390.0,41.0,795.0,2006.0,0.0
9702,1.0,4.0,106378.0,1.0,188.0,23.3,104925.0,1.0,188.0,30.9,3.0,6.0,22.0,1757.0,12.0,2220.0,2018.0,0.0
52487,3.0,0.0,103103.0,1.0,183.0,27.7,104792.0,1.0,193.0,19.0,3.0,9.0,20.0,1276.0,45.0,814.0,2005.0,1.0
43929,3.0,0.0,104468.0,1.0,183.0,25.7,105023.0,1.0,198.0,22.9,3.0,6.0,43.0,1055.0,21.0,1795.0,2010.0,0.0
111820,2.0,0.0,103096.0,1.0,173.0,28.4,102148.0,1.0,178.0,33.5,3.0,5.0,59.0,650.0,49.0,777.0,2006.0,1.0
17902,3.0,3.0,104792.0,1.0,193.0,22.9,104676.0,0.0,190.0,23.5,5.0,7.0,13.0,2475.0,40.0,1115.0,2009.0,0.0
191782,3.0,0.0,104291.0,1.0,185.0,32.5,104542.0,1.0,188.0,31.3,3.0,7.0,59.0,812.0,9.0,2995.0,2016.0,1.0
67753,3.0,0.0,104269.0,0.0,188.0,25.7,104312.0,1.0,190.0,25.5,3.0,5.0,10.0,3015.0,48.0,990.0,2009.0,0.0
67846,3.0,0.0,105676.0,1.0,180.0,23.6,103813.0,0.0,185.0,33.0,3.0,5.0,62.0,793.0,54.0,838.0,2014.0,0.0
125890,2.0,3.0,104312.0,1.0,190.0,27.3,104571.0,1.0,183.0,26.0,5.0,7.0,38.0,1165.0,30.0,1295.0,2011.0,1.0
14216,1.0,4.0,122298.0,1.0,188.0,26.5,105676.0,1.0,180.0,31.4,3.0,6.0,31.0,1294.0,60.0,913.0,2022.0,1.0
86633,0.0,4.0,104068.0,1.0,183.0,23.0,103292.0,1.0,175.0,26.8,3.0,5.0,18.0,1460.0,11.0,1730.0,2005.0,1.0
206808,2.0,3.0,105723.0,1.0,185.0,25.3,104655.0,1.0,180.0,30.4,5.0,4.0,42.0,1013.0,24.0,1555.0,2016.0,0.0
155590,1.0,0.0,103176.0,1.0,183.0,25.8,102845.0,1.0,190.0,27.5,3.0,6.0,56.0,636.0,7.0,2290.0,2004.0,1.0
91274,1.0,0.0,103507.0,1.0,183.0,25.4,103813.0,0.0,185.0,24.0,3.0,6.0,28.0,1170.0,56.0,662.0,2005.0,0.0
85890,3.0,3.0,103428.0,1.0,190.0,23.3,102950.0,1.0,180.0,25.8,5.0,7.0,26.0,1190.0,58.0,671.0,2003.0,1.0
121257,3.0,0.0,100644.0,1.0,198.0,21.4,104291.0,1.0,185.0,34.6,3.0,5.0,5.0,4890.0,61.0,854.0,2018.0,1.0
127508,1.0,4.0,104925.0,1.0,188.0,31.9,104745.0,0.0,185.0,32.9,3.0,2.0,1.0,12115.0,2.0,7945.0,2019.0,1.0
164723,2.0,0.0,105932.0,1.0,185.0,29.3,144750.0,1.0,193.0,24.3,3.0,3.0,30.0,1820.0,51.0,1198.0,2021.0,0.0
198869,3.0,3.0,105173.0,0.0,183.0,26.5,103852.0,0.0,188.0,33.3,5.0,7.0,36.0,1043.0,14.0,2130.0,2015.0,1.0
197662,2.0,3.0,103819.0,1.0,185.0,39.8,111815.0,0.0,188.0,25.8,5.0,6.0,8.0,4815.0,34.0,1770.0,2021.0,0.0
36427,1.0,4.0,103819.0,1.0,185.0,31.7,104468.0,1.0,183.0,28.3,3.0,5.0,3.0,7760.0,17.0,1940.0,2013.0,0.0
65814,3.0,4.0,105577.0,1.0,193.0,23.6,105062.0,1.0,183.0,26.1,3.0,7.0,27.0,1359.0,58.0,781.0,2014.0,1.0
109013,3.0,3.0,104053.0,1.0,188.0,21.3,102854.0,1.0,193.0,27.3,5.0,5.0,1.0,4535.0,17.0,1445.0,2004.0,0.0
9996,1.0,4.0,104527.0,1.0,183.0,27.0,104597.0,1.0,183.0,26.6,3.0,5.0,26.0,1290.0,12.0,2265.0,2012.0,0.0
195646,1.0,0.0,105077.0,0.0,188.0,24.4,104665.0,1.0,180.0,26.4,3.0,6.0,46.0,880.0,36.0,985.0,2012.0,0.0
15639,3.0,4.0,126239.0,1.0,196.0,26.6,126127.0,1.0,185.0,25.7,3.0,4.0,57.0,986.0,62.0,909.0,2022.0,1.0
136475,3.0,0.0,103333.0,1.0,208.0,29.6,103507.0,1.0,183.0,28.6,3.0,6.0,14.0,1420.0,44.0,815.0,2008.0,1.0
25012,1.0,4.0,104259.0,1.0,178.0,34.5,106058.0,1.0,185.0,25.6,3.0,6.0,28.0,1530.0,14.0,2155.0,2018.0,0.0
144351,2.0,0.0,200325.0,1.0,188.0,23.2,125802.0,1.0,193.0,28.3,3.0,6.0,48.0,1015.0,40.0,1082.0,2022.0,1.0
203890,3.0,4.0,102845.0,1.0,190.0,27.9,103344.0,1.0,193.0,25.3,3.0,6.0,4.0,2510.0,26.0,1090.0,2004.0,0.0
178247,3.0,0.0,128034.0,1.0,196.0,23.6,105138.0,1.0,183.0,32.4,3.0,3.0,31.0,1468.0,13.0,2665.0,2020.0,1.0
86351,3.0,3.0,103917.0,1.0,190.0,25.9,104076.0,1.0,190.0,25.2,5.0,4.0,44.0,683.0,63.0,581.0,2008.0,0.0
188393,3.0,3.0,103970.0,1.0,175.0,29.7,104755.0,1.0,185.0,25.5,5.0,5.0,5.0,4925.0,18.0,1765.0,2012.0,0.0
145982,1.0,0.0,202104.0,1.0,170.0,21.5,200221.0,1.0,183.0,23.0,3.0,5.0,34.0,1168.0,36.0,1110.0,2022.0,0.0
186443,3.0,3.0,103387.0,1.0,185.0,24.1,103103.0,1.0,183.0,25.6,5.0,7.0,11.0,1730.0,53.0,695.0,2003.0,0.0
130544,3.0,2.0,105227.0,1.0,198.0,30.1,104545.0,1.0,206.0,33.5,3.0,8.0,7.0,4050.0,10.0,3155.0,2018.0,0.0
150774,3.0,3.0,124187.0,1.0,211.0,23.4,126203.0,1.0,193.0,23.2,5.0,7.0,38.0,1422.0,31.0,1695.0,2021.0,1.0
189922,3.0,0.0,103598.0,1.0,185.0,32.1,105332.0,1.0,196.0,23.3,3.0,6.0,58.0,776.0,51.0,803.0,2012.0,1.0
65278,3.0,0.0,111456.0,1.0,178.0,26.7,126239.0,1.0,196.0,26.4,3.0,6.0,55.0,1094.0,58.0,1057.0,2022.0,1.0
14971,1.0,4.0,104890.0,1.0,190.0,28.0,104925.0,1.0,188.0,27.8,3.0,5.0,52.0,876.0,1.0,13205.0,2015.0,1.0
20829,3.0,4.0,104417.0,1.0,193.0,25.6,104607.0,1.0,196.0,24.5,3.0,9.0,7.0,4245.0,20.0,1760.0,2010.0,1.0
739,1.0,4.0,106234.0,1.0,185.0,28.6,105676.0,1.0,180.0,31.4,3.0,7.0,34.0,1253.0,60.0,913.0,2022.0,1.0
68839,3.0,0.0,103163.0,1.0,188.0,30.2,104468.0,1.0,183.0,23.5,3.0,3.0,46.0,825.0,25.0,1070.0,2008.0,1.0
162375,3.0,4.0,104468.0,1.0,183.0,29.7,103852.0,0.0,188.0,33.0,3.0,9.0,29.0,1220.0,21.0,1745.0,2014.0,0.0
201858,3.0,4.0,105138.0,1.0,183.0,26.5,105683.0,1.0,196.0,23.8,3.0,5.0,15.0,2065.0,10.0,3930.0,2014.0,1.0
97694,2.0,3.0,104925.0,1.0,188.0,25.0,104252.0,1.0,190.0,28.7,5.0,3.0,1.0,12280.0,29.0,1230.0,2012.0,0.0
199932,3.0,4.0,103428.0,1.0,190.0,26.9,104053.0,1.0,188.0,23.9,3.0,5.0,35.0,940.0,12.0,1740.0,2006.0,1.0
119911,3.0,0.0,103285.0,1.0,185.0,25.1,102035.0,1.0,183.0,31.7,3.0,6.0,46.0,800.0,30.0,1068.0,2004.0,1.0
140045,2.0,3.0,104731.0,1.0,203.0,32.1,104792.0,1.0,193.0,31.8,5.0,5.0,8.0,3635.0,44.0,1070.0,2018.0,0.0
121818,1.0,0.0,103908.0,1.0,185.0,27.3,104022.0,1.0,183.0,26.8,3.0,3.0,39.0,1455.0,64.0,1045.0,2009.0,1.0
200509,3.0,0.0,200000.0,1.0,193.0,22.2,207989.0,1.0,185.0,19.4,3.0,9.0,9.0,3315.0,1.0,6730.0,2022.0,0.0
189043,2.0,0.0,133430.0,0.0,185.0,19.1,111577.0,1.0,188.0,21.7,3.0,5.0,26.0,1553.0,54.0,945.0,2018.0,0.0
19258,3.0,0.0,104571.0,1.0,183.0,28.1,105453.0,1.0,178.0,23.5,3.0,5.0,44.0,915.0,11.0,2495.0,2013.0,0.0
157457,3.0,4.0,104053.0,1.0,188.0,24.5,103970.0,1.0,175.0,24.9,3.0,5.0,3.0,2980.0,14.0,1765.0,2007.0,0.0
95631,3.0,4.0,105676.0,1.0,180.0,27.6,103819.0,1.0,185.0,37.0,3.0,9.0,11.0,3085.0,2.0,6480.0,2018.0,1.0
187744,3.0,4.0,104745.0,0.0,185.0,30.7,104269.0,0.0,188.0,33.3,3.0,6.0,6.0,4415.0,29.0,1325.0,2017.0,0.0
100240,3.0,4.0,106043.0,1.0,170.0,29.9,144684.0,0.0,178.0,24.7,3.0,7.0,16.0,2200.0,39.0,1086.0,2022.0,0.0
113346,3.0,4.0,103908.0,1.0,185.0,27.1,104918.0,1.0,190.0,21.8,3.0,6.0,33.0,1655.0,4.0,7400.0,2009.0,1.0
167222,1.0,0.0,104269.0,0.0,188.0,32.4,105807.0,1.0,188.0,24.7,3.0,6.0,51.0,900.0,50.0,919.0,2016.0,1.0
51972,3.0,0.0,105577.0,1.0,193.0,24.0,104755.0,1.0,185.0,28.1,3.0,9.0,36.0,1115.0,14.0,2370.0,2014.0,0.0
106575,1.0,0.0,103990.0,1.0,180.0,28.7,104926.0,1.0,178.0,23.6,3.0,9.0,40.0,1060.0,56.0,855.0,2011.0,0.0
35490,1.0,4.0,103970.0,1.0,175.0,21.0,103292.0,1.0,175.0,24.3,3.0,7.0,56.0,722.0,20.0,1335.0,2003.0,1.0
102321,3.0,4.0,103786.0,1.0,178.0,26.4,104571.0,1.0,183.0,22.3,3.0,5.0,4.0,3250.0,22.0,1375.0,2007.0,1.0
81878,1.0,0.0,105807.0,1.0,188.0,25.5,105077.0,0.0,188.0,29.0,3.0,3.0,25.0,1450.0,26.0,1400.0,2017.0,0.0
115981,3.0,0.0,102882.0,1.0,196.0,27.1,102905.0,0.0,175.0,27.0,3.0,6.0,9.0,1615.0,53.0,670.0,2004.0,1.0
93042,1.0,4.0,102845.0,1.0,190.0,31.7,103898.0,1.0,185.0,26.3,3.0,7.0,12.0,1440.0,60.0,585.0,2008.0,0.0
125562,1.0,4.0,104571.0,1.0,183.0,21.8,104925.0,1.0,188.0,19.9,3.0,5.0,18.0,1335.0,5.0,2720.0,2007.0,1.0
140241,3.0,2.0,104269.0,0.0,188.0,26.0,105223.0,1.0,198.0,21.1,3.0,8.0,8.0,3300.0,5.0,5985.0,2009.0,1.0
41183,3.0,3.0,104745.0,0.0,185.0,32.2,106233.0,1.0,185.0,24.9,5.0,3.0,1.0,10040.0,9.0,3485.0,2018.0,0.0
13100,3.0,0.0,105453.0,1.0,178.0,21.6,104338.0,1.0,185.0,27.3,3.0,5.0,48.0,900.0,36.0,1170.0,2011.0,1.0
136984,1.0,0.0,105077.0,0.0,188.0,33.2,105807.0,1.0,188.0,29.7,3.0,9.0,47.0,1360.0,15.0,2630.0,2021.0,1.0
17080,2.0,0.0,104229.0,1.0,180.0,28.8,103333.0,1.0,208.0,33.2,3.0,6.0,57.0,765.0,56.0,776.0,2012.0,0.0
195203,3.0,0.0,103908.0,1.0,185.0,25.1,104269.0,0.0,188.0,23.2,3.0,8.0,64.0,580.0,33.0,910.0,2007.0,1.0
122567,1.0,0.0,126207.0,1.0,188.0,20.3,105916.0,1.0,188.0,26.2,3.0,5.0,61.0,883.0,60.0,884.0,2018.0,1.0
109656,3.0,0.0,104025.0,1.0,196.0,25.0,105223.0,1.0,198.0,18.8,3.0,6.0,60.0,587.0,56.0,619.0,2007.0,1.0
5837,3.0,3.0,105683.0,1.0,196.0,28.0,100644.0,1.0,198.0,21.7,5.0,5.0,17.0,1900.0,4.0,6385.0,2019.0,0.0
111856,1.0,4.0,105453.0,1.0,178.0,26.3,104925.0,1.0,188.0,28.9,3.0,9.0,6.0,4290.0,1.0,16550.0,2016.0,1.0
154197,3.0,0.0,106432.0,1.0,188.0,20.2,105227.0,1.0,198.0,28.4,3.0,5.0,64.0,770.0,8.0,3410.0,2017.0,1.0
11146,3.0,4.0,104792.0,1.0,193.0,22.5,104053.0,1.0,188.0,26.5,3.0,5.0,10.0,3550.0,6.0,4610.0,2009.0,1.0
111363,3.0,4.0,104755.0,1.0,185.0,26.3,103285.0,1.0,185.0,33.8,3.0,6.0,13.0,2370.0,41.0,935.0,2012.0,1.0
4929,3.0,0.0,104527.0,1.0,183.0,22.7,102860.0,1.0,183.0,31.2,3.0,3.0,36.0,820.0,42.0,715.0,2007.0,0.0
92193,3.0,0.0,103813.0,0.0,185.0,24.1,102563.0,1.0,180.0,30.4,3.0,5.0,36.0,912.0,15.0,1420.0,2005.0,1.0
140977,3.0,3.0,106401.0,1.0,193.0,19.3,104022.0,1.0,183.0,32.1,5.0,4.0,60.0,805.0,23.0,1540.0,2014.0,0.0
55424,1.0,0.0,111815.0,0.0,188.0,23.4,105583.0,1.0,180.0,28.6,3.0,6.0,62.0,762.0,43.0,1010.0,2019.0,0.0
153705,3.0,0.0,103843.0,1.0,185.0,28.8,103285.0,1.0,185.0,31.6,3.0,6.0,63.0,762.0,29.0,1400.0,2010.0,0.0
123873,0.0,1.0,103819.0,1.0,185.0,26.1,104607.0,1.0,196.0,21.9,5.0,8.0,1.0,7605.0,10.0,1925.0,2007.0,0.0
34261,3.0,0.0,103103.0,1.0,183.0,28.6,104339.0,1.0,196.0,22.4,3.0,3.0,28.0,1055.0,12.0,1800.0,2006.0,1.0
195257,1.0,0.0,126610.0,1.0,196.0,26.2,124079.0,1.0,185.0,25.2,3.0,3.0,15.0,2280.0,52.0,940.0,2022.0,0.0
27961,3.0,0.0,105676.0,1.0,180.0,31.1,105173.0,0.0,183.0,33.5,3.0,5.0,52.0,1141.0,58.0,1049.0,2022.0,1.0
198886,1.0,4.0,104468.0,1.0,183.0,22.3,103786.0,1.0,178.0,25.9,3.0,6.0,54.0,675.0,3.0,2955.0,2007.0,1.0
131904,3.0,1.0,104252.0,1.0,190.0,20.9,103103.0,1.0,183.0,26.7,5.0,8.0,34.0,942.0,18.0,1393.0,2004.0,1.0
170813,3.0,4.0,105223.0,1.0,198.0,28.8,104545.0,1.0,206.0,32.2,3.0,7.0,31.0,1325.0,19.0,2145.0,2017.0,0.0
183354,3.0,0.0,104925.0,1.0,188.0,22.7,104022.0,1.0,183.0,27.6,3.0,9.0,2.0,8310.0,20.0,1770.0,2010.0,1.0
161180,3.0,3.0,102854.0,1.0,193.0,28.3,104026.0,1.0,198.0,22.5,5.0,4.0,61.0,635.0,11.0,1745.0,2005.0,1.0
99475,1.0,0.0,104269.0,0.0,188.0,24.6,104214.0,1.0,185.0,25.0,3.0,2.0,15.0,1375.0,30.0,985.0,2008.0,0.0
4144,1.0,4.0,103163.0,1.0,188.0,36.1,105777.0,1.0,188.0,22.9,3.0,3.0,19.0,1835.0,14.0,2200.0,2014.0,1.0
53972,3.0,2.0,106421.0,1.0,198.0,21.7,111577.0,1.0,188.0,21.0,3.0,8.0,63.0,772.0,54.0,908.0,2017.0,0.0
12037,3.0,4.0,106234.0,1.0,185.0,28.9,202195.0,1.0,198.0,25.2,3.0,7.0,38.0,1175.0,31.0,1279.0,2022.0,1.0
190757,3.0,0.0,104755.0,1.0,185.0,19.2,103971.0,1.0,180.0,23.5,3.0,6.0,12.0,1610.0,48.0,771.0,2005.0,0.0
2585,2.0,0.0,104871.0,1.0,188.0,22.3,105023.0,1.0,198.0,21.6,3.0,7.0,43.0,1184.0,46.0,1140.0,2009.0,1.0
65301,3.0,0.0,104468.0,1.0,183.0,24.1,104339.0,1.0,196.0,24.8,3.0,5.0,8.0,4170.0,28.0,2000.0,2009.0,1.0
84593,3.0,4.0,103292.0,1.0,175.0,24.2,102701.0,0.0,175.0,27.2,3.0,7.0,20.0,1525.0,29.0,1120.0,2003.0,1.0
106761,2.0,0.0,103852.0,0.0,188.0,27.7,103888.0,1.0,188.0,27.4,3.0,5.0,30.0,1655.0,25.0,1735.0,2009.0,1.0
164865,3.0,4.0,103990.0,1.0,180.0,32.8,105777.0,1.0,188.0,23.8,3.0,6.0,19.0,1755.0,11.0,3055.0,2015.0,0.0
96123,2.0,3.0,104745.0,0.0,185.0,33.0,103819.0,1.0,185.0,37.8,5.0,9.0,2.0,7945.0,3.0,6620.0,2019.0,1.0
149705,1.0,4.0,103786.0,1.0,178.0,21.8,102610.0,1.0,180.0,27.8,3.0,7.0,44.0,814.0,7.0,2235.0,2003.0,1.0
115850,3.0,4.0,103812.0,1.0,198.0,28.3,103656.0,1.0,175.0,28.9,3.0,7.0,37.0,1021.0,32.0,1135.0,2009.0,1.0
32624,3.0,3.0,105077.0,0.0,188.0,29.9,111577.0,1.0,188.0,21.2,5.0,4.0,22.0,1845.0,54.0,878.0,2018.0,0.0
182817,3.0,4.0,105777.0,1.0,188.0,25.4,104755.0,1.0,185.0,30.3,3.0,7.0,18.0,1990.0,17.0,2030.0,2016.0,0.0
144188,3.0,0.0,105932.0,1.0,185.0,29.8,106043.0,1.0,170.0,29.3,3.0,8.0,22.0,2101.0,13.0,2625.0,2022.0,1.0
187201,3.0,3.0,105807.0,1.0,188.0,30.5,200624.0,1.0,196.0,21.5,5.0,6.0,21.0,2305.0,43.0,1286.0,2022.0,0.0
156138,3.0,0.0,104571.0,1.0,183.0,24.5,103888.0,1.0,188.0,28.0,3.0,9.0,42.0,965.0,55.0,790.0,2010.0,0.0
94336,3.0,3.0,103163.0,1.0,188.0,28.7,103786.0,1.0,178.0,25.6,5.0,3.0,12.0,1855.0,3.0,2825.0,2007.0,0.0
125146,3.0,0.0,104180.0,0.0,193.0,33.4,106401.0,1.0,193.0,21.4,3.0,3.0,36.0,1175.0,15.0,2050.0,2016.0,1.0
139759,1.0,4.0,105077.0,0.0,188.0,29.2,106298.0,1.0,185.0,23.1,3.0,9.0,24.0,1625.0,17.0,2306.0,2017.0,0.0
102173,1.0,3.0,104745.0,0.0,185.0,35.9,122298.0,1.0,188.0,26.6,5.0,6.0,5.0,5525.0,29.0,1344.0,2022.0,0.0
54579,3.0,4.0,103151.0,1.0,183.0,25.4,101962.0,1.0,193.0,31.9,3.0,6.0,30.0,1048.0,22.0,1225.0,2003.0,0.0
117641,2.0,3.0,104417.0,1.0,193.0,19.8,102783.0,1.0,180.0,28.1,5.0,4.0,37.0,830.0,8.0,2265.0,2004.0,1.0
1331,3.0,4.0,104468.0,1.0,183.0,24.6,103786.0,1.0,178.0,28.2,3.0,5.0,9.0,3320.0,8.0,3655.0,2009.0,0.0
178781,3.0,3.0,104607.0,1.0,196.0,20.9,104252.0,1.0,190.0,22.8,5.0,7.0,14.0,1660.0,58.0,675.0,2006.0,0.0
202031,3.0,1.0,200282.0,1.0,183.0,22.7,105227.0,1.0,198.0,33.1,3.0,8.0,34.0,1561.0,30.0,1710.0,2021.0,1.0
150523,3.0,4.0,126610.0,1.0,196.0,22.8,105023.0,1.0,198.0,31.4,3.0,4.0,57.0,895.0,51.0,925.0,2019.0,1.0
29537,2.0,3.0,111513.0,1.0,188.0,26.0,104926.0,1.0,178.0,34.0,5.0,7.0,55.0,1168.0,31.0,1868.0,2021.0,1.0
205671,3.0,4.0,104755.0,1.0,185.0,31.1,104745.0,0.0,185.0,31.1,3.0,6.0,29.0,1390.0,2.0,7555.0,2017.0,1.0
201230,3.0,4.0,106421.0,1.0,198.0,26.4,106401.0,1.0,193.0,27.2,3.0,6.0,1.0,7875.0,37.0,1205.0,2022.0,1.0
12695,1.0,3.0,104571.0,1.0,183.0,30.9,104542.0,1.0,188.0,31.0,5.0,7.0,39.0,1067.0,7.0,3355.0,2016.0,1.0
154122,3.0,0.0,104678.0,1.0,193.0,29.9,105373.0,0.0,190.0,26.5,3.0,9.0,25.0,1475.0,44.0,920.0,2016.0,0.0
56551,2.0,3.0,104068.0,1.0,183.0,21.7,103206.0,1.0,175.0,26.0,5.0,5.0,34.0,865.0,13.0,1665.0,2004.0,1.0
13400,3.0,4.0,104926.0,1.0,178.0,27.2,104273.0,1.0,188.0,30.7,3.0,7.0,21.0,1665.0,49.0,910.0,2014.0,0.0
135640,1.0,0.0,103786.0,1.0,178.0,23.8,102563.0,1.0,180.0,30.0,3.0,5.0,16.0,1480.0,17.0,1283.0,2005.0,0.0
183878,3.0,4.0,105227.0,1.0,198.0,33.8,126205.0,1.0,185.0,25.2,3.0,5.0,16.0,2085.0,34.0,1220.0,2022.0,1.0
54393,2.0,3.0,105373.0,0.0,190.0,27.9,104925.0,1.0,188.0,30.1,5.0,4.0,47.0,954.0,4.0,6055.0,2017.0,1.0
158331,0.0,4.0,103454.0,1.0,183.0,24.0,102783.0,1.0,180.0,27.5,3.0,5.0,14.0,1492.0,6.0,2885.0,2003.0,1.0
180990,1.0,0.0,103970.0,1.0,175.0,21.2,102035.0,1.0,183.0,31.2,3.0,5.0,63.0,627.0,47.0,790.0,2003.0,1.0
201702,3.0,4.0,103507.0,1.0,183.0,26.5,103484.0,1.0,185.0,26.6,3.0,6.0,31.0,1015.0,5.0,2235.0,2006.0,0.0
112974,1.0,0.0,104926.0,1.0,178.0,34.7,105948.0,1.0,180.0,29.9,3.0,3.0,38.0,1359.0,63.0,1001.0,2022.0,0.0
79188,3.0,4.0,102783.0,1.0,180.0,32.4,104607.0,1.0,196.0,23.0,3.0,7.0,35.0,1014.0,22.0,1205.0,2008.0,1.0
134058,3.0,3.0,103997.0,1.0,190.0,28.2,104198.0,1.0,188.0,27.2,5.0,4.0,62.0,788.0,53.0,900.0,2010.0,1.0
141926,3.0,0.0,103852.0,0.0,188.0,27.4,103344.0,1.0,193.0,29.9,3.0,6.0,28.0,1950.0,56.0,1251.0,2009.0,0.0
180402,1.0,4.0,104542.0,1.0,188.0,25.0,104678.0,1.0,193.0,24.2,3.0,6.0,10.0,3050.0,37.0,1075.0,2010.0,0.0
115291,3.0,0.0,102610.0,1.0,180.0,29.1,104214.0,1.0,185.0,21.1,3.0,6.0,44.0,785.0,50.0,742.0,2004.0,1.0
16925,3.0,0.0,105227.0,1.0,198.0,22.3,104332.0,1.0,185.0,26.8,3.0,5.0,28.0,1395.0,60.0,799.0,2011.0,0.0
49265,1.0,0.0,103454.0,1.0,183.0,27.6,102035.0,1.0,183.0,35.1,3.0,8.0,49.0,715.0,38.0,805.0,2007.0,0.0
69014,2.0,0.0,104620.0,1.0,183.0,29.6,104755.0,1.0,185.0,28.9,3.0,6.0,55.0,846.0,19.0,1715.0,2015.0,1.0
164823,1.0,0.0,134770.0,1.0,183.0,21.1,104665.0,1.0,180.0,34.0,3.0,6.0,45.0,1079.0,58.0,887.0,2020.0,0.0
28056,3.0,0.0,104468.0,1.0,183.0,23.1,104417.0,1.0,193.0,23.5,3.0,9.0,36.0,875.0,59.0,575.0,2008.0,1.0
30632,3.0,0.0,105453.0,1.0,178.0,24.7,103794.0,1.0,178.0,33.2,3.0,9.0,7.0,4025.0,62.0,778.0,2014.0,0.0
129298,2.0,3.0,104925.0,1.0,188.0,31.1,106378.0,1.0,188.0,23.4,5.0,6.0,21.0,1715.0,17.0,1950.0,2018.0,0.0
154251,3.0,4.0,104792.0,1.0,193.0,34.9,126094.0,1.0,188.0,23.8,3.0,5.0,22.0,2423.0,7.0,6005.0,2021.0,1.0
93749,2.0,0.0,104797.0,1.0,188.0,27.7,105238.0,1.0,180.0,25.5,3.0,6.0,49.0,915.0,19.0,1680.0,2014.0,1.0
12404,3.0,3.0,103018.0,1.0,196.0,26.1,103786.0,1.0,178.0,22.2,5.0,4.0,18.0,1320.0,38.0,965.0,2003.0,1.0
92438,1.0,0.0,103428.0,1.0,190.0,27.7,103602.0,1.0,183.0,26.8,3.0,8.0,21.0,1275.0,5.0,2810.0,2007.0,0.0
58671,3.0,0.0,104269.0,0.0,188.0,24.8,103507.0,1.0,183.0,28.6,3.0,5.0,15.0,1440.0,48.0,775.0,2008.0,1.0
178528,1.0,0.0,103990.0,1.0,180.0,28.7,105053.0,1.0,188.0,23.1,3.0,2.0,40.0,1060.0,57.0,846.0,2011.0,0.0
82910,1.0,4.0,103819.0,1.0,185.0,33.7,104607.0,1.0,196.0,29.6,3.0,3.0,2.0,8645.0,5.0,5140.0,2015.0,0.0
159720,1.0,0.0,105064.0,0.0,188.0,22.3,104919.0,1.0,188.0,23.0,3.0,5.0,28.0,1482.0,59.0,772.0,2010.0,1.0
61609,3.0,4.0,102839.0,1.0,188.0,26.5,101965.0,1.0,185.0,31.5,3.0,6.0,39.0,920.0,32.0,1070.0,2003.0,0.0
43384,3.0,3.0,105807.0,1.0,188.0,26.1,104731.0,1.0,203.0,31.2,5.0,9.0,19.0,2225.0,32.0,1360.0,2017.0,1.0
60076,3.0,0.0,106401.0,1.0,193.0,27.2,126205.0,1.0,185.0,25.2,3.0,6.0,63.0,710.0,34.0,1220.0,2022.0,0.0
42485,3.0,0.0,104259.0,1.0,178.0,33.2,104291.0,1.0,185.0,32.9,3.0,6.0,32.0,1325.0,58.0,814.0,2017.0,0.0
88452,1.0,0.0,105777.0,1.0,188.0,24.9,106210.0,0.0,198.0,22.7,3.0,3.0,29.0,1295.0,63.0,780.0,2016.0,0.0
40673,1.0,4.0,104792.0,1.0,193.0,19.6,104068.0,1.0,183.0,23.5,3.0,6.0,35.0,904.0,17.0,1450.0,2006.0,0.0
51733,2.0,3.0,101736.0,1.0,180.0,36.1,104745.0,0.0,185.0,20.0,5.0,6.0,20.0,1330.0,2.0,4545.0,2006.0,1.0
103901,1.0,3.0,103017.0,1.0,183.0,27.8,103084.0,1.0,185.0,27.4,5.0,5.0,28.0,1130.0,10.0,1745.0,2005.0,1.0
38514,2.0,0.0,104386.0,1.0,180.0,26.9,104918.0,1.0,190.0,24.0,3.0,5.0,31.0,1305.0,4.0,6625.0,2011.0,1.0
122077,3.0,4.0,105683.0,1.0,196.0,28.8,111815.0,0.0,188.0,24.1,3.0,7.0,32.0,1350.0,57.0,960.0,2019.0,0.0
6832,1.0,4.0,103819.0,1.0,185.0,24.7,103900.0,1.0,180.0,24.3,3.0,9.0,1.0,7160.0,3.0,2845.0,2006.0,0.0
85494,3.0,4.0,103888.0,1.0,188.0,30.6,103819.0,1.0,185.0,31.0,3.0,3.0,20.0,1715.0,1.0,11345.0,2012.0,1.0
99363,3.0,3.0,105227.0,1.0,198.0,22.9,106071.0,1.0,193.0,18.8,5.0,7.0,28.0,1375.0,60.0,752.0,2011.0,0.0
178973,2.0,3.0,102882.0,1.0,196.0,26.6,103151.0,1.0,183.0,25.3,5.0,4.0,48.0,735.0,40.0,878.0,2003.0,0.0
45306,3.0,2.0,104607.0,1.0,196.0,28.1,104527.0,1.0,183.0,28.6,3.0,8.0,6.0,3980.0,8.0,3330.0,2013.0,1.0
18919,3.0,0.0,104229.0,1.0,180.0,29.4,105332.0,1.0,196.0,23.6,3.0,6.0,60.0,754.0,43.0,937.0,2013.0,0.0
60320,1.0,4.0,103786.0,1.0,178.0,24.9,103813.0,0.0,185.0,24.8,3.0,5.0,6.0,2345.0,17.0,1450.0,2006.0,0.0
43382,3.0,0.0,106233.0,1.0,185.0,27.4,105332.0,1.0,196.0,31.7,3.0,8.0,3.0,9125.0,28.0,1738.0,2021.0,0.0
123783,3.0,4.0,105777.0,1.0,188.0,31.4,104926.0,1.0,178.0,35.4,3.0,6.0,28.0,1460.0,59.0,792.0,2022.0,0.0
22267,3.0,0.0,103819.0,1.0,185.0,21.5,102854.0,1.0,193.0,26.4,3.0,3.0,5.0,2530.0,19.0,1540.0,2003.0,0.0
197456,3.0,0.0,104022.0,1.0,183.0,24.6,103819.0,1.0,185.0,25.5,3.0,2.0,18.0,1440.0,1.0,8120.0,2007.0,1.0
86696,1.0,3.0,104269.0,0.0,188.0,23.5,104925.0,1.0,188.0,20.0,5.0,5.0,51.0,695.0,6.0,2810.0,2007.0,1.0
42603,1.0,1.0,104259.0,1.0,178.0,23.9,104214.0,1.0,185.0,24.1,5.0,8.0,32.0,895.0,37.0,845.0,2007.0,1.0
177354,0.0,0.0,102839.0,1.0,188.0,27.1,103344.0,1.0,193.0,24.5,3.0,6.0,53.0,685.0,43.0,865.0,2003.0,1.0
37612,1.0,1.0,104755.0,1.0,185.0,19.0,104214.0,1.0,185.0,21.9,5.0,8.0,17.0,1470.0,46.0,749.0,2005.0,0.0
55564,3.0,0.0,105311.0,1.0,185.0,28.5,105332.0,1.0,196.0,28.4,3.0,6.0,61.0,825.0,39.0,1155.0,2017.0,0.0
72198,3.0,4.0,105238.0,1.0,180.0,22.3,103812.0,1.0,198.0,29.6,3.0,7.0,23.0,1475.0,58.0,850.0,2011.0,0.0
158445,3.0,4.0,103163.0,1.0,188.0,27.5,102318.0,1.0,183.0,31.7,3.0,7.0,40.0,845.0,48.0,755.0,2005.0,0.0
184501,3.0,4.0,104259.0,1.0,178.0,28.4,104542.0,1.0,188.0,26.9,3.0,6.0,35.0,1120.0,6.0,4535.0,2012.0,1.0
145391,3.0,3.0,104719.0,1.0,190.0,24.7,104925.0,1.0,188.0,23.6,5.0,4.0,42.0,993.0,3.0,6240.0,2011.0,1.0
122867,1.0,0.0,104417.0,1.0,193.0,25.7,103694.0,1.0,168.0,29.3,3.0,5.0,7.0,4770.0,60.0,741.0,2010.0,1.0
94659,3.0,0.0,103163.0,1.0,188.0,29.9,103970.0,1.0,175.0,25.9,3.0,6.0,35.0,925.0,4.0,2695.0,2008.0,1.0
152742,1.0,4.0,103990.0,1.0,180.0,25.9,104527.0,1.0,183.0,23.0,3.0,7.0,18.0,1400.0,28.0,1100.0,2008.0,0.0
86853,3.0,0.0,104026.0,1.0,198.0,22.1,103387.0,1.0,185.0,25.1,3.0,7.0,29.0,999.0,15.0,1455.0,2004.0,0.0
168869,3.0,4.0,105311.0,1.0,185.0,29.9,104731.0,1.0,203.0,32.8,3.0,6.0,41.0,1072.0,7.0,4115.0,2019.0,1.0
141629,3.0,0.0,104792.0,1.0,193.0,31.3,126094.0,1.0,188.0,20.1,3.0,2.0,46.0,1015.0,39.0,1229.0,2018.0,0.0
84934,1.0,1.0,104918.0,1.0,190.0,28.5,105676.0,1.0,180.0,24.9,5.0,8.0,2.0,8670.0,16.0,1805.0,2015.0,0.0
46190,3.0,0.0,103176.0,1.0,183.0,24.7,103909.0,1.0,175.0,20.9,3.0,6.0,60.0,642.0,45.0,778.0,2003.0,1.0
110024,1.0,0.0,103812.0,1.0,198.0,27.7,104597.0,1.0,183.0,23.6,3.0,7.0,35.0,1566.0,22.0,1980.0,2009.0,1.0
9954,1.0,3.0,103819.0,1.0,185.0,29.7,104386.0,1.0,180.0,26.9,5.0,6.0,3.0,8390.0,32.0,1225.0,2011.0,0.0
173373,3.0,0.0,103387.0,1.0,185.0,26.6,103344.0,1.0,193.0,26.9,3.0,6.0,53.0,675.0,5.0,2395.0,2006.0,1.0
119464,3.0,0.0,132283.0,1.0,191.0,25.4,105554.0,1.0,175.0,30.4,3.0,9.0,42.0,1253.0,33.0,1454.0,2020.0,0.0
56338,3.0,4.0,105583.0,1.0,180.0,31.6,105936.0,1.0,185.0,30.0,3.0,4.0,44.0,1126.0,40.0,1212.0,2022.0,1.0
176168,3.0,0.0,102562.0,1.0,190.0,27.9,103990.0,1.0,180.0,20.8,3.0,9.0,10.0,1921.0,34.0,1020.0,2003.0,0.0
103144,3.0,0.0,103096.0,1.0,173.0,32.8,103656.0,1.0,175.0,29.9,3.0,6.0,63.0,787.0,23.0,1530.0,2010.0,1.0
137660,3.0,1.0,106432.0,1.0,188.0,18.2,104678.0,1.0,193.0,29.0,5.0,8.0,61.0,786.0,41.0,1065.0,2015.0,1.0
173941,1.0,0.0,105807.0,1.0,188.0,26.7,105332.0,1.0,196.0,28.9,3.0,6.0,11.0,2305.0,47.0,1020.0,2018.0,0.0
100020,3.0,4.0,104792.0,1.0,193.0,19.9,104571.0,1.0,183.0,21.1,3.0,6.0,29.0,1040.0,10.0,1852.0,2006.0,1.0
202051,2.0,3.0,106432.0,1.0,188.0,20.6,105992.0,1.0,183.0,25.1,5.0,4.0,45.0,966.0,41.0,993.0,2017.0,1.0
161921,1.0,0.0,102845.0,1.0,190.0,30.9,103084.0,1.0,185.0,29.6,3.0,9.0,20.0,1295.0,15.0,1607.0,2007.0,0.0
21296,3.0,3.0,104542.0,1.0,188.0,27.3,105373.0,0.0,190.0,23.1,5.0,7.0,6.0,4835.0,52.0,828.0,2012.0,1.0
179575,2.0,0.0,105777.0,1.0,188.0,23.0,104527.0,1.0,183.0,29.1,3.0,9.0,13.0,2435.0,3.0,5480.0,2014.0,0.0
177393,3.0,0.0,105526.0,1.0,193.0,29.4,126207.0,1.0,188.0,21.7,3.0,5.0,41.0,1155.0,53.0,1015.0,2019.0,1.0
65585,3.0,3.0,103484.0,1.0,185.0,28.0,103819.0,1.0,185.0,26.4,5.0,3.0,15.0,1610.0,1.0,7180.0,2008.0,1.0
202124,3.0,0.0,200282.0,1.0,183.0,21.9,126774.0,1.0,193.0,22.4,3.0,8.0,23.0,2065.0,6.0,5940.0,2021.0,1.0
144430,1.0,0.0,103506.0,1.0,183.0,29.4,104871.0,1.0,188.0,22.4,3.0,5.0,49.0,1011.0,43.0,1079.0,2009.0,1.0
139846,3.0,0.0,200282.0,1.0,183.0,20.0,100644.0,1.0,198.0,21.8,3.0,3.0,26.0,1443.0,3.0,6475.0,2019.0,1.0
25971,1.0,4.0,111815.0,0.0,188.0,26.6,104545.0,1.0,206.0,37.0,3.0,6.0,11.0,3335.0,23.0,1706.0,2022.0,0.0
193128,2.0,3.0,103917.0,1.0,190.0,34.4,105023.0,1.0,198.0,28.7,5.0,5.0,51.0,919.0,41.0,1075.0,2016.0,1.0
170010,3.0,4.0,105064.0,0.0,188.0,22.2,104597.0,1.0,183.0,24.5,3.0,5.0,32.0,1254.0,38.0,1050.0,2010.0,1.0
93377,1.0,4.0,105223.0,1.0,198.0,20.6,104607.0,1.0,196.0,23.6,3.0,6.0,5.0,4720.0,22.0,1935.0,2009.0,0.0
186129,3.0,0.0,200325.0,1.0,188.0,23.5,132283.0,1.0,191.0,27.4,3.0,6.0,43.0,986.0,48.0,960.0,2022.0,0.0
82823,1.0,4.0,105676.0,1.0,180.0,28.4,105916.0,1.0,188.0,27.2,3.0,7.0,23.0,1540.0,36.0,1205.0,2019.0,1.0
94498,3.0,4.0,105683.0,1.0,196.0,27.1,105023.0,1.0,198.0,30.4,3.0,3.0,38.0,1270.0,21.0,2095.0,2018.0,0.0
169902,2.0,3.0,104755.0,1.0,185.0,30.0,104719.0,1.0,190.0,30.2,5.0,7.0,10.0,2905.0,43.0,972.0,2016.0,0.0
72165,1.0,0.0,103835.0,1.0,183.0,25.0,102845.0,1.0,190.0,30.0,3.0,3.0,51.0,750.0,41.0,825.0,2006.0,0.0
145279,2.0,0.0,103908.0,1.0,185.0,34.3,103917.0,1.0,190.0,34.3,3.0,5.0,60.0,816.0,49.0,931.0,2016.0,1.0
89613,3.0,0.0,103598.0,1.0,185.0,25.2,103252.0,1.0,175.0,27.1,3.0,5.0,48.0,754.0,58.0,656.0,2005.0,1.0
106327,3.0,0.0,102106.0,1.0,188.0,33.3,103484.0,1.0,185.0,26.0,3.0,6.0,45.0,779.0,23.0,1230.0,2006.0,1.0
202265,3.0,0.0,103990.0,1.0,180.0,20.6,104053.0,1.0,188.0,20.3,3.0,6.0,31.0,1050.0,10.0,2045.0,2003.0,1.0
192823,1.0,4.0,104468.0,1.0,183.0,32.3,104925.0,1.0,188.0,29.9,3.0,6.0,32.0,1255.0,2.0,7905.0,2017.0,1.0
107079,2.0,3.0,105777.0,1.0,188.0,20.0,104542.0,1.0,188.0,26.1,5.0,7.0,62.0,818.0,19.0,1585.0,2011.0,1.0
20235,3.0,4.0,104076.0,1.0,190.0,22.9,104022.0,1.0,183.0,23.3,3.0,7.0,55.0,678.0,29.0,1090.0,2005.0,0.0
22121,1.0,4.0,103151.0,1.0,183.0,26.1,103990.0,1.0,180.0,22.0,3.0,6.0,28.0,1070.0,19.0,1315.0,2004.0,1.0
68496,1.0,4.0,105526.0,1.0,193.0,29.0,105227.0,1.0,198.0,30.6,3.0,6.0,49.0,965.0,11.0,2845.0,2019.0,1.0
153928,3.0,4.0,103819.0,1.0,185.0,37.1,106432.0,1.0,188.0,21.8,3.0,9.0,2.0,6900.0,19.0,1815.0,2018.0,1.0
45254,1.0,3.0,104468.0,1.0,183.0,35.7,133430.0,0.0,185.0,21.4,5.0,4.0,54.0,1005.0,11.0,2660.0,2020.0,1.0
134606,3.0,0.0,102998.0,1.0,190.0,26.5,104417.0,1.0,193.0,19.3,3.0,6.0,51.0,710.0,60.0,598.0,2004.0,1.0
196829,1.0,0.0,103786.0,1.0,178.0,23.0,103292.0,1.0,175.0,25.5,3.0,6.0,61.0,645.0,11.0,1700.0,2004.0,1.0
153623,3.0,3.0,104660.0,1.0,193.0,30.0,105676.0,1.0,180.0,25.1,5.0,4.0,60.0,780.0,16.0,1835.0,2016.0,1.0
94242,3.0,3.0,102845.0,1.0,190.0,31.9,104542.0,1.0,188.0,23.3,5.0,7.0,42.0,880.0,19.0,1265.0,2008.0,1.0
139225,1.0,4.0,103280.0,1.0,196.0,25.5,103344.0,1.0,193.0,25.1,3.0,7.0,18.0,1365.0,40.0,860.0,2004.0,1.0
198487,1.0,0.0,104719.0,1.0,190.0,30.0,104745.0,0.0,185.0,29.8,3.0,6.0,50.0,896.0,5.0,5595.0,2016.0,1.0
104360,1.0,4.0,103909.0,1.0,175.0,22.3,103344.0,1.0,193.0,25.1,3.0,9.0,3.0,3640.0,40.0,860.0,2004.0,0.0
159268,3.0,0.0,103794.0,1.0,178.0,31.6,104471.0,1.0,183.0,28.0,3.0,6.0,56.0,778.0,63.0,743.0,2013.0,1.0
27294,0.0,0.0,103454.0,1.0,183.0,25.0,103900.0,1.0,180.0,22.8,3.0,9.0,18.0,1270.0,10.0,1875.0,2004.0,1.0
101145,3.0,3.0,104053.0,1.0,188.0,23.9,103819.0,1.0,185.0,25.0,5.0,2.0,10.0,1890.0,1.0,7295.0,2006.0,1.0
29012,1.0,4.0,105453.0,1.0,178.0,26.3,104678.0,1.0,193.0,30.2,3.0,6.0,6.0,4290.0,24.0,1580.0,2016.0,0.0
155749,3.0,3.0,102148.0,1.0,178.0,36.1,104053.0,1.0,188.0,26.3,5.0,6.0,60.0,1268.0,9.0,3940.0,2009.0,1.0
163900,1.0,3.0,105227.0,1.0,198.0,33.6,105916.0,1.0,188.0,30.2,5.0,7.0,23.0,1695.0,57.0,955.0,2022.0,0.0
136208,1.0,0.0,104871.0,1.0,188.0,22.4,104676.0,0.0,190.0,23.4,3.0,6.0,32.0,1287.0,52.0,972.0,2009.0,0.0
8248,3.0,0.0,103786.0,1.0,178.0,28.6,103852.0,0.0,188.0,28.3,3.0,6.0,6.0,5290.0,33.0,1195.0,2010.0,0.0
121369,2.0,3.0,104745.0,0.0,185.0,22.0,103017.0,1.0,183.0,30.9,5.0,6.0,2.0,5755.0,32.0,970.0,2008.0,0.0
194188,3.0,0.0,126203.0,1.0,193.0,22.3,104745.0,0.0,185.0,33.7,3.0,2.0,35.0,1255.0,2.0,9395.0,2020.0,1.0
159090,1.0,0.0,126203.0,1.0,193.0,21.5,104755.0,1.0,185.0,32.9,3.0,5.0,46.0,1010.0,39.0,1105.0,2019.0,0.0
206491,2.0,3.0,103819.0,1.0,185.0,30.8,103898.0,1.0,185.0,30.5,5.0,6.0,3.0,9435.0,32.0,1210.0,2012.0,0.0
7558,3.0,4.0,103990.0,1.0,180.0,32.4,105453.0,1.0,178.0,24.8,3.0,6.0,17.0,1970.0,7.0,4355.0,2014.0,1.0
57389,1.0,3.0,104925.0,1.0,188.0,29.0,104607.0,1.0,196.0,30.6,5.0,3.0,1.0,16150.0,8.0,2850.0,2016.0,0.0
60075,3.0,0.0,105992.0,1.0,183.0,25.4,105238.0,1.0,180.0,28.9,3.0,6.0,46.0,1003.0,37.0,1231.0,2017.0,0.0
206753,0.0,0.0,103598.0,1.0,185.0,24.2,104022.0,1.0,183.0,22.2,3.0,3.0,58.0,670.0,32.0,1005.0,2004.0,0.0
83751,3.0,4.0,106421.0,1.0,198.0,25.6,111456.0,1.0,178.0,26.4,3.0,7.0,2.0,10575.0,57.0,1070.0,2021.0,0.0
3686,1.0,4.0,103970.0,1.0,175.0,26.0,104745.0,0.0,185.0,21.8,3.0,3.0,5.0,2620.0,2.0,5455.0,2008.0,1.0
18977,3.0,0.0,105208.0,1.0,190.0,20.3,104925.0,1.0,188.0,21.6,3.0,6.0,53.0,1408.0,3.0,10590.0,2009.0,0.0
50769,1.0,0.0,104269.0,0.0,188.0,28.6,104719.0,1.0,190.0,26.2,3.0,9.0,16.0,1810.0,24.0,1530.0,2012.0,1.0
14365,3.0,0.0,200175.0,1.0,183.0,21.1,105173.0,0.0,183.0,32.3,3.0,5.0,39.0,1283.0,41.0,1271.0,2020.0,1.0
136148,3.0,0.0,104312.0,1.0,190.0,28.8,106071.0,1.0,193.0,20.2,3.0,9.0,23.0,1560.0,64.0,740.0,2013.0,1.0
157967,3.0,0.0,105807.0,1.0,188.0,25.2,106071.0,1.0,193.0,23.9,3.0,6.0,38.0,1145.0,22.0,1680.0,2016.0,0.0
80292,3.0,4.0,104665.0,1.0,180.0,27.5,103786.0,1.0,178.0,32.1,3.0,6.0,52.0,890.0,47.0,915.0,2013.0,1.0
187856,3.0,3.0,104180.0,0.0,193.0,34.3,103893.0,1.0,183.0,35.7,5.0,7.0,23.0,1885.0,40.0,1100.0,2017.0,1.0
45477,1.0,3.0,103387.0,1.0,185.0,26.9,103484.0,1.0,185.0,26.4,5.0,4.0,39.0,845.0,8.0,1925.0,2006.0,1.0
162430,3.0,4.0,104925.0,1.0,188.0,20.2,104745.0,0.0,185.0,21.1,3.0,9.0,4.0,3200.0,2.0,5455.0,2007.0,0.0
25186,3.0,3.0,104999.0,0.0,190.0,30.0,105332.0,1.0,196.0,28.3,5.0,7.0,27.0,1484.0,41.0,1085.0,2017.0,0.0
39043,1.0,3.0,103632.0,1.0,180.0,23.6,102882.0,1.0,196.0,27.5,5.0,4.0,41.0,831.0,18.0,1350.0,2004.0,0.0
176669,3.0,1.0,103344.0,1.0,193.0,26.6,103103.0,1.0,183.0,27.8,5.0,8.0,9.0,2180.0,19.0,1490.0,2005.0,1.0
121999,1.0,3.0,103990.0,1.0,180.0,22.0,103454.0,1.0,183.0,24.6,5.0,6.0,17.0,1355.0,11.0,1633.0,2004.0,0.0
134257,3.0,4.0,104678.0,1.0,193.0,25.1,104925.0,1.0,188.0,23.8,3.0,5.0,17.0,1710.0,2.0,8710.0,2011.0,1.0
153305,3.0,0.0,126094.0,1.0,188.0,23.4,126203.0,1.0,193.0,23.3,3.0,5.0,8.0,5011.0,30.0,1775.0,2021.0,0.0
109639,3.0,0.0,104022.0,1.0,183.0,34.2,105683.0,1.0,196.0,25.7,3.0,5.0,53.0,846.0,6.0,4760.0,2016.0,0.0
9844,3.0,0.0,104229.0,1.0,180.0,31.1,104198.0,1.0,188.0,31.3,3.0,6.0,42.0,978.0,38.0,1030.0,2014.0,0.0
129321,3.0,4.0,126207.0,1.0,188.0,23.7,128034.0,1.0,196.0,24.6,3.0,6.0,51.0,1242.0,12.0,3333.0,2021.0,1.0
50901,3.0,0.0,104471.0,1.0,183.0,26.7,103900.0,1.0,180.0,29.7,3.0,5.0,32.0,1167.0,58.0,850.0,2011.0,1.0
51102,1.0,4.0,102783.0,1.0,180.0,27.0,103507.0,1.0,183.0,23.2,3.0,3.0,13.0,1650.0,3.0,3275.0,2003.0,1.0
74796,3.0,0.0,105064.0,0.0,188.0,22.0,104607.0,1.0,196.0,24.2,3.0,3.0,36.0,1021.0,20.0,1655.0,2010.0,1.0
127618,3.0,0.0,104926.0,1.0,178.0,22.6,103333.0,1.0,208.0,30.8,3.0,6.0,54.0,790.0,37.0,1015.0,2010.0,1.0
59432,1.0,0.0,104871.0,1.0,188.0,28.1,104731.0,1.0,203.0,28.8,3.0,3.0,35.0,1155.0,16.0,1915.0,2015.0,1.0
52258,1.0,4.0,126774.0,1.0,193.0,23.7,111575.0,1.0,198.0,25.9,3.0,5.0,5.0,5750.0,24.0,1620.0,2022.0,0.0
159114,3.0,4.0,104918.0,1.0,190.0,25.4,103819.0,1.0,185.0,31.1,3.0,9.0,3.0,8090.0,1.0,11805.0,2012.0,0.0
127241,3.0,0.0,104542.0,1.0,188.0,32.4,106043.0,1.0,170.0,25.1,3.0,2.0,17.0,2285.0,26.0,1720.0,2017.0,0.0
117652,1.0,0.0,103970.0,1.0,175.0,25.1,103694.0,1.0,168.0,26.3,3.0,8.0,14.0,1725.0,46.0,730.0,2007.0,0.0
186719,3.0,4.0,103018.0,1.0,196.0,27.6,103598.0,1.0,185.0,24.6,3.0,4.0,37.0,950.0,35.0,978.0,2005.0,0.0
177496,3.0,1.0,104620.0,1.0,183.0,22.4,104339.0,1.0,196.0,24.0,5.0,8.0,57.0,607.0,54.0,640.0,2008.0,1.0
43,3.0,0.0,105683.0,1.0,196.0,27.7,105173.0,0.0,183.0,30.2,3.0,6.0,20.0,1755.0,33.0,1285.0,2018.0,0.0
191991,3.0,4.0,104545.0,1.0,206.0,24.5,103602.0,1.0,183.0,29.2,3.0,6.0,35.0,1032.0,11.0,2780.0,2009.0,1.0
17652,2.0,3.0,104597.0,1.0,183.0,25.8,103813.0,0.0,185.0,29.9,5.0,4.0,15.0,1875.0,51.0,936.0,2011.0,0.0
169173,3.0,0.0,125802.0,1.0,193.0,28.4,126205.0,1.0,185.0,25.1,3.0,3.0,53.0,885.0,36.0,1195.0,2022.0,0.0
103082,1.0,3.0,104312.0,1.0,190.0,25.2,104198.0,1.0,188.0,25.9,5.0,4.0,56.0,1095.0,50.0,1172.0,2009.0,0.0
82282,2.0,0.0,126610.0,1.0,196.0,26.1,132283.0,1.0,191.0,27.0,3.0,3.0,10.0,3805.0,32.0,1260.0,2022.0,0.0
84888,3.0,4.0,105453.0,1.0,178.0,26.2,105238.0,1.0,180.0,27.3,3.0,6.0,6.0,4070.0,29.0,1330.0,2016.0,0.0
195985,1.0,3.0,106043.0,1.0,170.0,22.7,104792.0,1.0,193.0,28.7,5.0,7.0,62.0,785.0,14.0,2065.0,2015.0,1.0
172565,3.0,0.0,104417.0,1.0,193.0,24.3,103285.0,1.0,185.0,30.1,3.0,3.0,17.0,2650.0,26.0,2260.0,2009.0,1.0
121963,3.0,4.0,104593.0,1.0,185.0,25.5,105053.0,1.0,188.0,23.2,3.0,4.0,61.0,844.0,44.0,1016.0,2011.0,1.0
64315,3.0,4.0,105238.0,1.0,180.0,25.3,103819.0,1.0,185.0,32.5,3.0,9.0,31.0,1205.0,8.0,4625.0,2014.0,1.0
162425,1.0,4.0,104607.0,1.0,196.0,27.6,104745.0,0.0,185.0,26.9,3.0,9.0,6.0,4520.0,5.0,6895.0,2013.0,1.0
97941,0.0,0.0,103206.0,1.0,175.0,27.4,103694.0,1.0,168.0,24.7,3.0,3.0,31.0,1035.0,24.0,1160.0,2005.0,0.0
14224,3.0,4.0,126203.0,1.0,193.0,24.7,202104.0,1.0,170.0,21.6,3.0,7.0,13.0,2930.0,35.0,1253.0,2022.0,0.0
13081,2.0,0.0,122330.0,1.0,196.0,24.9,105227.0,1.0,198.0,33.7,3.0,5.0,37.0,1105.0,17.0,2130.0,2022.0,1.0
140636,3.0,4.0,103819.0,1.0,185.0,31.0,104527.0,1.0,183.0,27.3,3.0,9.0,1.0,11345.0,26.0,1380.0,2012.0,0.0
121659,3.0,4.0,103888.0,1.0,188.0,21.6,101962.0,1.0,193.0,31.8,3.0,7.0,39.0,890.0,22.0,1195.0,2003.0,1.0
141907,3.0,4.0,103507.0,1.0,183.0,28.1,103656.0,1.0,175.0,27.3,3.0,7.0,23.0,1360.0,56.0,596.0,2008.0,0.0
158402,3.0,3.0,104545.0,1.0,206.0,33.3,105583.0,1.0,180.0,28.1,5.0,6.0,11.0,3200.0,62.0,865.0,2018.0,0.0
69347,1.0,0.0,104417.0,1.0,193.0,19.8,103428.0,1.0,190.0,24.8,3.0,3.0,48.0,745.0,16.0,1320.0,2004.0,0.0
144189,3.0,4.0,105916.0,1.0,188.0,26.7,104926.0,1.0,178.0,31.4,3.0,6.0,42.0,1097.0,14.0,2315.0,2018.0,1.0
104080,1.0,3.0,105077.0,0.0,188.0,32.6,105173.0,0.0,183.0,32.2,5.0,4.0,44.0,1130.0,39.0,1271.0,2020.0,0.0
29680,1.0,4.0,104527.0,1.0,183.0,23.1,104925.0,1.0,188.0,20.9,3.0,2.0,24.0,1200.0,3.0,4750.0,2008.0,1.0
65635,3.0,4.0,106432.0,1.0,188.0,21.8,105223.0,1.0,198.0,30.0,3.0,5.0,19.0,1815.0,4.0,6130.0,2018.0,0.0
170354,2.0,0.0,104312.0,1.0,190.0,24.3,103333.0,1.0,208.0,29.2,3.0,3.0,30.0,990.0,22.0,1220.0,2008.0,1.0
94231,2.0,3.0,103888.0,1.0,188.0,30.5,104542.0,1.0,188.0,27.1,5.0,5.0,12.0,2535.0,6.0,5230.0,2012.0,1.0
11752,3.0,4.0,133430.0,0.0,185.0,20.5,100644.0,1.0,198.0,22.5,3.0,5.0,28.0,1460.0,6.0,4335.0,2019.0,0.0
102620,3.0,0.0,126610.0,1.0,196.0,22.8,104269.0,0.0,188.0,35.2,3.0,3.0,53.0,904.0,26.0,1455.0,2019.0,0.0
185955,1.0,0.0,103507.0,1.0,183.0,30.4,104547.0,0.0,188.0,25.2,3.0,5.0,21.0,1745.0,43.0,972.0,2010.0,0.0
203017,3.0,4.0,103428.0,1.0,190.0,26.5,103484.0,1.0,185.0,26.2,3.0,5.0,33.0,925.0,9.0,1880.0,2006.0,1.0
33870,3.0,1.0,106058.0,1.0,185.0,23.7,106432.0,1.0,188.0,19.6,5.0,8.0,26.0,1495.0,54.0,900.0,2016.0,1.0
133330,1.0,4.0,103835.0,1.0,183.0,26.6,104918.0,1.0,190.0,20.9,3.0,6.0,42.0,786.0,20.0,1330.0,2008.0,1.0
206949,2.0,0.0,100644.0,1.0,198.0,19.1,104678.0,1.0,193.0,30.3,3.0,6.0,38.0,1130.0,24.0,1565.0,2016.0,0.0
100009,3.0,4.0,104731.0,1.0,203.0,31.8,105807.0,1.0,188.0,26.6,3.0,3.0,8.0,3235.0,19.0,2045.0,2018.0,1.0
12804,2.0,3.0,104597.0,1.0,183.0,20.8,104339.0,1.0,196.0,22.2,5.0,4.0,47.0,818.0,10.0,1885.0,2006.0,1.0
24678,3.0,4.0,104745.0,0.0,185.0,19.7,103484.0,1.0,185.0,26.1,3.0,9.0,2.0,4665.0,14.0,1565.0,2006.0,1.0
200732,3.0,0.0,104678.0,1.0,193.0,23.8,103694.0,1.0,168.0,28.9,3.0,5.0,29.0,1175.0,57.0,757.0,2010.0,0.0
147245,2.0,0.0,104571.0,1.0,183.0,30.0,103607.0,1.0,173.0,34.8,3.0,7.0,59.0,797.0,48.0,941.0,2015.0,0.0
107536,1.0,4.0,105807.0,1.0,188.0,22.7,104925.0,1.0,188.0,26.8,3.0,5.0,62.0,730.0,2.0,11680.0,2014.0,1.0
126342,3.0,4.0,104417.0,1.0,193.0,26.5,104471.0,1.0,183.0,26.2,3.0,7.0,4.0,5735.0,57.0,859.0,2011.0,0.0
91639,1.0,0.0,106210.0,0.0,198.0,21.6,104926.0,1.0,178.0,27.7,3.0,6.0,44.0,958.0,28.0,1320.0,2015.0,1.0
116845,1.0,4.0,103484.0,1.0,185.0,23.3,103285.0,1.0,185.0,24.4,3.0,7.0,22.0,1275.0,57.0,717.0,2003.0,1.0
103291,1.0,3.0,105936.0,1.0,185.0,27.2,126774.0,1.0,193.0,20.7,5.0,6.0,60.0,838.0,6.0,4080.0,2019.0,1.0
950,1.0,4.0,104792.0,1.0,193.0,31.6,104745.0,0.0,185.0,31.9,3.0,6.0,41.0,1175.0,1.0,8770.0,2018.0,1.0
70936,3.0,0.0,111202.0,1.0,188.0,19.3,105227.0,1.0,198.0,26.9,3.0,3.0,58.0,801.0,14.0,2270.0,2015.0,1.0
182973,0.0,0.0,103970.0,1.0,175.0,24.5,103819.0,1.0,185.0,25.2,3.0,3.0,15.0,1555.0,1.0,7870.0,2006.0,1.0
198372,0.0,4.0,103498.0,1.0,193.0,24.7,103720.0,1.0,180.0,23.6,3.0,3.0,7.0,2385.0,3.0,3165.0,2004.0,0.0
144967,3.0,1.0,104755.0,1.0,185.0,19.6,103163.0,1.0,188.0,27.8,5.0,8.0,16.0,1526.0,29.0,1040.0,2006.0,0.0
102576,1.0,3.0,103264.0,0.0,180.0,26.6,104076.0,1.0,190.0,22.5,5.0,5.0,37.0,927.0,62.0,631.0,2005.0,0.0
141906,1.0,0.0,104719.0,1.0,190.0,27.2,104338.0,1.0,185.0,29.3,3.0,2.0,53.0,870.0,31.0,1270.0,2013.0,0.0
91032,3.0,0.0,104180.0,0.0,193.0,28.4,104259.0,1.0,178.0,28.0,3.0,5.0,50.0,888.0,49.0,900.0,2011.0,1.0
24739,1.0,1.0,102563.0,1.0,180.0,30.8,104076.0,1.0,190.0,23.2,5.0,8.0,13.0,1645.0,33.0,903.0,2006.0,1.0
164470,3.0,2.0,103970.0,1.0,175.0,33.6,104918.0,1.0,190.0,28.5,3.0,8.0,7.0,4305.0,2.0,8470.0,2015.0,1.0
88754,3.0,0.0,105577.0,1.0,193.0,23.6,105238.0,1.0,180.0,25.2,3.0,6.0,27.0,1359.0,38.0,1070.0,2014.0,1.0
1674,3.0,0.0,105062.0,1.0,183.0,28.0,104871.0,1.0,188.0,28.9,3.0,6.0,63.0,762.0,31.0,1255.0,2016.0,1.0
116340,3.0,4.0,104731.0,1.0,203.0,30.2,104755.0,1.0,185.0,30.1,3.0,6.0,24.0,1505.0,15.0,2320.0,2016.0,0.0
79349,0.0,0.0,102783.0,1.0,180.0,28.4,102271.0,0.0,175.0,30.9,3.0,6.0,15.0,1420.0,41.0,810.0,2004.0,1.0
182333,2.0,0.0,104053.0,1.0,188.0,22.7,103285.0,1.0,185.0,26.5,3.0,9.0,4.0,3590.0,16.0,1435.0,2005.0,0.0
64817,3.0,0.0,104468.0,1.0,183.0,27.8,104386.0,1.0,180.0,28.3,3.0,6.0,19.0,1815.0,9.0,3160.0,2012.0,0.0
65652,3.0,4.0,104586.0,1.0,196.0,29.2,106233.0,1.0,185.0,21.0,3.0,7.0,26.0,1290.0,39.0,1024.0,2014.0,1.0
153863,2.0,0.0,103813.0,0.0,185.0,32.8,104273.0,1.0,188.0,30.5,3.0,5.0,63.0,790.0,53.0,860.0,2014.0,1.0
199145,3.0,0.0,111513.0,1.0,188.0,26.3,125802.0,1.0,193.0,27.6,3.0,6.0,52.0,1137.0,46.0,1253.0,2021.0,1.0
192729,2.0,3.0,104098.0,1.0,185.0,25.5,104386.0,1.0,180.0,24.0,5.0,6.0,33.0,968.0,40.0,858.0,2008.0,1.0
163049,2.0,3.0,122330.0,1.0,196.0,25.0,126207.0,1.0,188.0,24.4,5.0,6.0,38.0,1105.0,28.0,1439.0,2022.0,1.0
138498,3.0,3.0,102450.0,1.0,185.0,29.9,103333.0,1.0,208.0,25.5,5.0,4.0,6.0,2380.0,52.0,726.0,2004.0,0.0
189275,3.0,2.0,103970.0,1.0,175.0,28.6,104918.0,1.0,190.0,23.5,3.0,8.0,7.0,3735.0,5.0,5360.0,2010.0,1.0
11860,3.0,0.0,105379.0,1.0,181.0,30.4,122330.0,1.0,196.0,22.5,3.0,5.0,58.0,905.0,55.0,919.0,2020.0,0.0
164453,3.0,3.0,105373.0,0.0,190.0,23.1,104871.0,1.0,188.0,25.5,5.0,6.0,52.0,828.0,32.0,1168.0,2012.0,0.0
88052,1.0,4.0,104545.0,1.0,206.0,25.0,105053.0,1.0,188.0,22.4,3.0,6.0,19.0,1800.0,59.0,764.0,2010.0,0.0
54503,3.0,0.0,103720.0,1.0,180.0,25.0,104252.0,1.0,190.0,22.3,3.0,6.0,10.0,1785.0,62.0,599.0,2006.0,0.0
100930,3.0,4.0,104252.0,1.0,190.0,23.4,103507.0,1.0,183.0,27.0,3.0,7.0,45.0,760.0,23.0,1190.0,2007.0,1.0
99723,0.0,0.0,103971.0,1.0,180.0,21.8,103344.0,1.0,193.0,24.8,3.0,6.0,62.0,586.0,35.0,1000.0,2004.0,0.0
33951,3.0,0.0,103507.0,1.0,183.0,29.4,103990.0,1.0,180.0,27.2,3.0,6.0,29.0,1374.0,16.0,2290.0,2009.0,0.0
201924,1.0,0.0,103252.0,1.0,175.0,28.5,103428.0,1.0,190.0,27.4,3.0,8.0,57.0,636.0,35.0,880.0,2007.0,1.0
84219,1.0,4.0,104597.0,1.0,183.0,27.6,103781.0,0.0,183.0,31.8,3.0,6.0,12.0,2450.0,36.0,1075.0,2013.0,1.0
68660,3.0,4.0,103582.0,0.0,193.0,30.1,104755.0,1.0,185.0,24.1,3.0,6.0,51.0,922.0,41.0,1045.0,2010.0,1.0
158889,3.0,1.0,104925.0,1.0,188.0,32.4,111575.0,1.0,198.0,23.4,3.0,8.0,2.0,9145.0,17.0,1840.0,2019.0,0.0
90096,3.0,4.0,106401.0,1.0,193.0,22.2,104678.0,1.0,193.0,31.4,3.0,7.0,24.0,1680.0,45.0,1000.0,2017.0,0.0
149324,2.0,0.0,103333.0,1.0,208.0,29.2,103602.0,1.0,183.0,27.8,3.0,5.0,22.0,1220.0,15.0,1405.0,2008.0,0.0
188363,3.0,4.0,105449.0,1.0,188.0,29.1,133430.0,0.0,185.0,19.8,3.0,7.0,38.0,1170.0,25.0,1485.0,2019.0,1.0
27569,1.0,0.0,104259.0,1.0,178.0,30.7,104468.0,1.0,183.0,29.5,3.0,5.0,26.0,1370.0,38.0,1085.0,2014.0,0.0
82806,3.0,0.0,105227.0,1.0,198.0,28.4,105238.0,1.0,180.0,28.3,3.0,6.0,8.0,3410.0,60.0,785.0,2017.0,0.0
150640,2.0,3.0,104339.0,1.0,196.0,20.2,103598.0,1.0,185.0,23.9,5.0,5.0,63.0,626.0,51.0,730.0,2004.0,0.0
170322,3.0,4.0,104312.0,1.0,190.0,26.0,104547.0,0.0,188.0,24.9,3.0,4.0,47.0,900.0,58.0,756.0,2010.0,1.0
42249,3.0,3.0,102450.0,1.0,185.0,28.9,104053.0,1.0,188.0,20.9,5.0,4.0,33.0,1020.0,4.0,3415.0,2003.0,1.0
13603,3.0,0.0,104542.0,1.0,188.0,25.5,104468.0,1.0,183.0,25.8,3.0,3.0,13.0,2480.0,48.0,930.0,2010.0,0.0
57121,3.0,0.0,104571.0,1.0,183.0,24.6,103786.0,1.0,178.0,28.6,3.0,5.0,36.0,1080.0,6.0,5290.0,2010.0,1.0
3381,1.0,1.0,102845.0,1.0,190.0,27.0,103151.0,1.0,183.0,25.5,5.0,8.0,6.0,2685.0,24.0,1133.0,2003.0,0.0
123140,3.0,4.0,104745.0,0.0,185.0,31.4,104655.0,1.0,180.0,31.8,3.0,5.0,1.0,10465.0,36.0,1280.0,2017.0,0.0
34363,3.0,4.0,105023.0,1.0,198.0,21.8,104053.0,1.0,188.0,26.9,3.0,6.0,26.0,1475.0,5.0,5800.0,2009.0,0.0
131498,3.0,0.0,105077.0,0.0,188.0,31.6,106415.0,0.0,170.0,23.9,3.0,6.0,46.0,1050.0,60.0,981.0,2019.0,0.0
94012,3.0,4.0,103970.0,1.0,175.0,27.5,104755.0,1.0,185.0,23.3,3.0,7.0,19.0,1770.0,57.0,810.0,2009.0,0.0
118900,3.0,0.0,111815.0,0.0,188.0,26.3,100644.0,1.0,198.0,24.7,3.0,8.0,12.0,2945.0,3.0,7840.0,2022.0,1.0
58080,3.0,2.0,104745.0,0.0,185.0,21.4,103819.0,1.0,185.0,26.2,3.0,9.0,2.0,5535.0,1.0,6530.0,2007.0,1.0
41472,1.0,4.0,104607.0,1.0,196.0,32.6,104755.0,1.0,185.0,31.8,3.0,7.0,17.0,2060.0,29.0,1430.0,2018.0,1.0
124559,3.0,0.0,103163.0,1.0,188.0,27.7,104527.0,1.0,183.0,20.7,3.0,6.0,45.0,755.0,54.0,675.0,2006.0,0.0
798,3.0,0.0,105227.0,1.0,198.0,25.3,104542.0,1.0,188.0,28.8,3.0,5.0,37.0,1085.0,10.0,2885.0,2014.0,0.0
63667,1.0,4.0,105777.0,1.0,188.0,22.9,104719.0,1.0,190.0,28.0,3.0,7.0,14.0,2130.0,32.0,1215.0,2014.0,0.0
351,3.0,0.0,104607.0,1.0,196.0,23.0,104620.0,1.0,183.0,23.0,3.0,6.0,22.0,1235.0,42.0,838.0,2008.0,1.0
148981,3.0,0.0,126203.0,1.0,193.0,23.3,105932.0,1.0,185.0,29.0,3.0,9.0,33.0,1695.0,42.0,1405.0,2021.0,1.0
73536,3.0,0.0,104871.0,1.0,188.0,23.0,104269.0,0.0,188.0,26.2,3.0,6.0,41.0,950.0,11.0,2860.0,2010.0,0.0
105239,3.0,4.0,104076.0,1.0,190.0,26.4,104386.0,1.0,180.0,24.7,3.0,4.0,42.0,1450.0,46.0,1350.0,2009.0,1.0
105777,3.0,3.0,104925.0,1.0,188.0,25.2,104527.0,1.0,183.0,27.4,5.0,5.0,2.0,11270.0,19.0,1730.0,2012.0,0.0
179843,1.0,3.0,103812.0,1.0,198.0,27.8,104022.0,1.0,183.0,26.9,5.0,7.0,33.0,1541.0,42.0,1275.0,2009.0,0.0
33377,1.0,4.0,105453.0,1.0,178.0,27.3,103970.0,1.0,175.0,35.0,3.0,5.0,8.0,3650.0,30.0,1230.0,2017.0,0.0
115008,3.0,4.0,103819.0,1.0,185.0,26.0,104597.0,1.0,183.0,21.9,3.0,3.0,1.0,7140.0,32.0,890.0,2007.0,0.0
97060,2.0,0.0,105526.0,1.0,193.0,29.1,133430.0,0.0,185.0,20.1,3.0,6.0,38.0,1170.0,25.0,1390.0,2019.0,0.0
160568,2.0,3.0,104719.0,1.0,190.0,25.1,103888.0,1.0,188.0,29.5,5.0,4.0,48.0,977.0,9.0,2335.0,2011.0,1.0
104224,3.0,0.0,105238.0,1.0,180.0,23.1,104918.0,1.0,190.0,24.6,3.0,2.0,15.0,1925.0,4.0,7380.0,2012.0,1.0
14119,1.0,4.0,103498.0,1.0,193.0,25.2,102703.0,1.0,180.0,29.2,3.0,7.0,4.0,3390.0,59.0,671.0,2005.0,0.0
126510,3.0,4.0,104926.0,1.0,178.0,26.3,104925.0,1.0,188.0,26.3,3.0,5.0,17.0,1885.0,2.0,11120.0,2013.0,1.0
61538,3.0,4.0,104890.0,1.0,190.0,28.5,106401.0,1.0,193.0,20.4,3.0,7.0,60.0,785.0,32.0,1215.0,2015.0,1.0
206120,2.0,0.0,103819.0,1.0,185.0,36.8,105332.0,1.0,196.0,29.1,3.0,5.0,1.0,8920.0,48.0,1010.0,2018.0,0.0
178684,1.0,4.0,104053.0,1.0,188.0,23.6,103812.0,1.0,198.0,24.7,3.0,7.0,5.0,2515.0,59.0,676.0,2006.0,0.0
162588,3.0,3.0,104926.0,1.0,178.0,29.6,103852.0,0.0,188.0,35.3,5.0,4.0,48.0,945.0,29.0,1410.0,2017.0,0.0
32000,2.0,3.0,103506.0,1.0,183.0,29.3,104527.0,1.0,183.0,24.2,5.0,7.0,57.0,1036.0,18.0,2195.0,2009.0,1.0
75044,3.0,4.0,103900.0,1.0,180.0,28.6,103344.0,1.0,193.0,31.4,3.0,7.0,37.0,1145.0,17.0,2180.0,2010.0,0.0
191711,1.0,0.0,104655.0,1.0,180.0,33.3,105332.0,1.0,196.0,30.0,3.0,5.0,50.0,963.0,51.0,938.0,2019.0,1.0
143439,1.0,3.0,103808.0,1.0,188.0,26.8,104214.0,1.0,185.0,24.8,5.0,4.0,48.0,715.0,27.0,1125.0,2008.0,1.0
173207,3.0,0.0,105777.0,1.0,188.0,25.3,105077.0,0.0,188.0,28.6,3.0,9.0,21.0,1690.0,31.0,1340.0,2016.0,1.0
41417,1.0,3.0,104745.0,0.0,185.0,27.9,104925.0,1.0,188.0,27.0,5.0,2.0,1.0,12500.0,2.0,11850.0,2014.0,0.0
187312,3.0,0.0,104022.0,1.0,183.0,30.6,104471.0,1.0,183.0,28.0,3.0,3.0,32.0,1165.0,63.0,743.0,2013.0,0.0
176414,2.0,0.0,104180.0,0.0,193.0,34.1,105227.0,1.0,198.0,28.7,3.0,9.0,26.0,1585.0,7.0,4025.0,2017.0,1.0
15426,2.0,0.0,104534.0,1.0,175.0,24.1,103294.0,1.0,170.0,30.4,3.0,6.0,47.0,1135.0,59.0,978.0,2009.0,0.0
24255,1.0,4.0,105554.0,1.0,175.0,30.8,104925.0,1.0,188.0,33.8,3.0,5.0,33.0,1825.0,1.0,11963.0,2021.0,0.0
14847,3.0,4.0,105449.0,1.0,188.0,26.7,105373.0,0.0,190.0,27.2,3.0,7.0,24.0,1645.0,33.0,1265.0,2016.0,0.0
16554,1.0,4.0,126205.0,1.0,185.0,23.9,105138.0,1.0,183.0,32.9,3.0,6.0,54.0,1155.0,11.0,3090.0,2021.0,1.0
154319,3.0,4.0,104918.0,1.0,190.0,24.8,105683.0,1.0,196.0,21.2,3.0,6.0,4.0,7450.0,26.0,1345.0,2012.0,0.0
69821,3.0,4.0,103909.0,1.0,175.0,22.1,103017.0,1.0,183.0,26.7,3.0,3.0,4.0,3290.0,44.0,861.0,2004.0,0.0
55694,1.0,4.0,105807.0,1.0,188.0,25.8,105332.0,1.0,196.0,28.0,3.0,7.0,18.0,2170.0,52.0,900.0,2017.0,1.0
170041,2.0,0.0,103852.0,0.0,188.0,24.7,103694.0,1.0,168.0,25.4,3.0,6.0,49.0,785.0,29.0,1120.0,2006.0,0.0
121375,1.0,0.0,207989.0,1.0,185.0,19.2,105936.0,1.0,185.0,30.3,3.0,5.0,6.0,4845.0,43.0,1010.0,2022.0,0.0
5963,3.0,4.0,102434.0,1.0,183.0,29.0,103096.0,1.0,173.0,25.6,3.0,6.0,34.0,985.0,33.0,995.0,2003.0,0.0
28798,3.0,3.0,103900.0,1.0,180.0,22.6,104022.0,1.0,183.0,22.1,5.0,7.0,9.0,1990.0,38.0,840.0,2004.0,1.0
102795,3.0,0.0,104198.0,1.0,188.0,27.3,105208.0,1.0,190.0,22.0,3.0,3.0,53.0,900.0,25.0,1515.0,2010.0,0.0
93577,3.0,0.0,104312.0,1.0,190.0,30.0,104259.0,1.0,178.0,30.3,3.0,5.0,31.0,1210.0,26.0,1375.0,2014.0,1.0
183267,3.0,4.0,105723.0,1.0,185.0,25.0,105173.0,0.0,183.0,27.7,3.0,6.0,51.0,890.0,64.0,755.0,2016.0,0.0
100552,1.0,0.0,103893.0,1.0,183.0,35.4,104731.0,1.0,203.0,31.0,3.0,6.0,34.0,1153.0,62.0,800.0,2017.0,1.0
108365,3.0,3.0,104122.0,1.0,183.0,29.5,106071.0,1.0,193.0,19.8,5.0,4.0,44.0,950.0,43.0,950.0,2012.0,1.0
76441,2.0,3.0,104918.0,1.0,190.0,24.0,104593.0,1.0,185.0,25.8,5.0,4.0,4.0,6855.0,59.0,874.0,2011.0,0.0
165458,3.0,4.0,105430.0,1.0,175.0,29.9,105932.0,1.0,185.0,27.6,3.0,7.0,50.0,1022.0,26.0,1485.0,2019.0,0.0
91242,3.0,1.0,200282.0,1.0,183.0,23.5,105676.0,1.0,180.0,31.7,3.0,8.0,22.0,1745.0,62.0,770.0,2022.0,0.0
183610,1.0,4.0,126774.0,1.0,193.0,22.6,106426.0,1.0,185.0,24.8,3.0,5.0,5.0,7040.0,24.0,2260.0,2021.0,0.0
43028,1.0,0.0,104607.0,1.0,196.0,21.6,104259.0,1.0,178.0,23.5,3.0,8.0,12.0,2020.0,32.0,890.0,2007.0,0.0
153040,3.0,0.0,104792.0,1.0,193.0,28.4,105138.0,1.0,183.0,26.8,3.0,9.0,21.0,1635.0,16.0,1975.0,2015.0,0.0
27463,3.0,0.0,103970.0,1.0,175.0,24.7,103888.0,1.0,188.0,25.0,3.0,9.0,16.0,1475.0,45.0,776.0,2007.0,0.0
14668,3.0,3.0,200624.0,1.0,196.0,22.1,126205.0,1.0,185.0,25.2,5.0,7.0,52.0,905.0,34.0,1305.0,2022.0,1.0
26368,2.0,3.0,103819.0,1.0,185.0,21.8,102882.0,1.0,196.0,26.6,5.0,2.0,5.0,2580.0,48.0,735.0,2003.0,0.0
156145,3.0,0.0,103454.0,1.0,183.0,23.9,103428.0,1.0,190.0,24.1,3.0,6.0,21.0,1192.0,45.0,845.0,2003.0,1.0
147102,1.0,4.0,104542.0,1.0,188.0,30.0,105676.0,1.0,180.0,24.4,3.0,6.0,14.0,2090.0,20.0,1705.0,2015.0,1.0
190809,1.0,0.0,104198.0,1.0,188.0,25.2,102845.0,1.0,190.0,32.0,3.0,3.0,64.0,636.0,61.0,665.0,2008.0,1.0
111358,3.0,3.0,104607.0,1.0,196.0,32.3,103819.0,1.0,185.0,36.4,5.0,3.0,20.0,2050.0,2.0,9605.0,2018.0,1.0
178874,1.0,0.0,106233.0,1.0,185.0,21.8,105807.0,1.0,188.0,24.0,3.0,3.0,24.0,1475.0,60.0,790.0,2015.0,0.0
84594,1.0,4.0,103970.0,1.0,175.0,28.1,103819.0,1.0,185.0,28.7,3.0,9.0,12.0,2695.0,1.0,10430.0,2010.0,1.0
78599,3.0,3.0,103819.0,1.0,185.0,25.4,104022.0,1.0,183.0,24.5,5.0,6.0,1.0,8120.0,25.0,1075.0,2007.0,0.0
5123,2.0,3.0,104925.0,1.0,188.0,30.1,105173.0,0.0,183.0,29.0,5.0,5.0,4.0,6055.0,51.0,896.0,2017.0,0.0
46584,1.0,4.0,105138.0,1.0,183.0,27.0,105453.0,1.0,178.0,25.3,3.0,5.0,16.0,1985.0,5.0,5280.0,2015.0,1.0
183774,3.0,0.0,105062.0,1.0,183.0,31.1,104898.0,1.0,190.0,31.8,3.0,6.0,53.0,910.0,55.0,905.0,2019.0,0.0
161984,3.0,1.0,111575.0,1.0,198.0,20.6,104678.0,1.0,193.0,30.9,5.0,8.0,52.0,904.0,37.0,1225.0,2017.0,1.0
130359,1.0,3.0,200000.0,1.0,193.0,21.7,104745.0,0.0,185.0,35.9,5.0,5.0,9.0,3820.0,5.0,5525.0,2022.0,1.0
188094,2.0,3.0,103990.0,1.0,180.0,31.1,104918.0,1.0,190.0,26.1,5.0,6.0,29.0,1355.0,2.0,8560.0,2013.0,1.0
64596,1.0,3.0,104542.0,1.0,188.0,30.1,104527.0,1.0,183.0,30.1,5.0,9.0,15.0,2045.0,9.0,3845.0,2015.0,1.0
146728,3.0,0.0,105332.0,1.0,196.0,27.8,103819.0,1.0,185.0,35.5,3.0,6.0,39.0,1040.0,10.0,3260.0,2017.0,1.0
205329,3.0,3.0,104925.0,1.0,188.0,24.2,104386.0,1.0,180.0,27.1,5.0,3.0,1.0,13920.0,20.0,1740.0,2011.0,0.0
165763,1.0,0.0,106210.0,0.0,198.0,24.0,104259.0,1.0,178.0,33.7,3.0,5.0,48.0,910.0,47.0,930.0,2017.0,1.0
146132,3.0,4.0,103970.0,1.0,175.0,32.3,104022.0,1.0,183.0,32.1,3.0,5.0,6.0,4255.0,25.0,1495.0,2014.0,0.0
60658,2.0,0.0,104332.0,1.0,185.0,25.2,104871.0,1.0,188.0,22.3,3.0,6.0,55.0,1045.0,43.0,1184.0,2009.0,1.0
196339,3.0,4.0,105676.0,1.0,180.0,26.6,105216.0,1.0,173.0,28.8,3.0,7.0,13.0,2560.0,46.0,978.0,2017.0,0.0
66165,1.0,0.0,102374.0,1.0,180.0,29.2,102783.0,1.0,180.0,27.2,3.0,5.0,47.0,760.0,8.0,2000.0,2003.0,1.0
113841,3.0,0.0,105064.0,0.0,188.0,24.7,104268.0,0.0,185.0,28.8,3.0,6.0,40.0,967.0,57.0,755.0,2012.0,1.0
17156,3.0,4.0,104597.0,1.0,183.0,27.5,104755.0,1.0,185.0,26.7,3.0,5.0,12.0,2435.0,10.0,2960.0,2013.0,1.0
45238,1.0,0.0,104468.0,1.0,183.0,23.3,104542.0,1.0,188.0,23.0,3.0,9.0,36.0,900.0,15.0,1420.0,2008.0,0.0
198386,3.0,0.0,103607.0,1.0,173.0,35.0,104545.0,1.0,206.0,30.2,3.0,6.0,51.0,886.0,18.0,1890.0,2015.0,1.0
2041,3.0,0.0,103997.0,1.0,190.0,29.6,104471.0,1.0,183.0,27.0,3.0,6.0,58.0,808.0,36.0,1065.0,2012.0,0.0
78136,1.0,4.0,103428.0,1.0,190.0,24.6,103789.0,0.0,188.0,22.9,3.0,7.0,24.0,1145.0,49.0,745.0,2004.0,1.0
75939,3.0,4.0,104755.0,1.0,185.0,26.1,104925.0,1.0,188.0,25.2,3.0,2.0,21.0,1600.0,2.0,11270.0,2012.0,1.0
205429,0.0,0.0,104022.0,1.0,183.0,22.3,103971.0,1.0,180.0,22.5,3.0,2.0,31.0,1010.0,53.0,717.0,2004.0,0.0
182229,3.0,4.0,104545.0,1.0,206.0,31.2,104534.0,1.0,175.0,31.3,3.0,7.0,16.0,2100.0,60.0,826.0,2016.0,0.0
9272,3.0,0.0,126774.0,1.0,193.0,22.2,105777.0,1.0,188.0,29.4,3.0,5.0,5.0,5925.0,20.0,2215.0,2020.0,1.0
115633,3.0,3.0,106043.0,1.0,170.0,26.4,106045.0,1.0,180.0,26.4,5.0,7.0,16.0,1925.0,62.0,818.0,2019.0,0.0
10096,3.0,4.0,104545.0,1.0,206.0,25.4,103819.0,1.0,185.0,29.1,3.0,6.0,20.0,1850.0,3.0,6735.0,2010.0,1.0
178495,3.0,0.0,103900.0,1.0,180.0,21.0,103151.0,1.0,183.0,24.8,3.0,6.0,12.0,1775.0,48.0,736.0,2003.0,1.0
16865,1.0,4.0,105227.0,1.0,198.0,26.5,106210.0,0.0,198.0,21.8,3.0,7.0,10.0,3405.0,36.0,1108.0,2015.0,0.0
30688,3.0,2.0,104745.0,0.0,185.0,21.4,104755.0,1.0,185.0,21.4,3.0,8.0,2.0,5535.0,8.0,1830.0,2007.0,0.0
200986,1.0,0.0,104678.0,1.0,193.0,27.4,103990.0,1.0,180.0,31.2,3.0,5.0,53.0,845.0,28.0,1335.0,2013.0,1.0
46655,3.0,0.0,106415.0,0.0,170.0,24.3,124187.0,1.0,211.0,22.4,3.0,2.0,63.0,862.0,54.0,947.0,2020.0,1.0
146814,0.0,4.0,103206.0,1.0,175.0,27.4,103758.0,1.0,188.0,24.5,3.0,7.0,26.0,1130.0,34.0,995.0,2005.0,1.0
62702,3.0,2.0,134770.0,1.0,183.0,23.8,126203.0,1.0,193.0,25.0,3.0,8.0,4.0,5020.0,9.0,2955.0,2022.0,0.0
202354,2.0,3.0,104755.0,1.0,185.0,29.0,106401.0,1.0,193.0,20.1,5.0,5.0,20.0,1610.0,29.0,1245.0,2015.0,0.0
22285,3.0,0.0,105023.0,1.0,198.0,31.0,106233.0,1.0,185.0,25.1,3.0,5.0,56.0,920.0,7.0,3825.0,2018.0,1.0
1091,0.0,4.0,102860.0,1.0,183.0,27.1,102035.0,1.0,183.0,31.5,3.0,7.0,22.0,1220.0,41.0,948.0,2003.0,1.0
105319,3.0,2.0,105223.0,1.0,198.0,25.1,103819.0,1.0,185.0,32.2,3.0,8.0,5.0,5055.0,7.0,3805.0,2013.0,1.0
8319,3.0,0.0,105777.0,1.0,188.0,23.3,104269.0,0.0,188.0,30.8,3.0,6.0,10.0,3710.0,32.0,1135.0,2014.0,0.0
146252,3.0,0.0,104918.0,1.0,190.0,29.4,104545.0,1.0,206.0,31.4,3.0,3.0,2.0,10485.0,27.0,1385.0,2016.0,0.0
130026,3.0,0.0,103758.0,1.0,188.0,23.8,104339.0,1.0,196.0,20.8,3.0,6.0,32.0,1025.0,31.0,1026.0,2005.0,1.0
191582,1.0,4.0,104792.0,1.0,193.0,19.6,103694.0,1.0,168.0,25.2,3.0,7.0,32.0,974.0,29.0,1005.0,2006.0,1.0
179284,1.0,1.0,103484.0,1.0,185.0,29.5,105227.0,1.0,198.0,20.7,5.0,8.0,17.0,2280.0,15.0,2500.0,2009.0,1.0
128160,1.0,1.0,103292.0,1.0,175.0,24.7,103507.0,1.0,183.0,23.5,5.0,8.0,32.0,1000.0,1.0,4250.0,2003.0,1.0
112869,3.0,0.0,134770.0,1.0,183.0,23.0,106426.0,1.0,185.0,25.5,3.0,8.0,8.0,4160.0,17.0,2353.0,2022.0,0.0
155106,3.0,4.0,102845.0,1.0,190.0,26.5,103387.0,1.0,185.0,23.7,3.0,9.0,5.0,2625.0,13.0,1655.0,2003.0,0.0
144024,3.0,4.0,104655.0,1.0,180.0,30.8,103893.0,1.0,183.0,34.8,3.0,6.0,22.0,1700.0,39.0,1100.0,2016.0,0.0
48906,3.0,0.0,104678.0,1.0,193.0,26.6,104898.0,1.0,190.0,25.4,3.0,6.0,32.0,1205.0,51.0,830.0,2012.0,0.0
179221,2.0,0.0,102148.0,1.0,178.0,33.5,104339.0,1.0,196.0,22.2,3.0,3.0,44.0,807.0,12.0,1730.0,2006.0,1.0
74475,1.0,3.0,105064.0,0.0,188.0,22.3,103344.0,1.0,193.0,31.1,5.0,6.0,29.0,1482.0,16.0,2140.0,2010.0,0.0
179895,1.0,4.0,103970.0,1.0,175.0,26.0,103285.0,1.0,185.0,29.4,3.0,6.0,5.0,2780.0,27.0,1060.0,2008.0,1.0
97799,2.0,0.0,105575.0,1.0,175.0,25.9,104291.0,1.0,185.0,32.3,3.0,6.0,56.0,890.0,64.0,787.0,2016.0,1.0
171797,3.0,3.0,104745.0,0.0,185.0,22.6,103602.0,1.0,183.0,28.4,5.0,5.0,1.0,13160.0,14.0,2840.0,2009.0,0.0
11978,3.0,3.0,126094.0,1.0,188.0,21.8,106401.0,1.0,193.0,24.3,5.0,6.0,43.0,1066.0,30.0,1430.0,2019.0,0.0
17918,3.0,0.0,103292.0,1.0,175.0,24.8,103252.0,1.0,175.0,25.1,3.0,6.0,35.0,1030.0,57.0,667.0,2003.0,0.0
199844,1.0,0.0,104312.0,1.0,190.0,24.2,104534.0,1.0,175.0,23.1,3.0,5.0,32.0,973.0,61.0,584.0,2008.0,0.0
27797,3.0,0.0,106432.0,1.0,188.0,18.8,105453.0,1.0,178.0,25.7,3.0,6.0,38.0,1076.0,6.0,4540.0,2015.0,1.0
94319,3.0,0.0,104098.0,1.0,185.0,28.8,103898.0,1.0,185.0,29.8,3.0,5.0,40.0,1028.0,57.0,853.0,2011.0,0.0
26421,3.0,0.0,103781.0,0.0,183.0,28.7,103786.0,1.0,178.0,28.6,3.0,3.0,32.0,1225.0,6.0,5290.0,2010.0,1.0
148207,1.0,0.0,105916.0,1.0,188.0,26.2,105449.0,1.0,188.0,28.4,3.0,9.0,60.0,884.0,47.0,1065.0,2018.0,0.0
38390,3.0,3.0,103786.0,1.0,178.0,30.2,104471.0,1.0,183.0,26.6,5.0,4.0,39.0,1115.0,33.0,1207.0,2011.0,0.0
110488,1.0,4.0,103507.0,1.0,183.0,25.2,103786.0,1.0,178.0,23.9,3.0,5.0,39.0,905.0,20.0,1285.0,2005.0,1.0
9980,3.0,4.0,103819.0,1.0,185.0,26.6,104417.0,1.0,193.0,23.6,3.0,6.0,1.0,6550.0,39.0,795.0,2008.0,0.0
113068,3.0,3.0,101736.0,1.0,180.0,33.3,103909.0,1.0,175.0,21.6,5.0,3.0,1.0,3920.0,5.0,2930.0,2003.0,0.0
122419,3.0,4.0,103720.0,1.0,180.0,24.0,103566.0,0.0,190.0,24.8,3.0,6.0,2.0,3990.0,52.0,745.0,2005.0,0.0
19616,3.0,0.0,104542.0,1.0,188.0,27.5,103598.0,1.0,185.0,32.2,3.0,6.0,7.0,4815.0,58.0,746.0,2012.0,1.0
182645,0.0,0.0,104068.0,1.0,183.0,20.9,104022.0,1.0,183.0,21.2,3.0,3.0,35.0,1000.0,36.0,1000.0,2003.0,1.0
194024,3.0,0.0,103970.0,1.0,175.0,30.4,104229.0,1.0,180.0,29.1,3.0,6.0,5.0,5960.0,64.0,694.0,2012.0,1.0
116944,2.0,3.0,106214.0,1.0,196.0,28.9,207989.0,1.0,185.0,19.1,5.0,6.0,36.0,1155.0,7.0,4890.0,2022.0,1.0
66992,3.0,4.0,103898.0,1.0,185.0,27.6,104918.0,1.0,190.0,22.2,3.0,3.0,55.0,905.0,2.0,9250.0,2009.0,1.0
137906,3.0,0.0,102434.0,1.0,183.0,29.2,103786.0,1.0,178.0,22.3,3.0,6.0,29.0,1100.0,44.0,840.0,2003.0,0.0
135995,1.0,0.0,104122.0,1.0,183.0,29.0,104468.0,1.0,183.0,27.1,3.0,6.0,43.0,991.0,13.0,2005.0,2012.0,0.0
205463,3.0,0.0,122330.0,1.0,196.0,24.0,106421.0,1.0,198.0,25.4,3.0,7.0,40.0,1611.0,2.0,10370.0,2021.0,1.0
23162,3.0,4.0,105223.0,1.0,198.0,20.4,103970.0,1.0,175.0,26.9,3.0,5.0,7.0,4470.0,12.0,3045.0,2009.0,0.0
44707,3.0,0.0,104053.0,1.0,188.0,20.9,102450.0,1.0,185.0,28.8,3.0,9.0,6.0,2890.0,38.0,915.0,2003.0,1.0
197726,1.0,3.0,103990.0,1.0,180.0,31.0,104997.0,1.0,190.0,25.7,5.0,7.0,34.0,1095.0,62.0,762.0,2013.0,0.0
127475,1.0,4.0,103819.0,1.0,185.0,25.7,103507.0,1.0,183.0,27.2,3.0,5.0,1.0,7015.0,19.0,1355.0,2007.0,0.0
112496,3.0,0.0,105223.0,1.0,198.0,20.0,104259.0,1.0,178.0,24.9,3.0,5.0,9.0,1685.0,32.0,1015.0,2008.0,1.0
142008,1.0,4.0,104925.0,1.0,188.0,21.9,103656.0,1.0,175.0,28.4,3.0,6.0,3.0,9160.0,33.0,1609.0,2009.0,0.0
157216,1.0,0.0,105916.0,1.0,188.0,27.2,106065.0,1.0,185.0,26.5,3.0,3.0,35.0,1205.0,19.0,1830.0,2019.0,1.0
89826,1.0,4.0,104745.0,0.0,185.0,23.9,104597.0,1.0,183.0,24.7,3.0,9.0,3.0,6480.0,35.0,1315.0,2010.0,0.0
151322,3.0,4.0,104291.0,1.0,185.0,34.7,104269.0,0.0,188.0,34.9,3.0,6.0,55.0,923.0,27.0,1545.0,2018.0,0.0
11457,3.0,4.0,105332.0,1.0,196.0,24.2,104527.0,1.0,183.0,28.3,3.0,6.0,27.0,1405.0,10.0,2915.0,2013.0,0.0
65090,3.0,3.0,105449.0,1.0,188.0,26.0,103970.0,1.0,175.0,33.7,5.0,6.0,32.0,1240.0,8.0,4145.0,2016.0,1.0
4626,1.0,0.0,102839.0,1.0,188.0,26.9,103454.0,1.0,183.0,23.7,3.0,3.0,64.0,635.0,48.0,734.0,2003.0,1.0
125849,3.0,3.0,104417.0,1.0,193.0,25.0,103819.0,1.0,185.0,28.0,5.0,3.0,12.0,2665.0,1.0,12040.0,2009.0,1.0
170490,1.0,0.0,103908.0,1.0,185.0,27.5,103786.0,1.0,178.0,28.1,3.0,2.0,39.0,1175.0,12.0,2935.0,2009.0,1.0
138356,3.0,4.0,104918.0,1.0,190.0,20.2,104571.0,1.0,183.0,22.1,3.0,7.0,16.0,1540.0,18.0,1440.0,2007.0,1.0
116506,1.0,4.0,100644.0,1.0,198.0,21.9,200000.0,1.0,193.0,18.6,3.0,6.0,3.0,6040.0,33.0,1245.0,2019.0,0.0
61913,3.0,4.0,122330.0,1.0,196.0,23.7,206173.0,1.0,188.0,19.5,3.0,3.0,44.0,1385.0,31.0,1789.0,2021.0,1.0
79525,3.0,3.0,102374.0,1.0,180.0,28.7,103852.0,0.0,188.0,21.3,5.0,4.0,19.0,1555.0,62.0,633.0,2003.0,1.0
134579,1.0,4.0,103506.0,1.0,183.0,29.1,104214.0,1.0,185.0,25.7,3.0,7.0,49.0,1248.0,22.0,2025.0,2009.0,0.0
87698,1.0,3.0,100644.0,1.0,198.0,22.0,104925.0,1.0,188.0,32.0,5.0,3.0,5.0,4360.0,1.0,12355.0,2019.0,1.0
146624,3.0,4.0,104918.0,1.0,190.0,27.4,105777.0,1.0,188.0,23.4,3.0,5.0,8.0,4295.0,11.0,3645.0,2014.0,0.0
139363,2.0,0.0,104053.0,1.0,188.0,22.7,103206.0,1.0,175.0,27.0,3.0,3.0,4.0,3590.0,21.0,1315.0,2005.0,0.0
76670,3.0,3.0,106401.0,1.0,193.0,19.7,103333.0,1.0,208.0,35.8,5.0,7.0,53.0,830.0,27.0,1365.0,2015.0,0.0
6604,1.0,4.0,104979.0,1.0,185.0,26.8,104022.0,1.0,183.0,31.8,3.0,6.0,59.0,827.0,16.0,2020.0,2014.0,1.0
177819,3.0,4.0,103900.0,1.0,180.0,25.2,103813.0,0.0,185.0,25.6,3.0,6.0,11.0,1995.0,21.0,1210.0,2007.0,1.0
21989,3.0,0.0,105032.0,1.0,193.0,28.2,111202.0,1.0,188.0,19.6,3.0,6.0,60.0,782.0,51.0,817.0,2016.0,1.0
105154,1.0,0.0,104593.0,1.0,185.0,25.7,104386.0,1.0,180.0,26.8,3.0,8.0,54.0,909.0,32.0,1225.0,2011.0,1.0
98656,3.0,4.0,106234.0,1.0,185.0,29.1,106415.0,0.0,170.0,27.0,3.0,7.0,58.0,795.0,38.0,1105.0,2022.0,1.0
167273,3.0,3.0,103206.0,1.0,175.0,27.2,103990.0,1.0,180.0,23.3,5.0,6.0,35.0,960.0,20.0,1350.0,2005.0,1.0
22933,3.0,0.0,104022.0,1.0,183.0,31.2,105023.0,1.0,198.0,25.9,3.0,6.0,20.0,1780.0,30.0,1265.0,2013.0,1.0
157975,3.0,3.0,104925.0,1.0,188.0,28.6,111202.0,1.0,188.0,19.6,5.0,4.0,1.0,16790.0,52.0,821.0,2016.0,0.0
113079,1.0,4.0,104269.0,0.0,188.0,23.4,104607.0,1.0,196.0,21.6,3.0,7.0,39.0,815.0,12.0,1990.0,2007.0,1.0
80646,3.0,0.0,105676.0,1.0,180.0,29.1,122330.0,1.0,196.0,22.6,3.0,5.0,10.0,2555.0,54.0,952.0,2020.0,0.0
152743,1.0,0.0,103786.0,1.0,178.0,28.1,103812.0,1.0,198.0,27.9,3.0,3.0,12.0,2935.0,31.0,1291.0,2009.0,0.0
43428,3.0,0.0,104745.0,0.0,185.0,28.3,104755.0,1.0,185.0,28.2,3.0,6.0,2.0,8665.0,22.0,1745.0,2014.0,0.0
138058,3.0,4.0,105643.0,0.0,190.0,26.4,105453.0,1.0,178.0,27.2,3.0,5.0,57.0,840.0,4.0,4730.0,2017.0,1.0
131572,1.0,0.0,104468.0,1.0,183.0,26.5,103813.0,0.0,185.0,29.9,3.0,5.0,18.0,1745.0,55.0,901.0,2011.0,0.0
26134,3.0,3.0,104607.0,1.0,196.0,22.3,103819.0,1.0,185.0,26.4,5.0,5.0,13.0,1685.0,1.0,7180.0,2008.0,1.0
13364,3.0,3.0,104745.0,0.0,185.0,25.6,104925.0,1.0,188.0,24.6,5.0,2.0,2.0,9595.0,1.0,13630.0,2012.0,1.0
177351,3.0,4.0,105223.0,1.0,198.0,29.4,104545.0,1.0,206.0,32.8,3.0,9.0,6.0,4155.0,17.0,2170.0,2018.0,1.0
164395,3.0,0.0,105932.0,1.0,185.0,27.8,104655.0,1.0,180.0,34.0,3.0,8.0,26.0,1450.0,45.0,1097.0,2020.0,0.0
202809,2.0,0.0,103163.0,1.0,188.0,27.1,103819.0,1.0,185.0,23.8,3.0,9.0,23.0,1285.0,1.0,6980.0,2005.0,1.0
132250,3.0,0.0,104386.0,1.0,180.0,27.3,103786.0,1.0,178.0,30.3,3.0,9.0,14.0,2040.0,38.0,1105.0,2011.0,0.0
96229,2.0,3.0,104026.0,1.0,198.0,22.9,103602.0,1.0,183.0,24.8,5.0,6.0,10.0,1620.0,24.0,1270.0,2005.0,1.0
29605,1.0,0.0,105023.0,1.0,198.0,27.4,103852.0,0.0,188.0,33.5,3.0,3.0,42.0,1040.0,12.0,2380.0,2015.0,0.0
145842,3.0,1.0,104327.0,1.0,178.0,33.0,103893.0,1.0,183.0,35.2,5.0,8.0,53.0,899.0,38.0,1063.0,2017.0,0.0
29562,3.0,0.0,104926.0,1.0,178.0,25.3,104252.0,1.0,190.0,28.9,3.0,6.0,47.0,895.0,29.0,1295.0,2012.0,1.0
12605,1.0,0.0,103672.0,0.0,175.0,24.3,102783.0,1.0,180.0,28.9,3.0,6.0,55.0,729.0,63.0,600.0,2005.0,0.0
143965,1.0,0.0,105373.0,0.0,190.0,25.0,104468.0,1.0,183.0,29.5,3.0,6.0,57.0,845.0,38.0,1085.0,2014.0,1.0
141177,1.0,0.0,103852.0,0.0,188.0,26.6,104214.0,1.0,185.0,24.8,3.0,8.0,34.0,950.0,28.0,1125.0,2008.0,0.0
26442,3.0,2.0,104607.0,1.0,196.0,27.1,104925.0,1.0,188.0,25.4,3.0,8.0,6.0,4405.0,1.0,11420.0,2012.0,1.0
61889,3.0,3.0,104022.0,1.0,183.0,20.5,104053.0,1.0,188.0,20.3,5.0,5.0,31.0,1090.0,10.0,2045.0,2003.0,1.0
110276,1.0,0.0,104312.0,1.0,190.0,26.4,103507.0,1.0,183.0,30.4,3.0,9.0,55.0,860.0,22.0,1710.0,2010.0,1.0
119668,1.0,0.0,103893.0,1.0,183.0,34.1,106071.0,1.0,193.0,23.2,3.0,3.0,59.0,786.0,20.0,1720.0,2016.0,0.0
71763,3.0,3.0,104660.0,1.0,193.0,25.6,104755.0,1.0,185.0,25.1,5.0,4.0,55.0,825.0,13.0,2080.0,2011.0,1.0
57580,1.0,4.0,104327.0,1.0,178.0,24.1,104925.0,1.0,188.0,20.9,3.0,6.0,49.0,726.0,3.0,4750.0,2008.0,1.0
153987,2.0,0.0,103852.0,0.0,188.0,28.7,104745.0,0.0,185.0,24.0,3.0,3.0,31.0,1385.0,1.0,8700.0,2010.0,0.0
95267,3.0,3.0,126610.0,1.0,196.0,25.3,125802.0,1.0,193.0,27.5,5.0,6.0,8.0,5533.0,53.0,1250.0,2021.0,0.0
164792,1.0,4.0,103084.0,1.0,185.0,27.4,104745.0,0.0,185.0,18.9,3.0,5.0,13.0,1675.0,7.0,2100.0,2005.0,1.0
161042,3.0,0.0,103018.0,1.0,196.0,26.6,102227.0,1.0,180.0,30.7,3.0,6.0,22.0,1190.0,42.0,855.0,2004.0,0.0
193788,3.0,3.0,104607.0,1.0,196.0,26.9,104918.0,1.0,190.0,25.2,5.0,9.0,7.0,4200.0,4.0,7290.0,2012.0,1.0
74262,3.0,2.0,134770.0,1.0,183.0,23.8,200000.0,1.0,193.0,22.2,3.0,8.0,4.0,5020.0,6.0,3995.0,2022.0,0.0
12089,1.0,0.0,104745.0,0.0,185.0,26.8,105683.0,1.0,196.0,22.3,3.0,9.0,5.0,5985.0,13.0,2225.0,2013.0,0.0
180332,1.0,0.0,104607.0,1.0,196.0,21.6,103428.0,1.0,190.0,27.7,3.0,2.0,12.0,2020.0,21.0,1275.0,2007.0,0.0
125925,3.0,0.0,104269.0,0.0,188.0,35.8,106426.0,1.0,185.0,23.3,3.0,5.0,35.0,1265.0,33.0,1297.0,2019.0,1.0
3177,1.0,4.0,103819.0,1.0,185.0,31.7,103285.0,1.0,185.0,34.4,3.0,6.0,2.0,8670.0,48.0,880.0,2013.0,0.0
140688,1.0,3.0,103292.0,1.0,175.0,26.4,103970.0,1.0,175.0,23.1,5.0,5.0,6.0,2440.0,21.0,1225.0,2005.0,1.0
183488,3.0,4.0,102562.0,1.0,190.0,28.3,102257.0,0.0,193.0,29.9,3.0,7.0,11.0,1830.0,59.0,632.0,2003.0,1.0
61130,3.0,0.0,104607.0,1.0,196.0,21.3,103781.0,0.0,183.0,25.6,3.0,3.0,13.0,1655.0,40.0,865.0,2007.0,1.0
145593,3.0,0.0,104918.0,1.0,190.0,28.2,104559.0,1.0,188.0,30.1,3.0,6.0,3.0,7840.0,53.0,854.0,2015.0,1.0
159118,1.0,0.0,103656.0,1.0,175.0,24.3,103252.0,1.0,175.0,26.6,3.0,6.0,62.0,600.0,56.0,699.0,2005.0,1.0
110333,1.0,4.0,102950.0,1.0,180.0,26.1,102845.0,1.0,190.0,26.6,3.0,7.0,50.0,766.0,4.0,3035.0,2003.0,1.0
32712,2.0,0.0,103722.0,1.0,180.0,28.2,104925.0,1.0,188.0,22.0,3.0,5.0,56.0,1056.0,4.0,8020.0,2009.0,1.0
137558,3.0,0.0,106043.0,1.0,170.0,26.1,104468.0,1.0,183.0,33.7,3.0,3.0,17.0,1940.0,32.0,1265.0,2018.0,0.0
43368,3.0,4.0,103990.0,1.0,180.0,26.2,104417.0,1.0,193.0,23.9,3.0,6.0,16.0,1315.0,45.0,850.0,2008.0,1.0
562,1.0,4.0,103103.0,1.0,183.0,28.3,102148.0,1.0,178.0,33.4,3.0,6.0,24.0,1270.0,53.0,722.0,2006.0,1.0
205864,3.0,0.0,104542.0,1.0,188.0,27.4,104797.0,1.0,188.0,26.0,3.0,6.0,7.0,4520.0,45.0,902.0,2012.0,0.0
69149,3.0,4.0,104745.0,0.0,185.0,33.4,105173.0,0.0,183.0,31.3,3.0,6.0,2.0,9225.0,43.0,1111.0,2019.0,0.0
174630,2.0,3.0,103888.0,1.0,188.0,22.5,104026.0,1.0,198.0,21.9,5.0,7.0,20.0,1265.0,43.0,767.0,2004.0,1.0
30744,3.0,2.0,100644.0,1.0,198.0,22.5,126774.0,1.0,193.0,21.2,3.0,8.0,7.0,2945.0,6.0,4000.0,2019.0,1.0
193064,1.0,3.0,104792.0,1.0,193.0,28.7,106043.0,1.0,170.0,22.7,5.0,7.0,14.0,2065.0,62.0,785.0,2015.0,0.0
62797,3.0,4.0,103819.0,1.0,185.0,32.6,104755.0,1.0,185.0,27.7,3.0,5.0,5.0,5045.0,9.0,2905.0,2014.0,0.0
38819,3.0,0.0,104259.0,1.0,178.0,32.3,106432.0,1.0,188.0,19.2,3.0,5.0,28.0,1285.0,38.0,1066.0,2016.0,0.0
140283,3.0,4.0,104607.0,1.0,196.0,26.8,104755.0,1.0,185.0,26.1,3.0,5.0,7.0,4515.0,21.0,1600.0,2012.0,1.0
58672,1.0,4.0,102456.0,1.0,180.0,29.6,104068.0,1.0,183.0,21.5,3.0,7.0,36.0,928.0,41.0,865.0,2004.0,0.0
94049,1.0,4.0,105777.0,1.0,188.0,26.9,105676.0,1.0,180.0,27.3,3.0,3.0,5.0,4635.0,10.0,3110.0,2018.0,0.0
268,1.0,0.0,200000.0,1.0,193.0,20.6,133430.0,0.0,185.0,22.0,3.0,5.0,20.0,2373.0,14.0,2820.0,2021.0,0.0
192255,1.0,0.0,104745.0,0.0,185.0,34.8,105453.0,1.0,178.0,31.3,3.0,5.0,3.0,9490.0,39.0,1543.0,2021.0,0.0
78239,1.0,3.0,105311.0,1.0,185.0,33.1,132283.0,1.0,191.0,27.0,5.0,7.0,63.0,906.0,35.0,1190.0,2022.0,1.0
82257,1.0,0.0,104755.0,1.0,185.0,31.8,106378.0,1.0,188.0,23.2,3.0,9.0,38.0,1295.0,26.0,1627.0,2018.0,1.0
148661,1.0,3.0,104925.0,1.0,188.0,28.0,104918.0,1.0,190.0,28.0,5.0,9.0,1.0,13845.0,3.0,7040.0,2015.0,0.0
13610,3.0,0.0,103970.0,1.0,175.0,33.5,105449.0,1.0,188.0,25.8,3.0,2.0,8.0,3805.0,47.0,940.0,2015.0,0.0
5372,3.0,4.0,103285.0,1.0,185.0,29.3,103206.0,1.0,175.0,29.8,3.0,7.0,28.0,1090.0,52.0,709.0,2008.0,0.0
126346,3.0,4.0,106071.0,1.0,193.0,22.9,104925.0,1.0,188.0,28.3,3.0,3.0,20.0,1585.0,1.0,15785.0,2015.0,1.0
50044,3.0,3.0,106210.0,0.0,198.0,22.1,104545.0,1.0,206.0,30.3,5.0,6.0,48.0,962.0,13.0,2235.0,2015.0,1.0
101297,1.0,1.0,104022.0,1.0,183.0,20.6,103285.0,1.0,185.0,24.1,5.0,8.0,27.0,1165.0,55.0,682.0,2003.0,0.0
28317,3.0,3.0,103333.0,1.0,208.0,36.5,106210.0,0.0,198.0,22.1,5.0,7.0,21.0,1620.0,48.0,962.0,2015.0,1.0
182221,3.0,4.0,103970.0,1.0,175.0,31.5,104468.0,1.0,183.0,28.8,3.0,5.0,3.0,6600.0,17.0,2060.0,2013.0,0.0
22641,1.0,3.0,102610.0,1.0,180.0,27.9,103507.0,1.0,183.0,23.2,5.0,9.0,9.0,1920.0,3.0,3460.0,2003.0,1.0
130474,3.0,3.0,126774.0,1.0,193.0,21.0,126094.0,1.0,188.0,21.8,5.0,4.0,8.0,3455.0,43.0,1066.0,2019.0,1.0
121942,1.0,1.0,105208.0,1.0,190.0,20.0,104312.0,1.0,190.0,24.5,5.0,8.0,50.0,769.0,28.0,1060.0,2008.0,0.0
18024,3.0,4.0,200624.0,1.0,196.0,21.6,104745.0,0.0,185.0,35.7,3.0,7.0,38.0,1289.0,4.0,6515.0,2022.0,1.0
169888,1.0,3.0,103908.0,1.0,185.0,24.3,104745.0,0.0,185.0,19.9,5.0,6.0,32.0,920.0,2.0,4545.0,2006.0,1.0
41822,1.0,4.0,207989.0,1.0,185.0,18.9,111815.0,0.0,188.0,26.6,3.0,5.0,9.0,3818.0,11.0,3335.0,2022.0,0.0
146376,3.0,4.0,104098.0,1.0,185.0,25.2,103428.0,1.0,190.0,28.5,3.0,7.0,37.0,925.0,28.0,1115.0,2008.0,1.0
47052,3.0,0.0,104259.0,1.0,178.0,31.3,105577.0,1.0,193.0,24.6,3.0,6.0,22.0,1460.0,59.0,785.0,2015.0,1.0
140534,1.0,4.0,103900.0,1.0,180.0,22.3,102845.0,1.0,190.0,27.6,5.0,2.0,8.0,2085.0,9.0,1945.0,2004.0,1.0
53837,3.0,0.0,105138.0,1.0,183.0,32.4,104468.0,1.0,183.0,35.7,3.0,5.0,13.0,2665.0,57.0,1005.0,2020.0,0.0
6566,3.0,0.0,105932.0,1.0,185.0,29.9,105916.0,1.0,188.0,30.0,3.0,3.0,22.0,2016.0,36.0,1427.0,2022.0,0.0
69368,1.0,4.0,103252.0,1.0,175.0,25.7,102271.0,0.0,175.0,30.5,3.0,7.0,59.0,622.0,38.0,893.0,2004.0,0.0
116630,1.0,0.0,105062.0,1.0,183.0,27.3,104593.0,1.0,185.0,29.7,3.0,5.0,56.0,867.0,62.0,783.0,2015.0,1.0
46448,3.0,1.0,104745.0,0.0,185.0,33.4,111575.0,1.0,198.0,23.4,3.0,8.0,1.0,9985.0,17.0,1840.0,2019.0,0.0
164991,3.0,0.0,103598.0,1.0,185.0,24.0,103206.0,1.0,175.0,26.1,3.0,5.0,35.0,875.0,12.0,1665.0,2004.0,1.0
164772,1.0,3.0,103888.0,1.0,188.0,26.4,103720.0,1.0,180.0,27.2,5.0,7.0,39.0,865.0,28.0,1085.0,2008.0,1.0
73033,2.0,0.0,103285.0,1.0,185.0,26.5,102257.0,0.0,193.0,31.7,3.0,5.0,16.0,1435.0,38.0,883.0,2005.0,0.0
183113,3.0,2.0,103484.0,1.0,185.0,26.8,103900.0,1.0,180.0,24.8,3.0,9.0,8.0,2130.0,7.0,2195.0,2006.0,0.0
15517,3.0,3.0,103909.0,1.0,175.0,23.6,104068.0,1.0,183.0,22.8,5.0,3.0,8.0,1765.0,46.0,795.0,2005.0,1.0
3404,3.0,0.0,103387.0,1.0,185.0,26.3,102106.0,1.0,188.0,33.1,3.0,9.0,55.0,680.0,44.0,784.0,2005.0,0.0
96359,1.0,0.0,104607.0,1.0,196.0,19.6,103084.0,1.0,185.0,27.4,3.0,8.0,46.0,815.0,10.0,1745.0,2005.0,1.0
154262,1.0,0.0,132283.0,1.0,191.0,26.7,105077.0,0.0,188.0,34.0,3.0,3.0,23.0,1937.0,44.0,1259.0,2022.0,1.0
124542,2.0,3.0,104259.0,1.0,178.0,35.7,104925.0,1.0,188.0,32.1,5.0,4.0,57.0,885.0,1.0,12415.0,2019.0,1.0
8545,3.0,4.0,105807.0,1.0,188.0,30.0,128034.0,1.0,196.0,24.5,3.0,5.0,13.0,3260.0,12.0,3288.0,2021.0,0.0
194597,1.0,1.0,104386.0,1.0,180.0,23.2,103720.0,1.0,180.0,26.5,5.0,8.0,53.0,636.0,21.0,1280.0,2007.0,1.0
99458,3.0,0.0,102610.0,1.0,180.0,28.5,103990.0,1.0,180.0,21.7,3.0,6.0,26.0,1115.0,20.0,1295.0,2004.0,1.0
111977,3.0,1.0,103900.0,1.0,180.0,22.0,102271.0,0.0,175.0,30.2,5.0,8.0,8.0,2060.0,38.0,943.0,2004.0,0.0
72532,1.0,3.0,144750.0,1.0,193.0,24.2,132283.0,1.0,191.0,26.0,5.0,4.0,54.0,1198.0,28.0,2132.0,2021.0,0.0
161938,3.0,0.0,105777.0,1.0,188.0,28.7,105173.0,0.0,183.0,31.6,3.0,5.0,22.0,1682.0,42.0,1086.0,2020.0,0.0
186194,3.0,4.0,104745.0,0.0,185.0,18.7,103819.0,1.0,185.0,23.6,5.0,2.0,31.0,1065.0,1.0,6050.0,2005.0,1.0
2448,3.0,0.0,104468.0,1.0,183.0,26.0,104229.0,1.0,180.0,27.4,3.0,6.0,41.0,1005.0,35.0,1141.0,2011.0,0.0
75055,3.0,0.0,105332.0,1.0,196.0,28.6,104898.0,1.0,190.0,30.7,3.0,3.0,41.0,1155.0,42.0,1130.0,2018.0,0.0
172770,1.0,4.0,104607.0,1.0,196.0,20.6,103602.0,1.0,183.0,25.7,3.0,5.0,21.0,1370.0,9.0,1640.0,2006.0,1.0
204100,3.0,0.0,103344.0,1.0,193.0,23.9,103018.0,1.0,196.0,25.6,3.0,5.0,52.0,700.0,46.0,740.0,2003.0,1.0
193615,3.0,4.0,132283.0,1.0,191.0,24.4,104792.0,1.0,193.0,33.0,3.0,7.0,55.0,1000.0,11.0,2375.0,2019.0,1.0
36650,3.0,3.0,103990.0,1.0,180.0,23.3,103206.0,1.0,175.0,27.2,5.0,6.0,20.0,1350.0,35.0,960.0,2005.0,0.0
151823,3.0,4.0,134770.0,1.0,183.0,22.6,100644.0,1.0,198.0,24.3,3.0,3.0,11.0,3350.0,5.0,7263.0,2021.0,1.0
152370,3.0,0.0,104925.0,1.0,188.0,32.7,111575.0,1.0,198.0,23.7,3.0,3.0,1.0,9720.0,17.0,2040.0,2020.0,0.0
61392,3.0,0.0,105376.0,1.0,185.0,28.4,104792.0,1.0,193.0,31.3,3.0,3.0,60.0,817.0,46.0,1015.0,2018.0,1.0
162408,3.0,0.0,104417.0,1.0,193.0,26.1,103794.0,1.0,178.0,29.3,3.0,5.0,5.0,4825.0,59.0,832.0,2010.0,0.0
10684,3.0,4.0,102562.0,1.0,190.0,28.5,103428.0,1.0,190.0,24.1,3.0,5.0,12.0,1665.0,44.0,845.0,2003.0,1.0
164859,3.0,4.0,206173.0,1.0,188.0,20.2,207989.0,1.0,185.0,18.4,3.0,6.0,9.0,3395.0,35.0,1529.0,2021.0,1.0
193056,1.0,4.0,105807.0,1.0,188.0,24.8,104468.0,1.0,183.0,31.3,3.0,6.0,46.0,979.0,18.0,1900.0,2016.0,1.0
183362,1.0,0.0,103990.0,1.0,180.0,25.2,104214.0,1.0,185.0,24.0,3.0,5.0,7.0,2085.0,49.0,710.0,2007.0,0.0
105432,3.0,2.0,104745.0,0.0,185.0,20.4,103786.0,1.0,178.0,25.4,3.0,8.0,2.0,4270.0,3.0,2725.0,2006.0,0.0
92146,3.0,3.0,104665.0,1.0,180.0,28.5,106058.0,1.0,185.0,21.9,5.0,4.0,48.0,926.0,55.0,836.0,2014.0,0.0
148423,3.0,0.0,105223.0,1.0,198.0,23.4,104542.0,1.0,188.0,26.8,3.0,3.0,10.0,2705.0,5.0,4410.0,2012.0,0.0
92859,3.0,4.0,104597.0,1.0,183.0,27.1,103163.0,1.0,188.0,34.5,3.0,7.0,11.0,2515.0,21.0,1553.0,2012.0,1.0
105002,3.0,3.0,104527.0,1.0,183.0,27.4,105238.0,1.0,180.0,23.8,5.0,6.0,19.0,1730.0,15.0,1905.0,2012.0,0.0
139332,3.0,4.0,104620.0,1.0,183.0,22.4,103786.0,1.0,178.0,26.8,3.0,6.0,55.0,612.0,4.0,2710.0,2008.0,1.0
1425,3.0,0.0,104919.0,1.0,188.0,30.3,103893.0,1.0,183.0,35.7,3.0,6.0,54.0,899.0,38.0,1190.0,2017.0,0.0
143813,3.0,4.0,104792.0,1.0,193.0,29.8,104925.0,1.0,188.0,29.1,3.0,9.0,14.0,2440.0,1.0,15040.0,2016.0,1.0
59830,3.0,0.0,102338.0,1.0,190.0,29.4,103888.0,1.0,188.0,21.6,3.0,5.0,24.0,1140.0,40.0,875.0,2003.0,1.0
24014,3.0,0.0,104999.0,0.0,190.0,30.1,105777.0,1.0,188.0,26.4,3.0,3.0,30.0,1457.0,8.0,3590.0,2017.0,1.0
91670,3.0,4.0,104068.0,1.0,183.0,23.0,103970.0,1.0,175.0,23.5,3.0,3.0,21.0,1270.0,18.0,1380.0,2005.0,0.0
43955,1.0,4.0,103292.0,1.0,175.0,27.3,104076.0,1.0,190.0,23.4,3.0,6.0,8.0,1865.0,35.0,900.0,2006.0,0.0
21808,3.0,0.0,200221.0,1.0,183.0,22.2,105932.0,1.0,185.0,29.5,3.0,5.0,45.0,1415.0,36.0,1556.0,2021.0,1.0
9542,1.0,4.0,106426.0,1.0,185.0,24.8,126774.0,1.0,193.0,22.6,3.0,5.0,24.0,2260.0,5.0,7040.0,2021.0,1.0
178209,2.0,3.0,103893.0,1.0,183.0,35.5,104547.0,0.0,188.0,32.1,5.0,4.0,33.0,1188.0,52.0,893.0,2017.0,0.0
20709,3.0,4.0,105223.0,1.0,198.0,29.8,111202.0,1.0,188.0,22.2,3.0,6.0,3.0,5410.0,25.0,1595.0,2018.0,0.0
40255,3.0,3.0,200221.0,1.0,183.0,23.2,106415.0,0.0,170.0,26.9,5.0,4.0,39.0,1210.0,55.0,827.0,2022.0,0.0
77706,2.0,0.0,104053.0,1.0,188.0,27.7,104534.0,1.0,175.0,25.1,3.0,5.0,7.0,4510.0,63.0,745.0,2010.0,1.0
31731,3.0,2.0,104745.0,0.0,185.0,29.4,103970.0,1.0,175.0,33.6,3.0,8.0,5.0,4630.0,7.0,4305.0,2015.0,0.0
190535,3.0,0.0,103786.0,1.0,178.0,32.7,104997.0,1.0,190.0,26.5,3.0,6.0,63.0,735.0,52.0,875.0,2014.0,0.0
33683,3.0,4.0,103819.0,1.0,185.0,24.0,103017.0,1.0,183.0,28.1,3.0,6.0,1.0,6500.0,38.0,915.0,2005.0,0.0
138450,3.0,3.0,104978.0,1.0,196.0,26.4,104468.0,1.0,183.0,29.0,5.0,4.0,59.0,779.0,19.0,1790.0,2014.0,1.0
114444,2.0,0.0,200624.0,1.0,196.0,20.9,105453.0,1.0,178.0,31.4,3.0,5.0,52.0,1187.0,57.0,1138.0,2021.0,0.0
55433,3.0,0.0,200325.0,1.0,188.0,23.5,126774.0,1.0,193.0,24.1,3.0,9.0,52.0,916.0,5.0,4930.0,2022.0,1.0
15200,3.0,0.0,104607.0,1.0,196.0,30.0,106058.0,1.0,185.0,23.0,3.0,2.0,5.0,4840.0,32.0,1210.0,2015.0,0.0
161113,2.0,0.0,100644.0,1.0,198.0,20.1,105173.0,0.0,183.0,28.9,3.0,5.0,10.0,3070.0,62.0,811.0,2017.0,0.0
18268,2.0,0.0,103900.0,1.0,180.0,25.4,102967.0,1.0,188.0,30.1,3.0,6.0,25.0,1115.0,42.0,746.0,2007.0,1.0
123795,3.0,0.0,105526.0,1.0,193.0,28.8,105916.0,1.0,188.0,27.0,3.0,5.0,54.0,910.0,35.0,1150.0,2019.0,1.0
34719,3.0,0.0,105376.0,1.0,185.0,29.0,105807.0,1.0,188.0,27.1,3.0,5.0,45.0,1038.0,12.0,2380.0,2018.0,1.0
178771,3.0,0.0,126239.0,1.0,196.0,27.2,144684.0,0.0,178.0,24.8,3.0,5.0,51.0,897.0,46.0,962.0,2022.0,0.0
172956,1.0,3.0,103598.0,1.0,185.0,32.8,105683.0,1.0,196.0,22.4,5.0,4.0,56.0,805.0,16.0,2225.0,2013.0,1.0
152083,3.0,0.0,104214.0,1.0,185.0,22.1,103694.0,1.0,168.0,24.5,3.0,6.0,57.0,674.0,29.0,1100.0,2005.0,0.0
57694,1.0,4.0,104755.0,1.0,185.0,24.8,103819.0,1.0,185.0,29.7,3.0,5.0,16.0,1710.0,3.0,8900.0,2011.0,0.0
164613,3.0,4.0,126207.0,1.0,188.0,24.7,132283.0,1.0,191.0,27.4,3.0,7.0,21.0,1920.0,51.0,935.0,2022.0,0.0
8953,1.0,0.0,103990.0,1.0,180.0,20.9,103852.0,0.0,188.0,21.5,3.0,6.0,23.0,1295.0,57.0,712.0,2003.0,0.0
163584,2.0,3.0,105023.0,1.0,198.0,28.7,105064.0,0.0,188.0,28.4,5.0,7.0,41.0,1075.0,62.0,790.0,2016.0,0.0
143773,3.0,0.0,104468.0,1.0,183.0,28.0,104268.0,0.0,185.0,29.1,3.0,5.0,16.0,2165.0,54.0,809.0,2012.0,0.0
112335,1.0,4.0,104545.0,1.0,206.0,28.0,104797.0,1.0,188.0,26.6,3.0,7.0,20.0,1725.0,45.0,900.0,2013.0,1.0
157786,3.0,0.0,128034.0,1.0,196.0,22.5,105332.0,1.0,196.0,30.2,3.0,2.0,41.0,1078.0,30.0,1403.0,2019.0,0.0
158240,3.0,0.0,104871.0,1.0,188.0,31.9,104312.0,1.0,190.0,34.8,3.0,6.0,36.0,1120.0,37.0,1100.0,2019.0,1.0
165082,3.0,4.0,103285.0,1.0,185.0,32.7,104925.0,1.0,188.0,24.2,3.0,5.0,29.0,1338.0,1.0,13500.0,2011.0,1.0
72841,2.0,0.0,104468.0,1.0,183.0,29.4,103898.0,1.0,185.0,32.4,3.0,5.0,36.0,1135.0,47.0,945.0,2014.0,1.0
93452,3.0,0.0,103507.0,1.0,183.0,27.6,103898.0,1.0,185.0,25.7,3.0,5.0,23.0,1190.0,61.0,585.0,2007.0,0.0
55119,1.0,0.0,106233.0,1.0,185.0,22.6,104259.0,1.0,178.0,32.5,3.0,2.0,15.0,2420.0,27.0,1420.0,2016.0,1.0
81730,2.0,0.0,103908.0,1.0,185.0,26.4,105227.0,1.0,198.0,19.7,3.0,6.0,16.0,1345.0,55.0,645.0,2008.0,1.0
73373,0.0,4.0,103990.0,1.0,180.0,24.4,103813.0,0.0,185.0,25.2,3.0,3.0,7.0,2175.0,17.0,1340.0,2006.0,0.0
198053,0.0,0.0,103344.0,1.0,193.0,24.5,102839.0,1.0,188.0,27.1,3.0,3.0,47.0,795.0,61.0,615.0,2003.0,0.0
109218,1.0,1.0,102450.0,1.0,185.0,29.0,101962.0,1.0,193.0,32.0,5.0,8.0,40.0,950.0,19.0,1260.0,2003.0,0.0
39504,3.0,4.0,105238.0,1.0,180.0,22.9,103970.0,1.0,175.0,29.5,3.0,5.0,17.0,1880.0,5.0,4390.0,2011.0,1.0
119179,0.0,0.0,103602.0,1.0,183.0,26.2,104527.0,1.0,183.0,21.5,3.0,9.0,7.0,2190.0,40.0,858.0,2006.0,0.0
183808,1.0,0.0,103176.0,1.0,183.0,25.3,103454.0,1.0,183.0,23.9,3.0,2.0,50.0,674.0,42.0,855.0,2003.0,0.0
107113,3.0,0.0,104918.0,1.0,190.0,20.8,104269.0,0.0,188.0,24.2,3.0,5.0,11.0,1625.0,30.0,1050.0,2008.0,0.0
29192,1.0,4.0,104755.0,1.0,185.0,29.8,104597.0,1.0,183.0,30.6,3.0,7.0,10.0,2840.0,64.0,749.0,2016.0,0.0
198750,2.0,0.0,104792.0,1.0,193.0,20.7,104214.0,1.0,185.0,23.9,3.0,7.0,62.0,582.0,60.0,590.0,2007.0,0.0
136389,3.0,3.0,103484.0,1.0,185.0,29.6,103990.0,1.0,180.0,27.3,5.0,6.0,23.0,1520.0,15.0,2165.0,2009.0,1.0
7750,3.0,4.0,103888.0,1.0,188.0,25.6,103285.0,1.0,185.0,28.7,3.0,7.0,51.0,695.0,36.0,815.0,2007.0,1.0
120682,3.0,3.0,126094.0,1.0,188.0,19.8,106000.0,1.0,172.0,25.2,5.0,6.0,53.0,890.0,56.0,855.0,2017.0,0.0
36356,1.0,4.0,104527.0,1.0,183.0,30.0,105311.0,1.0,185.0,26.0,3.0,6.0,9.0,3495.0,56.0,852.0,2015.0,0.0
159179,3.0,4.0,105777.0,1.0,188.0,28.4,104925.0,1.0,188.0,32.4,3.0,9.0,27.0,1477.0,1.0,9545.0,2019.0,1.0
165316,1.0,0.0,104926.0,1.0,178.0,23.8,103656.0,1.0,175.0,30.3,3.0,3.0,52.0,910.0,24.0,1450.0,2011.0,1.0
200406,1.0,0.0,104871.0,1.0,188.0,28.4,104926.0,1.0,178.0,28.1,3.0,6.0,44.0,950.0,32.0,1115.0,2015.0,1.0
178963,2.0,3.0,104259.0,1.0,178.0,24.6,104269.0,0.0,188.0,24.6,5.0,4.0,36.0,930.0,18.0,1300.0,2008.0,1.0
205225,1.0,4.0,103900.0,1.0,180.0,22.3,103835.0,1.0,183.0,22.6,3.0,5.0,8.0,2085.0,54.0,679.0,2004.0,0.0
132337,3.0,4.0,103970.0,1.0,175.0,32.9,106071.0,1.0,193.0,22.3,3.0,6.0,8.0,4535.0,35.0,1150.0,2015.0,1.0
206300,3.0,4.0,103819.0,1.0,185.0,27.1,104918.0,1.0,190.0,21.4,3.0,9.0,2.0,5930.0,4.0,2995.0,2008.0,1.0
188292,3.0,4.0,104053.0,1.0,188.0,26.5,104745.0,0.0,185.0,22.7,3.0,9.0,7.0,4060.0,1.0,14360.0,2009.0,1.0
118948,3.0,0.0,104871.0,1.0,188.0,31.8,106401.0,1.0,193.0,23.6,3.0,5.0,40.0,1050.0,35.0,1125.0,2018.0,0.0
20280,3.0,4.0,102450.0,1.0,185.0,29.8,102856.0,1.0,190.0,27.8,3.0,6.0,5.0,2505.0,23.0,1130.0,2004.0,1.0
16530,2.0,0.0,103819.0,1.0,185.0,26.8,103017.0,1.0,183.0,30.9,3.0,9.0,1.0,6675.0,38.0,895.0,2008.0,0.0
36158,3.0,0.0,104898.0,1.0,190.0,24.4,103813.0,0.0,185.0,30.1,3.0,5.0,42.0,981.0,50.0,851.0,2011.0,1.0
96555,1.0,0.0,103602.0,1.0,183.0,24.7,103206.0,1.0,175.0,26.9,3.0,8.0,26.0,1200.0,24.0,1200.0,2005.0,0.0
14500,3.0,4.0,103292.0,1.0,175.0,26.2,101736.0,1.0,180.0,34.8,3.0,5.0,8.0,2150.0,10.0,1895.0,2005.0,1.0
52371,3.0,4.0,103344.0,1.0,193.0,30.4,104925.0,1.0,188.0,22.2,3.0,6.0,54.0,906.0,4.0,7150.0,2009.0,1.0
20083,1.0,1.0,103484.0,1.0,185.0,29.5,103333.0,1.0,208.0,30.3,5.0,8.0,17.0,2280.0,27.0,1645.0,2009.0,1.0
195605,1.0,0.0,102860.0,1.0,183.0,26.5,103990.0,1.0,180.0,20.9,3.0,9.0,37.0,905.0,25.0,1190.0,2003.0,0.0
25188,3.0,4.0,104731.0,1.0,203.0,29.4,104542.0,1.0,188.0,30.4,3.0,3.0,10.0,2475.0,15.0,1990.0,2015.0,1.0
191929,1.0,4.0,106058.0,1.0,185.0,23.6,105332.0,1.0,196.0,26.9,3.0,7.0,26.0,1425.0,20.0,1766.0,2016.0,0.0
48277,0.0,0.0,102967.0,1.0,188.0,29.5,104755.0,1.0,185.0,20.3,3.0,2.0,61.0,643.0,24.0,1080.0,2006.0,1.0
175697,1.0,4.0,103206.0,1.0,175.0,27.9,104076.0,1.0,190.0,23.5,3.0,5.0,23.0,1270.0,30.0,940.0,2006.0,1.0
98980,1.0,4.0,104925.0,1.0,188.0,21.9,105223.0,1.0,198.0,20.5,3.0,3.0,3.0,9160.0,5.0,4580.0,2009.0,0.0
11820,1.0,3.0,104527.0,1.0,183.0,31.1,104678.0,1.0,193.0,30.2,5.0,5.0,4.0,6315.0,24.0,1535.0,2016.0,0.0
171180,2.0,0.0,103344.0,1.0,193.0,26.2,103812.0,1.0,198.0,23.8,3.0,6.0,17.0,1435.0,57.0,670.0,2005.0,0.0
9909,1.0,1.0,103507.0,1.0,183.0,29.3,104676.0,0.0,190.0,23.4,5.0,8.0,37.0,1184.0,51.0,1009.0,2009.0,0.0
160096,1.0,0.0,103507.0,1.0,183.0,27.0,102845.0,1.0,190.0,30.4,3.0,9.0,25.0,1100.0,47.0,735.0,2007.0,1.0
45348,3.0,4.0,105223.0,1.0,198.0,25.0,104925.0,1.0,188.0,26.3,3.0,2.0,5.0,4925.0,2.0,11120.0,2013.0,1.0
199887,1.0,4.0,104731.0,1.0,203.0,28.9,104259.0,1.0,178.0,31.5,3.0,6.0,16.0,1925.0,23.0,1535.0,2015.0,0.0
179428,1.0,4.0,124187.0,1.0,211.0,24.6,200624.0,1.0,196.0,21.8,3.0,7.0,17.0,2465.0,30.0,1301.0,2022.0,1.0
27698,3.0,0.0,126203.0,1.0,193.0,23.7,104545.0,1.0,206.0,36.2,3.0,9.0,42.0,1560.0,35.0,1718.0,2021.0,1.0
54380,3.0,4.0,100644.0,1.0,198.0,19.4,104542.0,1.0,188.0,31.4,3.0,5.0,21.0,1700.0,13.0,2625.0,2016.0,1.0
83626,1.0,0.0,106233.0,1.0,185.0,25.4,106043.0,1.0,170.0,26.4,3.0,9.0,8.0,3960.0,19.0,1835.0,2019.0,1.0
84560,1.0,0.0,104665.0,1.0,180.0,25.3,104597.0,1.0,183.0,25.7,3.0,3.0,49.0,946.0,12.0,2225.0,2011.0,1.0
147176,3.0,4.0,105332.0,1.0,196.0,32.2,200175.0,1.0,183.0,21.9,3.0,7.0,50.0,1375.0,58.0,1142.0,2021.0,0.0
87485,3.0,0.0,105332.0,1.0,196.0,24.4,105777.0,1.0,188.0,22.4,3.0,9.0,25.0,1380.0,28.0,1340.0,2013.0,1.0
79960,3.0,0.0,105668.0,1.0,203.0,22.9,105208.0,1.0,190.0,25.1,3.0,3.0,15.0,2060.0,26.0,1361.0,2013.0,1.0
166705,1.0,4.0,105311.0,1.0,185.0,26.0,105683.0,1.0,196.0,24.2,3.0,6.0,56.0,852.0,6.0,5070.0,2015.0,1.0
56567,3.0,0.0,105238.0,1.0,180.0,23.7,103163.0,1.0,188.0,34.3,3.0,2.0,25.0,1460.0,36.0,1138.0,2012.0,0.0
139848,3.0,2.0,105223.0,1.0,198.0,25.1,104925.0,1.0,188.0,26.4,3.0,8.0,5.0,5055.0,2.0,10610.0,2013.0,1.0
29745,3.0,0.0,103694.0,1.0,168.0,23.1,104745.0,0.0,185.0,17.7,3.0,5.0,61.0,588.0,40.0,887.0,2004.0,1.0
101528,2.0,3.0,106415.0,0.0,170.0,25.7,104545.0,1.0,206.0,36.1,5.0,4.0,58.0,1142.0,33.0,1775.0,2021.0,0.0
152237,3.0,0.0,103484.0,1.0,185.0,25.7,103294.0,1.0,170.0,26.8,3.0,5.0,33.0,980.0,53.0,710.0,2005.0,0.0
72572,3.0,4.0,104468.0,1.0,183.0,24.7,104925.0,1.0,188.0,22.3,3.0,3.0,10.0,3285.0,4.0,7740.0,2009.0,1.0
31941,1.0,3.0,104198.0,1.0,188.0,25.9,104312.0,1.0,190.0,25.2,5.0,4.0,50.0,1172.0,56.0,1095.0,2009.0,1.0
121695,3.0,4.0,200282.0,1.0,183.0,23.0,126203.0,1.0,193.0,24.3,3.0,5.0,31.0,1451.0,20.0,2010.0,2022.0,1.0
50978,3.0,0.0,111815.0,0.0,188.0,26.4,104745.0,0.0,185.0,35.7,3.0,2.0,12.0,3070.0,5.0,6515.0,2022.0,1.0
176120,1.0,0.0,104269.0,0.0,188.0,33.6,103970.0,1.0,175.0,35.2,3.0,9.0,39.0,1070.0,46.0,960.0,2017.0,1.0
49104,1.0,3.0,104620.0,1.0,183.0,22.6,103566.0,0.0,190.0,28.0,5.0,6.0,47.0,721.0,41.0,831.0,2008.0,1.0
156584,3.0,3.0,101962.0,1.0,193.0,31.3,103720.0,1.0,180.0,21.8,5.0,5.0,22.0,1295.0,1.0,4485.0,2003.0,0.0
160409,3.0,0.0,105807.0,1.0,188.0,27.4,105526.0,1.0,193.0,28.7,3.0,3.0,24.0,1705.0,58.0,855.0,2019.0,1.0
93578,2.0,0.0,105723.0,1.0,185.0,25.3,103333.0,1.0,208.0,37.2,3.0,6.0,43.0,1018.0,28.0,1405.0,2016.0,1.0
102436,3.0,0.0,126203.0,1.0,193.0,23.3,126094.0,1.0,188.0,23.4,3.0,5.0,30.0,1775.0,8.0,5011.0,2021.0,1.0
36877,3.0,4.0,104871.0,1.0,188.0,27.4,104542.0,1.0,188.0,29.2,3.0,6.0,36.0,1105.0,15.0,1910.0,2014.0,1.0
182025,1.0,0.0,104597.0,1.0,183.0,25.6,103786.0,1.0,178.0,29.8,3.0,5.0,11.0,2395.0,39.0,1060.0,2011.0,0.0
144672,3.0,4.0,104273.0,1.0,188.0,30.2,104997.0,1.0,190.0,26.5,3.0,4.0,43.0,1008.0,54.0,846.0,2014.0,0.0
204270,3.0,0.0,103344.0,1.0,193.0,27.7,104417.0,1.0,193.0,22.3,3.0,9.0,5.0,2495.0,25.0,1028.0,2007.0,0.0
52138,3.0,0.0,103970.0,1.0,175.0,28.5,104229.0,1.0,180.0,27.1,3.0,5.0,11.0,3135.0,45.0,1043.0,2010.0,0.0
76350,2.0,3.0,104053.0,1.0,188.0,24.8,103908.0,1.0,185.0,25.4,5.0,5.0,3.0,3055.0,39.0,825.0,2007.0,0.0
138542,1.0,4.0,104745.0,0.0,185.0,26.9,104022.0,1.0,183.0,30.8,3.0,5.0,5.0,5985.0,31.0,1220.0,2013.0,0.0
171148,3.0,4.0,104417.0,1.0,193.0,23.6,104527.0,1.0,183.0,22.9,3.0,7.0,39.0,795.0,29.0,1080.0,2008.0,0.0
60652,3.0,4.0,104166.0,1.0,178.0,28.5,105064.0,0.0,188.0,23.8,3.0,7.0,35.0,1170.0,38.0,1095.0,2011.0,0.0
176235,1.0,0.0,104665.0,1.0,180.0,34.0,134770.0,1.0,183.0,21.1,3.0,6.0,58.0,887.0,45.0,1079.0,2020.0,1.0
147311,1.0,0.0,103786.0,1.0,178.0,21.9,102783.0,1.0,180.0,27.0,3.0,5.0,41.0,865.0,13.0,1730.0,2003.0,1.0
142005,1.0,4.0,103566.0,0.0,190.0,31.9,104926.0,1.0,178.0,24.8,3.0,7.0,47.0,955.0,60.0,775.0,2012.0,1.0
57576,3.0,0.0,200282.0,1.0,183.0,21.8,105676.0,1.0,180.0,30.0,3.0,9.0,23.0,1860.0,16.0,2555.0,2021.0,0.0
178529,3.0,0.0,200221.0,1.0,183.0,22.6,105554.0,1.0,175.0,31.7,3.0,5.0,47.0,1160.0,28.0,1702.0,2022.0,0.0
158518,3.0,4.0,105453.0,1.0,178.0,24.2,103819.0,1.0,185.0,32.6,3.0,3.0,21.0,1715.0,5.0,5045.0,2014.0,0.0
145167,3.0,0.0,104755.0,1.0,185.0,27.6,104792.0,1.0,193.0,27.4,3.0,2.0,9.0,3050.0,30.0,1245.0,2014.0,1.0
130695,3.0,2.0,104745.0,0.0,185.0,27.4,104925.0,1.0,188.0,26.4,3.0,2.0,1.0,12030.0,2.0,10610.0,2013.0,1.0
16011,3.0,0.0,103163.0,1.0,188.0,31.3,105023.0,1.0,198.0,21.8,3.0,9.0,22.0,1825.0,32.0,1315.0,2009.0,1.0
72291,3.0,4.0,103852.0,0.0,188.0,21.4,104053.0,1.0,188.0,20.5,3.0,6.0,63.0,643.0,6.0,2275.0,2003.0,1.0
153185,3.0,0.0,104417.0,1.0,193.0,25.1,104871.0,1.0,188.0,22.6,3.0,6.0,11.0,3020.0,32.0,1207.0,2009.0,0.0
61214,3.0,0.0,103017.0,1.0,183.0,27.0,103387.0,1.0,185.0,25.0,3.0,3.0,30.0,1010.0,14.0,1465.0,2004.0,0.0
141179,3.0,3.0,102450.0,1.0,185.0,30.3,103786.0,1.0,178.0,23.6,5.0,6.0,7.0,2360.0,26.0,1170.0,2005.0,1.0
173657,2.0,0.0,103888.0,1.0,188.0,26.4,104053.0,1.0,188.0,25.7,3.0,5.0,36.0,900.0,6.0,2405.0,2008.0,1.0
139161,3.0,3.0,101885.0,0.0,190.0,31.8,102148.0,1.0,178.0,30.0,5.0,7.0,52.0,720.0,34.0,975.0,2003.0,1.0
45958,1.0,4.0,105227.0,1.0,198.0,30.5,105550.0,0.0,185.0,28.9,3.0,6.0,11.0,3015.0,35.0,1205.0,2019.0,1.0
182732,2.0,0.0,102035.0,1.0,183.0,31.2,104022.0,1.0,183.0,20.9,3.0,6.0,63.0,645.0,25.0,1175.0,2003.0,0.0
159275,3.0,4.0,103852.0,0.0,188.0,33.0,104468.0,1.0,183.0,29.7,3.0,9.0,21.0,1745.0,29.0,1220.0,2014.0,1.0
18085,3.0,0.0,106071.0,1.0,193.0,18.9,104678.0,1.0,193.0,25.6,3.0,6.0,58.0,785.0,16.0,1980.0,2011.0,0.0
111284,3.0,4.0,104180.0,0.0,193.0,28.4,104731.0,1.0,203.0,25.4,3.0,7.0,53.0,883.0,33.0,1235.0,2011.0,1.0
201878,3.0,3.0,104745.0,0.0,185.0,18.6,104022.0,1.0,183.0,22.5,5.0,7.0,56.0,715.0,15.0,1340.0,2005.0,0.0
18052,3.0,2.0,106421.0,1.0,198.0,26.7,104925.0,1.0,188.0,35.4,3.0,8.0,5.0,4065.0,8.0,3320.0,2022.0,1.0
41785,1.0,0.0,104468.0,1.0,183.0,34.3,111456.0,1.0,178.0,24.0,3.0,6.0,27.0,1385.0,61.0,871.0,2019.0,1.0
164081,3.0,4.0,104019.0,1.0,193.0,23.7,104081.0,1.0,180.0,23.3,3.0,4.0,57.0,700.0,59.0,688.0,2006.0,0.0
62149,1.0,3.0,103794.0,1.0,178.0,33.9,104269.0,0.0,188.0,31.5,5.0,7.0,48.0,965.0,34.0,1180.0,2015.0,0.0
49590,0.0,0.0,104259.0,1.0,178.0,23.0,104076.0,1.0,190.0,24.0,3.0,5.0,58.0,663.0,28.0,1010.0,2006.0,1.0
79922,3.0,3.0,105053.0,1.0,188.0,25.1,105992.0,1.0,183.0,20.6,5.0,4.0,64.0,743.0,62.0,754.0,2013.0,1.0
167963,0.0,4.0,104417.0,1.0,193.0,20.2,102642.0,1.0,190.0,29.2,3.0,5.0,42.0,860.0,55.0,694.0,2004.0,0.0
34150,2.0,0.0,104571.0,1.0,183.0,29.9,104586.0,1.0,196.0,29.8,3.0,6.0,63.0,787.0,38.0,1115.0,2015.0,0.0
194829,3.0,4.0,105676.0,1.0,180.0,26.2,104655.0,1.0,180.0,31.1,3.0,5.0,12.0,3245.0,33.0,1190.0,2017.0,1.0
166416,3.0,4.0,102227.0,1.0,180.0,31.1,104214.0,1.0,185.0,21.0,3.0,7.0,55.0,700.0,57.0,694.0,2004.0,1.0
154053,2.0,0.0,103285.0,1.0,185.0,33.5,104022.0,1.0,183.0,29.9,3.0,3.0,26.0,1340.0,31.0,1210.0,2012.0,1.0
195258,0.0,0.0,104792.0,1.0,193.0,19.1,103292.0,1.0,175.0,26.8,3.0,5.0,36.0,889.0,12.0,1730.0,2005.0,0.0
49952,3.0,0.0,200000.0,1.0,193.0,19.1,100644.0,1.0,198.0,22.4,3.0,5.0,20.0,1719.0,6.0,4095.0,2019.0,1.0
192409,3.0,0.0,102148.0,1.0,178.0,35.2,104925.0,1.0,188.0,20.7,3.0,5.0,47.0,705.0,3.0,5010.0,2008.0,1.0
140516,1.0,3.0,103252.0,1.0,175.0,26.7,102845.0,1.0,190.0,28.7,5.0,4.0,56.0,712.0,15.0,1430.0,2005.0,1.0
65282,3.0,4.0,103694.0,1.0,168.0,22.7,104068.0,1.0,183.0,21.0,3.0,7.0,51.0,746.0,34.0,1040.0,2003.0,1.0
96129,2.0,3.0,200000.0,1.0,193.0,20.8,106401.0,1.0,193.0,26.1,5.0,6.0,19.0,2468.0,60.0,1113.0,2021.0,0.0
17249,3.0,4.0,104898.0,1.0,190.0,29.9,105223.0,1.0,198.0,28.4,3.0,7.0,48.0,908.0,34.0,1175.0,2017.0,1.0
144283,3.0,4.0,103602.0,1.0,183.0,26.0,104076.0,1.0,190.0,23.7,3.0,3.0,16.0,1480.0,26.0,1105.0,2006.0,0.0
118220,3.0,0.0,126094.0,1.0,188.0,23.4,105916.0,1.0,188.0,29.0,3.0,3.0,8.0,5011.0,44.0,1382.0,2021.0,0.0
54909,3.0,3.0,104339.0,1.0,196.0,22.7,104053.0,1.0,188.0,24.3,5.0,5.0,10.0,2000.0,7.0,2415.0,2007.0,1.0
165913,1.0,4.0,103752.0,1.0,185.0,29.0,104338.0,1.0,185.0,26.1,3.0,7.0,60.0,750.0,27.0,1425.0,2010.0,1.0
64538,1.0,0.0,104755.0,1.0,185.0,22.8,103294.0,1.0,170.0,30.3,3.0,6.0,21.0,1985.0,61.0,1104.0,2009.0,1.0
23432,3.0,0.0,104755.0,1.0,185.0,20.5,103794.0,1.0,178.0,25.5,3.0,5.0,18.0,1385.0,58.0,686.0,2007.0,0.0
71764,3.0,3.0,106233.0,1.0,185.0,23.3,105526.0,1.0,193.0,26.7,5.0,4.0,8.0,3415.0,58.0,796.0,2017.0,0.0
94520,1.0,0.0,104214.0,1.0,185.0,25.7,104312.0,1.0,190.0,25.1,3.0,7.0,26.0,1795.0,40.0,1495.0,2009.0,0.0
167132,3.0,4.0,126774.0,1.0,193.0,20.0,105676.0,1.0,180.0,27.6,3.0,7.0,15.0,2089.0,11.0,3085.0,2018.0,1.0
128570,2.0,0.0,104593.0,1.0,185.0,27.8,104022.0,1.0,183.0,30.9,3.0,6.0,50.0,892.0,29.0,1355.0,2013.0,1.0
151201,3.0,4.0,105223.0,1.0,198.0,22.4,104417.0,1.0,193.0,26.5,3.0,6.0,51.0,925.0,4.0,5735.0,2011.0,0.0
136887,3.0,0.0,106058.0,1.0,185.0,23.2,103607.0,1.0,173.0,35.4,3.0,6.0,26.0,1465.0,56.0,797.0,2016.0,0.0
21874,1.0,0.0,103176.0,1.0,183.0,25.3,103908.0,1.0,185.0,21.6,3.0,3.0,50.0,674.0,52.0,665.0,2003.0,0.0
69691,3.0,0.0,202103.0,1.0,185.0,24.1,206173.0,1.0,188.0,21.1,3.0,5.0,29.0,1398.0,12.0,2700.0,2022.0,1.0
169465,3.0,4.0,104925.0,1.0,188.0,23.4,103566.0,0.0,190.0,30.4,3.0,5.0,3.0,6945.0,34.0,1215.0,2010.0,1.0
106598,1.0,4.0,103344.0,1.0,193.0,25.1,102318.0,1.0,183.0,30.2,3.0,5.0,40.0,860.0,22.0,1154.0,2004.0,0.0
26472,1.0,0.0,103900.0,1.0,180.0,27.2,103857.0,1.0,180.0,27.5,3.0,6.0,15.0,2625.0,38.0,1523.0,2009.0,0.0
124084,1.0,4.0,104527.0,1.0,183.0,24.0,104925.0,1.0,188.0,21.8,3.0,9.0,16.0,2620.0,3.0,9010.0,2009.0,1.0
15493,1.0,3.0,132283.0,1.0,191.0,25.3,106043.0,1.0,170.0,28.1,5.0,5.0,46.0,1075.0,14.0,2505.0,2020.0,1.0
27899,1.0,4.0,102610.0,1.0,180.0,29.8,103292.0,1.0,175.0,26.4,3.0,6.0,64.0,590.0,6.0,2370.0,2005.0,1.0
154427,3.0,4.0,104678.0,1.0,193.0,24.4,104259.0,1.0,178.0,26.8,3.0,6.0,51.0,910.0,37.0,1100.0,2010.0,1.0
153882,3.0,0.0,104607.0,1.0,196.0,28.4,103819.0,1.0,185.0,32.5,3.0,2.0,6.0,4890.0,8.0,4305.0,2014.0,1.0
64619,3.0,0.0,103813.0,0.0,185.0,27.5,103722.0,1.0,180.0,27.9,3.0,6.0,60.0,1210.0,57.0,1279.0,2009.0,1.0
186469,1.0,0.0,103990.0,1.0,180.0,22.1,104417.0,1.0,193.0,19.8,3.0,5.0,19.0,1250.0,48.0,745.0,2004.0,1.0
124681,3.0,0.0,103813.0,0.0,185.0,31.5,105676.0,1.0,180.0,22.1,3.0,6.0,56.0,790.0,49.0,855.0,2013.0,0.0
107211,1.0,1.0,103843.0,1.0,185.0,28.4,103970.0,1.0,175.0,27.9,5.0,8.0,56.0,761.0,16.0,2085.0,2010.0,1.0
149427,2.0,1.0,106058.0,1.0,185.0,23.4,106071.0,1.0,193.0,23.3,5.0,8.0,24.0,1570.0,20.0,1885.0,2016.0,1.0
27038,3.0,0.0,103084.0,1.0,185.0,29.8,103507.0,1.0,183.0,27.6,3.0,6.0,14.0,1673.0,23.0,1190.0,2007.0,1.0
41482,1.0,4.0,105676.0,1.0,180.0,30.3,100644.0,1.0,198.0,23.9,3.0,5.0,15.0,2750.0,6.0,6125.0,2021.0,0.0
145304,1.0,0.0,103656.0,1.0,175.0,28.4,103484.0,1.0,185.0,29.3,3.0,2.0,35.0,1504.0,16.0,2470.0,2009.0,0.0
60850,3.0,3.0,104797.0,1.0,188.0,31.3,106378.0,1.0,188.0,23.0,5.0,7.0,60.0,848.0,49.0,992.0,2018.0,1.0
97003,3.0,0.0,104925.0,1.0,188.0,32.6,104745.0,0.0,185.0,33.5,3.0,2.0,2.0,9055.0,1.0,9985.0,2020.0,0.0
148837,2.0,0.0,104755.0,1.0,185.0,18.9,104339.0,1.0,196.0,21.1,3.0,5.0,29.0,1120.0,22.0,1315.0,2005.0,0.0
180792,3.0,4.0,104468.0,1.0,183.0,24.6,104925.0,1.0,188.0,22.2,3.0,3.0,9.0,3320.0,4.0,7150.0,2009.0,1.0
39559,1.0,4.0,104269.0,0.0,188.0,29.4,105676.0,1.0,180.0,22.4,3.0,7.0,46.0,920.0,59.0,760.0,2013.0,0.0
152555,1.0,4.0,104417.0,1.0,193.0,22.7,103970.0,1.0,175.0,25.1,3.0,6.0,27.0,1013.0,14.0,1725.0,2007.0,1.0
102367,3.0,4.0,104755.0,1.0,185.0,31.3,105777.0,1.0,188.0,26.4,3.0,6.0,30.0,1420.0,8.0,3650.0,2017.0,1.0
140418,3.0,4.0,102456.0,1.0,180.0,28.4,103819.0,1.0,185.0,21.5,3.0,7.0,46.0,810.0,4.0,2780.0,2003.0,1.0
121496,3.0,4.0,103344.0,1.0,193.0,28.9,103990.0,1.0,180.0,25.8,3.0,6.0,23.0,1355.0,15.0,1490.0,2008.0,0.0
79708,1.0,4.0,104214.0,1.0,185.0,26.8,103812.0,1.0,198.0,28.8,3.0,7.0,45.0,885.0,38.0,1105.0,2010.0,1.0
160457,1.0,4.0,104542.0,1.0,188.0,29.0,104731.0,1.0,203.0,27.9,3.0,6.0,13.0,2235.0,20.0,1755.0,2014.0,0.0
33400,3.0,3.0,103720.0,1.0,180.0,23.5,102271.0,0.0,175.0,30.8,5.0,7.0,5.0,2605.0,41.0,820.0,2004.0,0.0
51053,2.0,1.0,106071.0,1.0,193.0,18.8,103819.0,1.0,185.0,30.0,5.0,8.0,59.0,789.0,3.0,8380.0,2011.0,1.0
172097,3.0,4.0,105526.0,1.0,193.0,28.8,100644.0,1.0,198.0,21.8,3.0,6.0,55.0,910.0,3.0,6595.0,2019.0,0.0
124496,1.0,0.0,104214.0,1.0,185.0,22.7,103498.0,1.0,193.0,26.2,3.0,6.0,28.0,1225.0,50.0,760.0,2006.0,1.0
155595,3.0,0.0,102562.0,1.0,190.0,27.8,102765.0,1.0,185.0,26.8,3.0,6.0,10.0,1921.0,40.0,885.0,2003.0,1.0
87207,0.0,0.0,102271.0,0.0,175.0,30.9,102783.0,1.0,180.0,28.4,3.0,6.0,41.0,810.0,15.0,1420.0,2004.0,0.0
15202,3.0,0.0,200282.0,1.0,183.0,22.9,126774.0,1.0,193.0,23.4,3.0,3.0,34.0,1486.0,4.0,7145.0,2022.0,1.0
146017,1.0,0.0,104655.0,1.0,180.0,24.1,104214.0,1.0,185.0,26.5,3.0,3.0,50.0,813.0,41.0,950.0,2010.0,1.0
148651,3.0,3.0,104678.0,1.0,193.0,28.9,104919.0,1.0,188.0,27.6,5.0,7.0,54.0,826.0,26.0,1389.0,2015.0,0.0
83394,3.0,4.0,104792.0,1.0,193.0,35.0,100644.0,1.0,198.0,24.4,3.0,5.0,18.0,2418.0,4.0,7603.0,2021.0,1.0
171508,3.0,3.0,103786.0,1.0,178.0,24.2,102720.0,1.0,178.0,29.5,5.0,4.0,6.0,2215.0,60.0,638.0,2005.0,0.0
62114,3.0,4.0,102783.0,1.0,180.0,28.4,103344.0,1.0,193.0,25.5,3.0,6.0,17.0,1310.0,29.0,1085.0,2004.0,1.0
175143,1.0,0.0,104926.0,1.0,178.0,30.7,104919.0,1.0,188.0,30.7,3.0,5.0,22.0,1850.0,50.0,974.0,2018.0,1.0
25981,1.0,4.0,105453.0,1.0,178.0,24.3,104471.0,1.0,183.0,29.3,3.0,7.0,12.0,2440.0,39.0,1065.0,2014.0,0.0
56365,3.0,0.0,104660.0,1.0,193.0,25.6,103786.0,1.0,178.0,30.2,3.0,5.0,41.0,1030.0,39.0,1115.0,2011.0,0.0
136064,3.0,4.0,105668.0,1.0,203.0,24.7,104792.0,1.0,193.0,28.9,3.0,7.0,52.0,850.0,16.0,1930.0,2015.0,0.0
199799,3.0,4.0,103819.0,1.0,185.0,33.1,105138.0,1.0,183.0,26.4,3.0,5.0,3.0,8170.0,18.0,1865.0,2014.0,0.0
133887,3.0,0.0,104792.0,1.0,193.0,25.1,104719.0,1.0,190.0,25.5,3.0,3.0,10.0,2525.0,34.0,1145.0,2011.0,1.0
79663,3.0,3.0,104925.0,1.0,188.0,25.6,103285.0,1.0,185.0,34.1,5.0,6.0,1.0,12920.0,34.0,1090.0,2013.0,0.0
35251,3.0,4.0,103598.0,1.0,185.0,30.6,103566.0,0.0,190.0,30.8,3.0,7.0,45.0,1001.0,25.0,1405.0,2011.0,1.0
165475,1.0,4.0,104542.0,1.0,188.0,30.9,105807.0,1.0,188.0,24.7,3.0,6.0,9.0,3130.0,51.0,899.0,2016.0,0.0
172945,1.0,4.0,104269.0,0.0,188.0,30.4,104312.0,1.0,190.0,30.2,3.0,7.0,25.0,1500.0,34.0,1150.0,2014.0,0.0
69108,3.0,4.0,103819.0,1.0,185.0,27.5,103602.0,1.0,183.0,28.6,3.0,5.0,2.0,11000.0,17.0,2650.0,2009.0,0.0
22269,1.0,0.0,103292.0,1.0,175.0,25.4,103720.0,1.0,180.0,23.2,3.0,8.0,44.0,780.0,12.0,1525.0,2004.0,0.0
206915,1.0,0.0,103656.0,1.0,175.0,27.2,104214.0,1.0,185.0,24.5,3.0,6.0,52.0,621.0,32.0,945.0,2008.0,1.0
34289,3.0,2.0,104925.0,1.0,188.0,22.5,104417.0,1.0,193.0,25.2,3.0,8.0,3.0,7910.0,9.0,3010.0,2009.0,1.0
35911,3.0,0.0,105223.0,1.0,198.0,30.0,104926.0,1.0,178.0,31.3,3.0,9.0,4.0,5980.0,13.0,2225.0,2018.0,0.0
111724,3.0,4.0,102106.0,1.0,188.0,33.5,104339.0,1.0,196.0,21.9,3.0,7.0,51.0,784.0,23.0,1355.0,2006.0,1.0
165720,1.0,0.0,200175.0,1.0,183.0,21.5,106043.0,1.0,170.0,28.5,3.0,9.0,42.0,1388.0,9.0,3480.0,2021.0,1.0
44009,1.0,0.0,104417.0,1.0,193.0,22.7,103428.0,1.0,190.0,27.7,3.0,8.0,28.0,965.0,21.0,1275.0,2007.0,0.0
87375,1.0,0.0,103786.0,1.0,178.0,32.0,105332.0,1.0,196.0,24.1,3.0,5.0,43.0,940.0,27.0,1380.0,2013.0,1.0
182885,3.0,4.0,104597.0,1.0,183.0,28.1,104471.0,1.0,183.0,28.8,3.0,6.0,13.0,2290.0,36.0,1185.0,2013.0,0.0
142315,3.0,4.0,105777.0,1.0,188.0,27.4,105227.0,1.0,198.0,30.0,3.0,5.0,10.0,3335.0,7.0,4050.0,2018.0,1.0
170198,3.0,4.0,106401.0,1.0,193.0,27.2,106421.0,1.0,198.0,26.4,3.0,6.0,37.0,1205.0,1.0,7875.0,2022.0,0.0
88050,1.0,3.0,105526.0,1.0,193.0,31.0,126094.0,1.0,188.0,23.6,5.0,4.0,42.0,1500.0,7.0,6090.0,2021.0,0.0
68301,1.0,0.0,104660.0,1.0,193.0,25.3,104898.0,1.0,190.0,24.1,3.0,5.0,34.0,1170.0,59.0,863.0,2011.0,1.0
188245,3.0,0.0,103819.0,1.0,185.0,26.2,103813.0,0.0,185.0,26.2,3.0,2.0,1.0,7205.0,29.0,935.0,2007.0,0.0
47508,1.0,4.0,104607.0,1.0,196.0,29.6,104755.0,1.0,185.0,28.8,3.0,6.0,7.0,4960.0,23.0,1535.0,2015.0,0.0
4293,3.0,0.0,105173.0,0.0,183.0,30.2,105916.0,1.0,188.0,26.6,3.0,6.0,32.0,1285.0,43.0,1047.0,2018.0,1.0
11673,1.0,0.0,126774.0,1.0,193.0,20.6,105526.0,1.0,193.0,28.9,3.0,5.0,8.0,3240.0,51.0,945.0,2019.0,1.0
71027,3.0,4.0,103507.0,1.0,183.0,29.4,104918.0,1.0,190.0,22.2,3.0,5.0,29.0,1405.0,3.0,8260.0,2009.0,1.0
75211,3.0,0.0,200005.0,0.0,188.0,23.6,111815.0,0.0,188.0,26.4,3.0,6.0,41.0,1318.0,13.0,2865.0,2022.0,1.0
51171,3.0,4.0,103819.0,1.0,185.0,25.1,103454.0,1.0,183.0,27.0,3.0,6.0,1.0,7370.0,45.0,795.0,2006.0,0.0
29375,0.0,0.0,102783.0,1.0,180.0,27.4,103344.0,1.0,193.0,24.5,3.0,5.0,6.0,2685.0,43.0,865.0,2003.0,0.0
128706,3.0,3.0,103720.0,1.0,180.0,23.8,103900.0,1.0,180.0,23.0,5.0,3.0,3.0,3590.0,9.0,1945.0,2005.0,0.0
146866,1.0,4.0,103835.0,1.0,183.0,24.6,103206.0,1.0,175.0,27.9,3.0,6.0,52.0,706.0,23.0,1270.0,2006.0,1.0
70096,3.0,3.0,104925.0,1.0,188.0,25.2,103898.0,1.0,185.0,30.6,5.0,6.0,2.0,11270.0,35.0,1075.0,2012.0,0.0
171111,3.0,4.0,103917.0,1.0,190.0,35.1,104291.0,1.0,185.0,33.1,3.0,4.0,54.0,870.0,53.0,883.0,2017.0,1.0
22836,1.0,0.0,104545.0,1.0,206.0,36.9,124187.0,1.0,211.0,24.5,3.0,2.0,27.0,1556.0,18.0,2225.0,2022.0,1.0
91786,3.0,4.0,103084.0,1.0,185.0,27.2,102202.0,0.0,190.0,31.8,3.0,7.0,14.0,1509.0,56.0,710.0,2005.0,0.0
93691,3.0,0.0,128034.0,1.0,196.0,25.4,200325.0,1.0,188.0,23.3,3.0,6.0,11.0,3015.0,46.0,970.0,2022.0,1.0
165713,3.0,4.0,105023.0,1.0,198.0,25.4,104607.0,1.0,196.0,27.4,3.0,5.0,20.0,1760.0,6.0,5010.0,2013.0,1.0
106023,3.0,4.0,105223.0,1.0,198.0,29.1,104898.0,1.0,190.0,30.5,3.0,5.0,17.0,2435.0,43.0,1075.0,2017.0,0.0
156483,2.0,0.0,104999.0,0.0,190.0,29.8,103819.0,1.0,185.0,35.8,3.0,5.0,29.0,1371.0,5.0,4765.0,2017.0,1.0
127685,3.0,0.0,105373.0,0.0,190.0,27.4,105723.0,1.0,185.0,25.8,3.0,6.0,35.0,1230.0,48.0,935.0,2017.0,1.0
93676,1.0,3.0,105223.0,1.0,198.0,20.6,103990.0,1.0,180.0,27.0,5.0,3.0,5.0,4830.0,17.0,2370.0,2009.0,0.0
148856,3.0,4.0,103206.0,1.0,175.0,24.7,103176.0,1.0,183.0,24.8,3.0,7.0,11.0,1830.0,45.0,812.0,2003.0,0.0
176898,3.0,0.0,104731.0,1.0,203.0,30.4,105777.0,1.0,188.0,25.4,3.0,3.0,48.0,895.0,18.0,2035.0,2016.0,1.0
177900,1.0,4.0,106426.0,1.0,185.0,24.9,144750.0,1.0,193.0,24.2,3.0,7.0,22.0,2350.0,51.0,1198.0,2021.0,0.0
51012,3.0,0.0,104755.0,1.0,185.0,22.5,103900.0,1.0,180.0,27.0,3.0,9.0,25.0,2330.0,11.0,3450.0,2009.0,1.0
51219,1.0,4.0,104527.0,1.0,183.0,30.1,106233.0,1.0,185.0,21.6,3.0,5.0,9.0,3575.0,49.0,915.0,2015.0,0.0
154058,3.0,0.0,200325.0,1.0,188.0,23.4,122330.0,1.0,196.0,25.2,3.0,5.0,51.0,921.0,44.0,985.0,2022.0,1.0
27116,2.0,3.0,111575.0,1.0,198.0,21.1,104745.0,0.0,185.0,31.0,5.0,6.0,34.0,1176.0,2.0,7285.0,2017.0,1.0
154493,3.0,3.0,104925.0,1.0,188.0,24.2,105238.0,1.0,180.0,22.8,5.0,5.0,1.0,13920.0,23.0,1530.0,2011.0,0.0
14342,3.0,3.0,104053.0,1.0,188.0,25.9,104925.0,1.0,188.0,21.2,5.0,3.0,8.0,1845.0,3.0,5105.0,2008.0,1.0
122,3.0,0.0,104312.0,1.0,190.0,34.6,105732.0,1.0,188.0,27.5,3.0,5.0,46.0,1051.0,51.0,948.0,2018.0,0.0
168618,3.0,0.0,103819.0,1.0,185.0,21.5,103344.0,1.0,193.0,23.8,3.0,6.0,6.0,2415.0,52.0,700.0,2003.0,0.0
137858,3.0,0.0,104468.0,1.0,183.0,35.1,104792.0,1.0,193.0,33.4,3.0,5.0,57.0,890.0,9.0,2860.0,2020.0,1.0
100880,0.0,0.0,103909.0,1.0,175.0,21.7,103900.0,1.0,180.0,21.7,3.0,2.0,5.0,2965.0,9.0,2070.0,2003.0,0.0
146972,2.0,3.0,105173.0,0.0,183.0,26.9,104792.0,1.0,193.0,28.8,5.0,7.0,34.0,1188.0,18.0,1885.0,2015.0,1.0
43495,3.0,4.0,133430.0,0.0,185.0,19.4,105932.0,1.0,185.0,26.6,3.0,7.0,29.0,1430.0,23.0,1757.0,2018.0,1.0
112330,3.0,0.0,104180.0,0.0,193.0,31.7,105676.0,1.0,180.0,24.1,3.0,6.0,37.0,1127.0,20.0,1659.0,2015.0,0.0
29910,2.0,3.0,106426.0,1.0,185.0,26.0,202385.0,1.0,188.0,21.6,5.0,6.0,43.0,1055.0,34.0,1187.0,2022.0,0.0
179716,1.0,4.0,103387.0,1.0,185.0,26.8,104607.0,1.0,196.0,20.6,3.0,7.0,36.0,880.0,21.0,1370.0,2006.0,1.0
147357,3.0,1.0,132283.0,1.0,191.0,27.5,133430.0,0.0,185.0,23.6,3.0,8.0,45.0,950.0,18.0,2075.0,2022.0,0.0
23691,1.0,0.0,103722.0,1.0,180.0,25.5,103835.0,1.0,183.0,25.0,3.0,9.0,44.0,785.0,51.0,750.0,2006.0,1.0
45884,1.0,4.0,105777.0,1.0,188.0,27.9,104745.0,0.0,185.0,32.8,3.0,5.0,28.0,1300.0,2.0,8725.0,2019.0,1.0
186339,3.0,0.0,105683.0,1.0,196.0,29.7,111575.0,1.0,198.0,24.3,3.0,3.0,21.0,2040.0,17.0,2200.0,2020.0,0.0
171516,3.0,3.0,102106.0,1.0,188.0,33.0,103900.0,1.0,180.0,23.6,5.0,5.0,59.0,639.0,11.0,1700.0,2005.0,1.0
82766,3.0,0.0,104925.0,1.0,188.0,23.7,103819.0,1.0,185.0,29.5,3.0,2.0,3.0,7880.0,2.0,7965.0,2011.0,0.0
199648,3.0,0.0,104571.0,1.0,183.0,30.6,105676.0,1.0,180.0,25.1,3.0,6.0,61.0,769.0,16.0,1970.0,2016.0,0.0
71013,1.0,4.0,103786.0,1.0,178.0,26.8,104745.0,0.0,185.0,21.8,3.0,9.0,4.0,3290.0,2.0,5455.0,2008.0,1.0
96680,1.0,4.0,105077.0,0.0,188.0,28.2,104542.0,1.0,188.0,31.0,3.0,6.0,56.0,878.0,7.0,3400.0,2016.0,1.0
55950,3.0,4.0,104468.0,1.0,183.0,31.2,105676.0,1.0,180.0,25.2,3.0,3.0,19.0,1810.0,15.0,2290.0,2016.0,1.0
145577,1.0,4.0,104527.0,1.0,183.0,27.1,104898.0,1.0,190.0,25.1,3.0,7.0,20.0,1505.0,40.0,1026.0,2012.0,0.0
13877,3.0,0.0,105223.0,1.0,198.0,20.0,103813.0,0.0,185.0,27.1,3.0,5.0,12.0,1518.0,33.0,975.0,2008.0,0.0
99265,3.0,0.0,111815.0,0.0,188.0,27.0,126203.0,1.0,193.0,24.8,3.0,8.0,8.0,3550.0,12.0,3055.0,2022.0,1.0
171795,3.0,4.0,103990.0,1.0,180.0,27.8,103794.0,1.0,178.0,28.7,3.0,6.0,22.0,1685.0,39.0,981.0,2010.0,1.0
42608,3.0,3.0,102854.0,1.0,193.0,26.9,104053.0,1.0,188.0,20.9,5.0,3.0,12.0,1715.0,4.0,3415.0,2003.0,1.0
153919,3.0,4.0,103852.0,0.0,188.0,24.0,103206.0,1.0,175.0,27.3,3.0,7.0,31.0,1030.0,34.0,1000.0,2005.0,1.0
186218,1.0,3.0,106043.0,1.0,170.0,29.7,104925.0,1.0,188.0,35.0,5.0,5.0,16.0,2505.0,1.0,8660.0,2022.0,1.0
31769,3.0,4.0,104925.0,1.0,188.0,28.3,106071.0,1.0,193.0,22.9,3.0,3.0,1.0,15785.0,20.0,1585.0,2015.0,0.0
178549,3.0,0.0,103103.0,1.0,183.0,25.0,103970.0,1.0,175.0,20.7,3.0,3.0,51.0,726.0,58.0,663.0,2003.0,0.0
40277,1.0,0.0,103292.0,1.0,175.0,27.6,102860.0,1.0,183.0,29.8,3.0,3.0,16.0,1490.0,59.0,648.0,2006.0,1.0
101850,1.0,0.0,103970.0,1.0,175.0,24.1,103344.0,1.0,193.0,27.1,3.0,8.0,15.0,1505.0,4.0,2610.0,2006.0,0.0
64508,3.0,0.0,200282.0,1.0,183.0,22.8,106421.0,1.0,198.0,25.8,3.0,8.0,34.0,1561.0,2.0,8640.0,2022.0,1.0
124248,3.0,1.0,200282.0,1.0,183.0,22.7,105916.0,1.0,188.0,29.7,3.0,8.0,34.0,1561.0,40.0,1459.0,2021.0,0.0
1818,3.0,0.0,103819.0,1.0,185.0,36.1,105023.0,1.0,198.0,29.9,3.0,8.0,2.0,7505.0,16.0,2445.0,2017.0,0.0
188604,3.0,0.0,104918.0,1.0,190.0,27.7,104180.0,0.0,193.0,31.7,3.0,6.0,3.0,5460.0,35.0,1146.0,2015.0,0.0
111612,2.0,3.0,126774.0,1.0,193.0,23.8,106401.0,1.0,193.0,27.1,5.0,6.0,5.0,5150.0,40.0,1070.0,2022.0,1.0
198973,3.0,4.0,103990.0,1.0,180.0,32.2,105023.0,1.0,198.0,26.8,3.0,6.0,20.0,1735.0,61.0,785.0,2014.0,0.0
16216,3.0,2.0,111577.0,1.0,188.0,21.0,111575.0,1.0,198.0,21.4,3.0,8.0,54.0,908.0,44.0,1045.0,2017.0,1.0
42396,2.0,0.0,100644.0,1.0,198.0,20.1,104755.0,1.0,185.0,31.0,3.0,9.0,12.0,2860.0,30.0,1335.0,2017.0,0.0
170286,1.0,0.0,104259.0,1.0,178.0,28.5,104386.0,1.0,180.0,27.9,3.0,8.0,27.0,1320.0,8.0,3010.0,2012.0,1.0
16591,3.0,4.0,104719.0,1.0,190.0,27.3,104918.0,1.0,190.0,26.2,3.0,6.0,36.0,1075.0,2.0,8610.0,2013.0,1.0
177978,1.0,0.0,103852.0,0.0,188.0,26.6,104745.0,0.0,185.0,21.9,3.0,5.0,35.0,925.0,2.0,5655.0,2008.0,1.0
176888,1.0,1.0,104676.0,0.0,190.0,23.4,103507.0,1.0,183.0,29.3,5.0,8.0,51.0,1009.0,37.0,1184.0,2009.0,1.0
34124,3.0,0.0,200175.0,1.0,183.0,20.4,106378.0,1.0,188.0,25.0,3.0,9.0,54.0,921.0,62.0,845.0,2020.0,1.0
57820,1.0,0.0,106233.0,1.0,185.0,21.7,106401.0,1.0,193.0,20.0,3.0,5.0,42.0,995.0,30.0,1230.0,2015.0,0.0
199359,1.0,3.0,104731.0,1.0,203.0,26.0,104607.0,1.0,196.0,26.6,5.0,6.0,34.0,1170.0,7.0,4515.0,2012.0,1.0
88412,1.0,0.0,102950.0,1.0,180.0,25.9,102456.0,1.0,180.0,28.4,3.0,5.0,48.0,711.0,47.0,740.0,2003.0,1.0
200398,3.0,4.0,106233.0,1.0,185.0,23.9,106043.0,1.0,170.0,24.9,3.0,6.0,7.0,4065.0,36.0,1180.0,2017.0,1.0
102672,3.0,0.0,104259.0,1.0,178.0,25.2,103970.0,1.0,175.0,26.7,3.0,3.0,33.0,1855.0,12.0,3390.0,2009.0,1.0
142599,3.0,4.0,106214.0,1.0,196.0,29.2,104545.0,1.0,206.0,37.5,3.0,7.0,57.0,806.0,47.0,960.0,2022.0,1.0
63510,3.0,0.0,126205.0,1.0,185.0,23.4,105357.0,1.0,183.0,31.3,3.0,3.0,59.0,1002.0,45.0,1166.0,2020.0,1.0
17338,3.0,4.0,106378.0,1.0,188.0,22.7,106210.0,0.0,198.0,24.2,3.0,7.0,53.0,902.0,62.0,825.0,2017.0,0.0
109800,1.0,4.0,104755.0,1.0,185.0,34.8,124187.0,1.0,211.0,23.6,3.0,7.0,53.0,1163.0,47.0,1382.0,2021.0,1.0
82556,3.0,0.0,104925.0,1.0,188.0,26.7,104022.0,1.0,183.0,31.6,3.0,3.0,2.0,10580.0,15.0,2100.0,2014.0,0.0
114391,3.0,0.0,105223.0,1.0,198.0,29.4,104999.0,0.0,190.0,30.5,3.0,6.0,9.0,2745.0,54.0,952.0,2018.0,0.0
140912,3.0,0.0,103720.0,1.0,180.0,32.4,104471.0,1.0,183.0,28.5,3.0,3.0,64.0,755.0,36.0,1058.0,2013.0,0.0
189995,3.0,4.0,104468.0,1.0,183.0,29.7,104198.0,1.0,188.0,31.3,3.0,7.0,29.0,1220.0,38.0,1040.0,2014.0,0.0
148889,1.0,0.0,103808.0,1.0,188.0,29.7,104593.0,1.0,185.0,25.6,3.0,7.0,43.0,1050.0,60.0,839.0,2011.0,1.0
157027,3.0,4.0,104053.0,1.0,188.0,29.9,104871.0,1.0,188.0,25.5,3.0,7.0,21.0,1645.0,38.0,1004.0,2012.0,1.0
196501,3.0,4.0,105777.0,1.0,188.0,29.8,111815.0,0.0,188.0,25.5,3.0,7.0,16.0,2620.0,56.0,1140.0,2021.0,1.0
23936,3.0,4.0,126205.0,1.0,185.0,24.4,128034.0,1.0,196.0,24.7,3.0,6.0,53.0,1103.0,10.0,3366.0,2021.0,1.0
185776,3.0,4.0,202385.0,1.0,188.0,21.3,111575.0,1.0,198.0,25.7,3.0,7.0,43.0,1153.0,26.0,1680.0,2022.0,0.0
8430,1.0,4.0,104607.0,1.0,196.0,27.6,104925.0,1.0,188.0,25.9,3.0,3.0,6.0,4520.0,1.0,12730.0,2013.0,0.0
85835,3.0,1.0,103103.0,1.0,183.0,27.8,104339.0,1.0,196.0,21.6,5.0,8.0,19.0,1490.0,22.0,1360.0,2005.0,0.0
75842,1.0,4.0,104269.0,0.0,188.0,26.4,104925.0,1.0,188.0,22.9,3.0,3.0,9.0,3555.0,2.0,7390.0,2010.0,0.0
171816,3.0,3.0,103812.0,1.0,198.0,27.0,104098.0,1.0,185.0,25.7,5.0,7.0,54.0,723.0,27.0,1053.0,2008.0,1.0
72660,3.0,0.0,103852.0,0.0,188.0,26.2,104269.0,0.0,188.0,24.1,3.0,6.0,36.0,840.0,27.0,1050.0,2008.0,1.0
76354,1.0,3.0,103285.0,1.0,185.0,26.4,103387.0,1.0,185.0,25.9,5.0,4.0,17.0,1415.0,36.0,945.0,2005.0,0.0
66282,3.0,4.0,105223.0,1.0,198.0,30.0,106432.0,1.0,188.0,21.8,3.0,5.0,4.0,6130.0,19.0,1815.0,2018.0,1.0
8157,3.0,3.0,104731.0,1.0,203.0,29.2,104918.0,1.0,190.0,28.2,5.0,5.0,14.0,2160.0,3.0,8840.0,2015.0,0.0
74468,3.0,0.0,104607.0,1.0,196.0,29.0,103852.0,0.0,188.0,33.0,3.0,6.0,6.0,4115.0,20.0,1770.0,2014.0,0.0
205592,3.0,4.0,104053.0,1.0,188.0,24.9,104925.0,1.0,188.0,20.2,3.0,3.0,3.0,3290.0,4.0,3200.0,2007.0,1.0
207079,3.0,3.0,103898.0,1.0,185.0,31.0,104386.0,1.0,180.0,28.5,5.0,6.0,38.0,1015.0,9.0,3090.0,2013.0,1.0
170612,3.0,0.0,104269.0,0.0,188.0,28.9,105227.0,1.0,198.0,24.0,3.0,5.0,24.0,1525.0,14.0,2370.0,2012.0,1.0
13696,3.0,4.0,103333.0,1.0,208.0,29.4,104076.0,1.0,190.0,25.7,3.0,6.0,22.0,1110.0,48.0,833.0,2008.0,0.0
133454,3.0,0.0,132283.0,1.0,191.0,26.4,136440.0,0.0,180.0,27.4,3.0,6.0,23.0,2125.0,62.0,1015.0,2021.0,0.0
120662,3.0,0.0,105453.0,1.0,178.0,31.2,124187.0,1.0,211.0,23.5,3.0,7.0,41.0,1423.0,38.0,1457.0,2021.0,0.0
31701,2.0,3.0,103632.0,1.0,180.0,23.7,104339.0,1.0,196.0,20.2,5.0,4.0,36.0,831.0,63.0,626.0,2004.0,1.0
181230,1.0,0.0,104386.0,1.0,180.0,24.8,103656.0,1.0,175.0,28.3,3.0,7.0,55.0,1150.0,32.0,1609.0,2009.0,0.0
179322,3.0,3.0,100644.0,1.0,198.0,24.3,104925.0,1.0,188.0,34.2,5.0,9.0,4.0,8240.0,1.0,11113.0,2021.0,1.0
121168,3.0,4.0,105577.0,1.0,193.0,24.7,105062.0,1.0,183.0,27.2,3.0,4.0,62.0,785.0,54.0,887.0,2015.0,0.0
58400,1.0,4.0,144750.0,1.0,193.0,25.1,105916.0,1.0,188.0,30.1,3.0,7.0,40.0,1166.0,57.0,957.0,2022.0,1.0
104399,1.0,0.0,102845.0,1.0,190.0,30.6,103900.0,1.0,180.0,25.3,3.0,5.0,33.0,910.0,14.0,1765.0,2007.0,1.0
78891,3.0,0.0,104678.0,1.0,193.0,24.9,105227.0,1.0,198.0,22.3,3.0,3.0,24.0,1535.0,28.0,1395.0,2011.0,0.0
94323,1.0,4.0,103970.0,1.0,175.0,27.0,104269.0,0.0,188.0,25.4,3.0,5.0,12.0,3125.0,8.0,3760.0,2009.0,1.0
39634,2.0,3.0,102227.0,1.0,180.0,30.0,103507.0,1.0,183.0,23.3,5.0,6.0,62.0,648.0,3.0,3760.0,2003.0,1.0
119617,1.0,3.0,104918.0,1.0,190.0,27.0,104792.0,1.0,193.0,27.7,5.0,3.0,8.0,4120.0,28.0,1390.0,2014.0,0.0
206472,3.0,2.0,105227.0,1.0,198.0,26.1,104607.0,1.0,196.0,29.1,3.0,8.0,9.0,4150.0,7.0,4465.0,2014.0,1.0
2816,1.0,4.0,104755.0,1.0,185.0,26.9,105668.0,1.0,203.0,22.4,3.0,5.0,9.0,3180.0,24.0,1354.0,2013.0,1.0
188949,1.0,0.0,104919.0,1.0,188.0,28.0,106432.0,1.0,188.0,18.5,3.0,9.0,24.0,1487.0,53.0,890.0,2015.0,0.0
10480,1.0,0.0,102845.0,1.0,190.0,27.5,103428.0,1.0,190.0,24.5,3.0,9.0,7.0,2290.0,39.0,915.0,2004.0,0.0
104496,3.0,0.0,105227.0,1.0,198.0,21.0,104925.0,1.0,188.0,22.3,3.0,2.0,15.0,2195.0,4.0,7330.0,2009.0,1.0
2252,3.0,4.0,103900.0,1.0,180.0,25.8,104755.0,1.0,185.0,21.3,3.0,9.0,21.0,1375.0,13.0,1680.0,2007.0,0.0
30690,1.0,0.0,105064.0,0.0,188.0,23.3,104655.0,1.0,180.0,25.3,3.0,3.0,31.0,1160.0,61.0,825.0,2011.0,1.0
195447,2.0,0.0,105223.0,1.0,198.0,23.8,104925.0,1.0,188.0,25.1,3.0,0.0,9.0,3180.0,2.0,11000.0,2012.0,0.0
65339,3.0,0.0,105041.0,1.0,185.0,24.7,104229.0,1.0,180.0,29.0,3.0,7.0,54.0,818.0,64.0,699.0,2012.0,1.0
110665,3.0,0.0,104417.0,1.0,193.0,25.4,103722.0,1.0,180.0,28.9,3.0,6.0,8.0,3375.0,60.0,745.0,2010.0,0.0
73,1.0,0.0,104607.0,1.0,196.0,27.5,103786.0,1.0,178.0,31.8,3.0,6.0,6.0,4760.0,41.0,950.0,2013.0,0.0
136226,2.0,3.0,103781.0,0.0,183.0,23.0,103720.0,1.0,180.0,23.3,5.0,4.0,42.0,782.0,10.0,1745.0,2004.0,1.0
53836,3.0,0.0,103084.0,1.0,185.0,30.8,104076.0,1.0,190.0,25.9,3.0,6.0,55.0,705.0,47.0,803.0,2008.0,1.0
130953,3.0,0.0,104999.0,0.0,190.0,29.3,105807.0,1.0,188.0,25.4,3.0,5.0,50.0,884.0,30.0,1370.0,2017.0,1.0
137594,3.0,0.0,104022.0,1.0,183.0,27.2,105064.0,0.0,188.0,21.7,3.0,6.0,49.0,910.0,56.0,833.0,2009.0,0.0
108339,3.0,3.0,104053.0,1.0,188.0,21.3,103602.0,1.0,183.0,23.4,5.0,4.0,1.0,4535.0,35.0,1025.0,2004.0,0.0
172210,1.0,4.0,104871.0,1.0,188.0,22.1,104338.0,1.0,185.0,25.0,3.0,7.0,43.0,1391.0,60.0,1120.0,2009.0,1.0
158866,1.0,4.0,104655.0,1.0,180.0,32.2,104269.0,0.0,188.0,34.4,3.0,7.0,41.0,1210.0,37.0,1280.0,2018.0,1.0
176475,1.0,0.0,106043.0,1.0,170.0,22.5,105643.0,0.0,190.0,24.3,3.0,6.0,62.0,782.0,63.0,771.0,2015.0,1.0
96290,3.0,4.0,104926.0,1.0,178.0,29.8,105992.0,1.0,183.0,24.8,3.0,4.0,40.0,1025.0,47.0,910.0,2017.0,0.0
172626,1.0,3.0,106421.0,1.0,198.0,25.3,126774.0,1.0,193.0,22.8,5.0,3.0,2.0,9793.0,5.0,7500.0,2021.0,1.0
22438,1.0,0.0,104797.0,1.0,188.0,24.6,104198.0,1.0,188.0,27.8,3.0,7.0,55.0,895.0,26.0,1330.0,2011.0,1.0
12706,1.0,0.0,104122.0,1.0,183.0,34.2,104542.0,1.0,188.0,32.0,3.0,5.0,63.0,799.0,13.0,2870.0,2017.0,1.0
78069,1.0,0.0,104597.0,1.0,183.0,22.4,103835.0,1.0,183.0,26.4,3.0,3.0,31.0,965.0,41.0,731.0,2008.0,0.0
3273,3.0,4.0,200282.0,1.0,183.0,23.4,106401.0,1.0,193.0,27.2,3.0,5.0,21.0,1585.0,37.0,1205.0,2022.0,1.0
122183,3.0,1.0,103096.0,1.0,173.0,26.2,103819.0,1.0,185.0,22.6,5.0,8.0,25.0,1095.0,1.0,5545.0,2004.0,1.0
32207,3.0,0.0,104797.0,1.0,188.0,26.3,105373.0,0.0,190.0,23.4,3.0,6.0,43.0,897.0,30.0,1175.0,2012.0,0.0
23305,3.0,0.0,104918.0,1.0,190.0,35.3,200282.0,1.0,183.0,23.5,3.0,8.0,43.0,1000.0,22.0,1745.0,2022.0,1.0
75549,3.0,4.0,101736.0,1.0,180.0,35.2,102257.0,0.0,193.0,31.9,3.0,9.0,7.0,1915.0,40.0,843.0,2005.0,0.0
85315,1.0,0.0,104745.0,0.0,185.0,24.8,104792.0,1.0,193.0,24.6,3.0,3.0,1.0,12870.0,9.0,2600.0,2011.0,0.0
105488,3.0,4.0,104918.0,1.0,190.0,24.4,104098.0,1.0,185.0,28.8,3.0,6.0,4.0,7825.0,41.0,983.0,2011.0,0.0
202184,3.0,4.0,207989.0,1.0,185.0,18.8,134770.0,1.0,183.0,23.2,3.0,2.0,16.0,2414.0,8.0,3870.0,2022.0,0.0
80275,3.0,0.0,105077.0,0.0,188.0,28.5,105453.0,1.0,178.0,26.6,3.0,7.0,33.0,1340.0,7.0,4390.0,2016.0,1.0
176575,3.0,3.0,104214.0,1.0,185.0,25.5,103484.0,1.0,185.0,29.0,5.0,6.0,19.0,2490.0,10.0,3550.0,2009.0,1.0
167791,3.0,4.0,103970.0,1.0,175.0,23.5,104068.0,1.0,183.0,23.0,3.0,3.0,18.0,1380.0,21.0,1270.0,2005.0,1.0
38990,3.0,4.0,103781.0,0.0,183.0,30.3,103344.0,1.0,193.0,32.5,3.0,7.0,20.0,1690.0,25.0,1375.0,2011.0,0.0
147702,1.0,4.0,103819.0,1.0,185.0,33.6,104871.0,1.0,188.0,28.1,3.0,6.0,2.0,8895.0,35.0,1155.0,2015.0,0.0
71966,1.0,0.0,126094.0,1.0,188.0,22.9,126774.0,1.0,193.0,22.1,3.0,2.0,14.0,2414.0,6.0,5175.0,2020.0,0.0
154727,3.0,0.0,104259.0,1.0,178.0,24.2,105227.0,1.0,198.0,19.2,3.0,5.0,31.0,940.0,59.0,605.0,2008.0,0.0
53668,3.0,0.0,104545.0,1.0,206.0,27.3,105676.0,1.0,180.0,21.7,3.0,3.0,10.0,2880.0,58.0,754.0,2012.0,0.0
133139,3.0,0.0,104607.0,1.0,196.0,22.0,104755.0,1.0,185.0,21.2,3.0,9.0,10.0,1880.0,13.0,1760.0,2007.0,1.0
138713,1.0,4.0,111575.0,1.0,198.0,22.9,144719.0,1.0,183.0,22.0,3.0,7.0,13.0,2685.0,55.0,920.0,2019.0,0.0
7504,3.0,0.0,202103.0,1.0,185.0,24.1,128034.0,1.0,196.0,25.6,3.0,6.0,29.0,1394.0,10.0,3175.0,2022.0,1.0
36572,3.0,3.0,104918.0,1.0,190.0,21.2,103781.0,0.0,183.0,27.2,5.0,6.0,6.0,2415.0,48.0,814.0,2008.0,0.0
59302,2.0,3.0,104792.0,1.0,193.0,31.8,105023.0,1.0,198.0,30.7,5.0,6.0,44.0,1070.0,13.0,2130.0,2018.0,0.0
204750,3.0,0.0,104745.0,0.0,185.0,35.7,126205.0,1.0,185.0,24.7,3.0,3.0,5.0,6515.0,39.0,1342.0,2022.0,0.0
14576,3.0,0.0,200005.0,0.0,188.0,21.6,103852.0,0.0,188.0,38.3,3.0,6.0,43.0,1121.0,55.0,933.0,2020.0,1.0
186715,3.0,2.0,104925.0,1.0,188.0,25.4,104542.0,1.0,188.0,27.5,3.0,8.0,1.0,11420.0,8.0,3490.0,2012.0,0.0
63777,1.0,0.0,126774.0,1.0,193.0,20.6,105916.0,1.0,188.0,27.2,3.0,6.0,8.0,3240.0,36.0,1205.0,2019.0,0.0
81225,1.0,4.0,106421.0,1.0,198.0,22.2,106378.0,1.0,188.0,23.3,3.0,7.0,51.0,1019.0,22.0,1757.0,2018.0,1.0
6746,3.0,4.0,104925.0,1.0,188.0,28.3,103852.0,0.0,188.0,34.0,3.0,5.0,1.0,15785.0,17.0,1725.0,2015.0,0.0
72656,3.0,4.0,104719.0,1.0,190.0,24.9,104527.0,1.0,183.0,25.9,3.0,7.0,55.0,888.0,13.0,2355.0,2011.0,0.0
169082,1.0,3.0,105453.0,1.0,178.0,28.4,105332.0,1.0,196.0,29.0,5.0,7.0,21.0,1710.0,51.0,1020.0,2018.0,0.0
177301,1.0,0.0,106426.0,1.0,185.0,24.3,105453.0,1.0,178.0,30.7,3.0,6.0,22.0,1910.0,35.0,1345.0,2020.0,0.0
96627,2.0,0.0,103781.0,0.0,183.0,32.0,104755.0,1.0,185.0,26.9,3.0,5.0,36.0,1085.0,9.0,3090.0,2013.0,1.0
190866,2.0,0.0,111575.0,1.0,198.0,26.0,106214.0,1.0,196.0,28.9,3.0,3.0,23.0,1710.0,51.0,1000.0,2022.0,1.0
193145,1.0,4.0,103151.0,1.0,183.0,27.1,102450.0,1.0,185.0,30.5,3.0,7.0,51.0,790.0,5.0,2275.0,2005.0,0.0
139243,3.0,4.0,104545.0,1.0,206.0,33.2,105023.0,1.0,198.0,30.8,3.0,7.0,9.0,3570.0,34.0,1225.0,2018.0,1.0
102931,1.0,0.0,104607.0,1.0,196.0,21.6,104022.0,1.0,183.0,24.8,3.0,9.0,12.0,1905.0,17.0,1575.0,2007.0,1.0
108016,3.0,0.0,102358.0,1.0,190.0,30.4,102845.0,1.0,190.0,27.9,3.0,7.0,60.0,680.0,4.0,2745.0,2004.0,1.0
56057,3.0,4.0,104755.0,1.0,185.0,26.7,104607.0,1.0,196.0,27.4,3.0,5.0,10.0,2880.0,6.0,4740.0,2013.0,1.0
2599,1.0,4.0,105227.0,1.0,198.0,33.5,126203.0,1.0,193.0,24.4,3.0,6.0,22.0,1740.0,13.0,2875.0,2022.0,1.0
63452,3.0,4.0,104545.0,1.0,206.0,25.3,103997.0,1.0,190.0,28.2,3.0,7.0,19.0,1805.0,61.0,813.0,2010.0,0.0
120877,3.0,4.0,104312.0,1.0,190.0,29.4,104527.0,1.0,183.0,28.3,3.0,7.0,21.0,1585.0,9.0,2925.0,2013.0,1.0
57387,0.0,0.0,102257.0,0.0,193.0,31.1,103285.0,1.0,185.0,25.9,3.0,5.0,57.0,673.0,64.0,590.0,2004.0,0.0
135985,2.0,0.0,104022.0,1.0,183.0,21.9,103280.0,1.0,196.0,25.6,3.0,5.0,36.0,855.0,55.0,670.0,2004.0,1.0
45571,3.0,0.0,104259.0,1.0,178.0,26.2,105064.0,0.0,188.0,22.0,3.0,5.0,27.0,1260.0,34.0,1066.0,2010.0,0.0
46028,1.0,0.0,105807.0,1.0,188.0,24.7,105643.0,0.0,190.0,25.4,3.0,3.0,52.0,879.0,47.0,920.0,2016.0,1.0
134053,1.0,4.0,103602.0,1.0,183.0,25.7,103344.0,1.0,193.0,27.0,3.0,3.0,21.0,1420.0,5.0,2615.0,2006.0,0.0
175530,3.0,3.0,100644.0,1.0,198.0,21.3,104259.0,1.0,178.0,34.8,5.0,6.0,4.0,4845.0,34.0,1235.0,2018.0,1.0
157385,3.0,4.0,103206.0,1.0,175.0,28.1,103722.0,1.0,180.0,25.4,3.0,7.0,33.0,990.0,46.0,800.0,2006.0,0.0
94561,3.0,3.0,104665.0,1.0,180.0,26.9,103598.0,1.0,185.0,32.4,5.0,4.0,45.0,915.0,55.0,791.0,2013.0,1.0
48195,3.0,0.0,106401.0,1.0,193.0,21.4,104731.0,1.0,203.0,30.3,3.0,5.0,15.0,2140.0,45.0,1005.0,2016.0,1.0
101295,3.0,3.0,106233.0,1.0,185.0,26.3,104792.0,1.0,193.0,33.3,5.0,5.0,5.0,5890.0,10.0,2565.0,2020.0,0.0
40180,3.0,4.0,103176.0,1.0,183.0,24.9,102860.0,1.0,183.0,26.5,3.0,4.0,45.0,797.0,38.0,925.0,2003.0,1.0
63668,3.0,4.0,103292.0,1.0,175.0,28.2,103285.0,1.0,185.0,28.3,3.0,7.0,44.0,760.0,26.0,1070.0,2007.0,1.0
150128,1.0,0.0,103852.0,0.0,188.0,29.5,103656.0,1.0,175.0,30.4,3.0,3.0,37.0,1095.0,28.0,1270.0,2011.0,0.0
178226,1.0,0.0,104607.0,1.0,196.0,26.6,104053.0,1.0,188.0,29.7,3.0,8.0,7.0,4500.0,29.0,1225.0,2012.0,0.0
35838,1.0,0.0,104259.0,1.0,178.0,28.7,104898.0,1.0,190.0,25.2,3.0,2.0,23.0,1600.0,42.0,955.0,2012.0,1.0
135446,3.0,4.0,104527.0,1.0,183.0,31.3,104731.0,1.0,203.0,30.1,3.0,3.0,5.0,4720.0,34.0,1335.0,2016.0,0.0
81995,2.0,0.0,104607.0,1.0,196.0,22.7,104417.0,1.0,193.0,23.8,3.0,5.0,12.0,1490.0,42.0,820.0,2008.0,1.0
45583,3.0,0.0,102563.0,1.0,180.0,32.5,105223.0,1.0,198.0,19.0,3.0,6.0,55.0,630.0,54.0,634.0,2007.0,0.0
89590,3.0,4.0,103898.0,1.0,185.0,26.6,104417.0,1.0,193.0,23.9,3.0,7.0,57.0,745.0,45.0,850.0,2008.0,1.0
102925,1.0,4.0,104252.0,1.0,190.0,21.5,103632.0,1.0,180.0,24.6,3.0,7.0,48.0,800.0,58.0,669.0,2005.0,1.0
201708,1.0,4.0,200000.0,1.0,193.0,18.7,106432.0,1.0,188.0,22.4,3.0,7.0,30.0,1349.0,15.0,2445.0,2019.0,1.0
63961,3.0,4.0,104597.0,1.0,183.0,25.1,105238.0,1.0,180.0,21.9,3.0,7.0,16.0,2210.0,55.0,897.0,2010.0,1.0
154500,2.0,0.0,103333.0,1.0,208.0,35.2,104022.0,1.0,183.0,31.9,3.0,6.0,33.0,1177.0,16.0,1930.0,2014.0,0.0
134212,3.0,0.0,105526.0,1.0,193.0,24.4,104918.0,1.0,190.0,27.4,3.0,3.0,52.0,851.0,11.0,3635.0,2014.0,1.0
162043,1.0,4.0,103909.0,1.0,175.0,22.2,102783.0,1.0,180.0,27.9,5.0,2.0,4.0,3230.0,6.0,2270.0,2004.0,0.0
202429,3.0,1.0,104745.0,0.0,185.0,33.4,133430.0,0.0,185.0,20.5,3.0,8.0,1.0,9985.0,15.0,2050.0,2019.0,0.0
146335,3.0,0.0,102860.0,1.0,183.0,31.2,102703.0,1.0,180.0,31.9,3.0,5.0,42.0,715.0,51.0,642.0,2007.0,0.0
171061,3.0,4.0,103786.0,1.0,178.0,28.4,104417.0,1.0,193.0,25.2,3.0,5.0,7.0,4430.0,10.0,2935.0,2009.0,1.0
143825,3.0,4.0,103909.0,1.0,175.0,21.1,102374.0,1.0,180.0,28.9,3.0,6.0,33.0,1065.0,17.0,1555.0,2003.0,0.0
152525,1.0,3.0,103900.0,1.0,180.0,23.3,104607.0,1.0,196.0,19.6,5.0,7.0,11.0,1685.0,47.0,815.0,2005.0,0.0
395,1.0,0.0,104214.0,1.0,185.0,26.5,104655.0,1.0,180.0,24.1,3.0,3.0,41.0,950.0,50.0,813.0,2010.0,0.0
51285,1.0,0.0,103997.0,1.0,190.0,29.9,104468.0,1.0,183.0,27.3,3.0,3.0,51.0,872.0,12.0,2320.0,2012.0,1.0
43116,1.0,4.0,103454.0,1.0,183.0,27.5,103484.0,1.0,185.0,27.3,3.0,6.0,59.0,615.0,9.0,2150.0,2007.0,0.0
189485,3.0,0.0,105173.0,0.0,183.0,25.5,104871.0,1.0,188.0,26.8,3.0,6.0,59.0,784.0,34.0,1175.0,2013.0,1.0
46653,3.0,0.0,104259.0,1.0,178.0,23.9,102860.0,1.0,183.0,31.0,3.0,6.0,33.0,895.0,49.0,660.0,2007.0,0.0
6247,3.0,4.0,111575.0,1.0,198.0,23.4,105526.0,1.0,193.0,29.5,3.0,6.0,8.0,2830.0,36.0,1200.0,2019.0,1.0
126672,3.0,4.0,100644.0,1.0,198.0,23.5,104745.0,0.0,185.0,34.4,3.0,9.0,7.0,5015.0,2.0,9850.0,2020.0,0.0
39240,2.0,3.0,105064.0,0.0,188.0,22.4,104417.0,1.0,193.0,25.8,5.0,6.0,24.0,1652.0,6.0,4755.0,2010.0,1.0
112673,3.0,4.0,104918.0,1.0,190.0,22.2,104542.0,1.0,188.0,24.3,3.0,9.0,3.0,8260.0,7.0,3650.0,2009.0,0.0
201996,1.0,4.0,103781.0,0.0,183.0,31.8,104542.0,1.0,188.0,27.9,3.0,5.0,36.0,1075.0,8.0,3695.0,2013.0,1.0
141456,3.0,3.0,104259.0,1.0,178.0,23.8,104022.0,1.0,183.0,25.1,5.0,7.0,38.0,825.0,11.0,1880.0,2007.0,0.0
158824,1.0,4.0,105238.0,1.0,180.0,24.4,106071.0,1.0,193.0,20.4,3.0,7.0,22.0,1635.0,44.0,910.0,2013.0,0.0
27838,3.0,4.0,105227.0,1.0,198.0,31.0,104527.0,1.0,183.0,34.5,3.0,6.0,24.0,1500.0,16.0,1910.0,2019.0,1.0
123362,3.0,3.0,104259.0,1.0,178.0,28.8,104386.0,1.0,180.0,28.1,5.0,5.0,20.0,1685.0,9.0,3285.0,2012.0,1.0
34770,2.0,0.0,105932.0,1.0,185.0,27.2,105916.0,1.0,188.0,27.3,3.0,5.0,17.0,1970.0,52.0,930.0,2019.0,1.0
168708,2.0,0.0,105992.0,1.0,183.0,26.1,106378.0,1.0,188.0,23.4,3.0,6.0,58.0,920.0,17.0,1950.0,2018.0,1.0
123428,1.0,4.0,104026.0,1.0,198.0,22.8,103206.0,1.0,175.0,26.9,3.0,7.0,12.0,1655.0,27.0,1130.0,2005.0,1.0
118470,3.0,4.0,104166.0,1.0,178.0,29.3,103813.0,0.0,185.0,31.0,3.0,7.0,62.0,725.0,41.0,967.0,2012.0,0.0
16995,3.0,0.0,103819.0,1.0,185.0,26.2,103017.0,1.0,183.0,30.2,3.0,3.0,1.0,7205.0,64.0,595.0,2007.0,0.0
41899,3.0,0.0,105332.0,1.0,196.0,30.3,105807.0,1.0,188.0,28.1,3.0,5.0,23.0,1553.0,63.0,942.0,2019.0,1.0
198128,1.0,0.0,103786.0,1.0,178.0,28.1,103970.0,1.0,175.0,27.2,3.0,9.0,12.0,2935.0,23.0,1780.0,2009.0,0.0
64505,3.0,4.0,105064.0,0.0,188.0,21.7,103602.0,1.0,183.0,29.2,3.0,6.0,53.0,833.0,12.0,2700.0,2009.0,1.0
107842,1.0,0.0,104122.0,1.0,183.0,31.4,105311.0,1.0,185.0,25.2,3.0,9.0,41.0,1010.0,40.0,1020.0,2014.0,1.0
98288,1.0,3.0,104745.0,0.0,185.0,34.9,111815.0,0.0,188.0,25.7,5.0,6.0,3.0,9630.0,45.0,1430.0,2021.0,0.0
137299,3.0,4.0,104053.0,1.0,188.0,21.5,102450.0,1.0,185.0,29.5,3.0,3.0,3.0,4335.0,10.0,1700.0,2004.0,1.0
23831,3.0,0.0,104229.0,1.0,180.0,30.1,104586.0,1.0,196.0,28.1,3.0,5.0,52.0,870.0,46.0,951.0,2013.0,0.0
159924,3.0,4.0,104468.0,1.0,183.0,29.7,103819.0,1.0,185.0,33.1,3.0,2.0,29.0,1220.0,3.0,8170.0,2014.0,1.0
59964,1.0,0.0,103812.0,1.0,198.0,30.0,103813.0,0.0,185.0,30.0,3.0,6.0,63.0,760.0,53.0,901.0,2011.0,1.0
142851,1.0,4.0,105238.0,1.0,180.0,22.4,103808.0,1.0,188.0,29.8,3.0,7.0,20.0,1465.0,44.0,1015.0,2011.0,1.0
120996,3.0,4.0,104925.0,1.0,188.0,23.2,103898.0,1.0,185.0,28.6,3.0,6.0,2.0,6905.0,33.0,1229.0,2010.0,0.0
164948,3.0,4.0,104745.0,0.0,185.0,23.4,104542.0,1.0,188.0,24.5,3.0,3.0,2.0,8845.0,9.0,2985.0,2009.0,0.0
80900,1.0,4.0,104719.0,1.0,190.0,26.0,104122.0,1.0,183.0,29.2,3.0,7.0,29.0,1250.0,38.0,1076.0,2012.0,0.0
80467,2.0,3.0,106401.0,1.0,193.0,27.1,104925.0,1.0,188.0,35.0,5.0,2.0,40.0,1070.0,3.0,6770.0,2022.0,1.0
153562,3.0,0.0,105550.0,0.0,185.0,29.1,105777.0,1.0,188.0,28.2,3.0,5.0,24.0,1560.0,57.0,952.0,2019.0,0.0
54119,1.0,4.0,103292.0,1.0,175.0,27.4,103598.0,1.0,185.0,25.8,3.0,7.0,8.0,1800.0,41.0,836.0,2006.0,1.0
84773,2.0,3.0,103017.0,1.0,183.0,27.9,103819.0,1.0,185.0,23.8,5.0,6.0,26.0,1230.0,1.0,6980.0,2005.0,1.0
69652,1.0,4.0,104022.0,1.0,183.0,30.8,104925.0,1.0,188.0,25.9,3.0,6.0,27.0,1220.0,1.0,12500.0,2013.0,1.0
4759,1.0,0.0,104338.0,1.0,185.0,29.2,104597.0,1.0,183.0,27.8,3.0,3.0,20.0,1680.0,15.0,2135.0,2013.0,1.0
159891,3.0,0.0,103387.0,1.0,185.0,25.6,104214.0,1.0,185.0,21.5,3.0,6.0,33.0,1015.0,49.0,786.0,2005.0,0.0
192988,3.0,4.0,104545.0,1.0,206.0,37.3,128034.0,1.0,196.0,25.5,3.0,6.0,50.0,880.0,10.0,3435.0,2022.0,0.0
118807,3.0,4.0,103819.0,1.0,185.0,21.9,103292.0,1.0,175.0,24.6,3.0,7.0,3.0,3690.0,28.0,1055.0,2003.0,0.0
85656,3.0,4.0,103786.0,1.0,178.0,26.8,104386.0,1.0,180.0,23.7,3.0,3.0,4.0,2710.0,41.0,781.0,2008.0,0.0
94875,3.0,0.0,103285.0,1.0,185.0,34.8,103163.0,1.0,188.0,35.5,3.0,3.0,46.0,925.0,12.0,2265.0,2013.0,1.0
192013,0.0,1.0,104339.0,1.0,196.0,18.8,103484.0,1.0,185.0,23.1,5.0,8.0,60.0,638.0,24.0,1265.0,2003.0,1.0
182026,3.0,3.0,105077.0,0.0,188.0,34.6,105227.0,1.0,198.0,33.9,5.0,7.0,42.0,1070.0,17.0,2175.0,2022.0,1.0
134775,3.0,0.0,104312.0,1.0,190.0,30.0,104252.0,1.0,190.0,30.3,3.0,6.0,31.0,1210.0,30.0,1245.0,2014.0,0.0
109407,3.0,1.0,103285.0,1.0,185.0,31.7,104386.0,1.0,180.0,26.2,5.0,8.0,35.0,1150.0,37.0,1100.0,2010.0,1.0
120785,1.0,3.0,104607.0,1.0,196.0,20.6,103835.0,1.0,183.0,24.7,5.0,7.0,20.0,1390.0,55.0,716.0,2006.0,0.0
146312,3.0,4.0,105138.0,1.0,183.0,24.9,104813.0,1.0,183.0,26.4,3.0,4.0,52.0,815.0,62.0,762.0,2013.0,1.0
125174,1.0,3.0,104527.0,1.0,183.0,32.1,105227.0,1.0,198.0,28.6,5.0,3.0,3.0,5695.0,8.0,3765.0,2017.0,0.0
44326,1.0,4.0,106298.0,1.0,185.0,24.2,106378.0,1.0,188.0,23.3,3.0,6.0,16.0,1995.0,19.0,1905.0,2018.0,1.0
115300,3.0,0.0,126207.0,1.0,188.0,20.6,104731.0,1.0,203.0,32.3,3.0,5.0,41.0,1090.0,9.0,3595.0,2018.0,1.0
186415,1.0,3.0,104719.0,1.0,190.0,25.1,104755.0,1.0,185.0,24.9,5.0,7.0,47.0,988.0,16.0,1755.0,2011.0,1.0
32558,2.0,3.0,103720.0,1.0,180.0,29.3,104925.0,1.0,188.0,23.0,5.0,5.0,26.0,1565.0,3.0,6545.0,2010.0,1.0
169006,3.0,0.0,103103.0,1.0,183.0,26.0,103252.0,1.0,175.0,25.3,3.0,5.0,61.0,584.0,54.0,667.0,2004.0,0.0
195597,2.0,3.0,104745.0,0.0,185.0,25.0,105223.0,1.0,198.0,22.7,5.0,5.0,1.0,12070.0,21.0,1445.0,2011.0,0.0
9429,2.0,3.0,207989.0,1.0,185.0,19.1,134868.0,1.0,188.0,25.9,5.0,7.0,7.0,4890.0,53.0,984.0,2022.0,0.0
171333,1.0,3.0,103428.0,1.0,190.0,32.7,104571.0,1.0,183.0,26.9,5.0,4.0,44.0,970.0,42.0,990.0,2012.0,1.0
42707,1.0,0.0,104792.0,1.0,193.0,21.6,103808.0,1.0,188.0,26.7,3.0,5.0,63.0,577.0,39.0,826.0,2008.0,1.0
176379,1.0,0.0,104926.0,1.0,178.0,26.1,103163.0,1.0,188.0,35.2,3.0,3.0,31.0,1310.0,11.0,2605.0,2013.0,0.0
165648,3.0,0.0,105807.0,1.0,188.0,31.2,126239.0,1.0,196.0,27.2,3.0,3.0,15.0,2360.0,56.0,852.0,2022.0,1.0
144216,2.0,0.0,104755.0,1.0,185.0,27.9,104797.0,1.0,188.0,27.7,3.0,9.0,14.0,2310.0,49.0,915.0,2014.0,0.0
37472,2.0,0.0,102434.0,1.0,183.0,29.9,102571.0,1.0,190.0,29.1,3.0,6.0,30.0,1030.0,64.0,574.0,2004.0,0.0
183715,3.0,0.0,103018.0,1.0,196.0,25.6,102338.0,1.0,190.0,28.9,3.0,3.0,46.0,740.0,25.0,1235.0,2003.0,0.0
201806,3.0,3.0,105173.0,0.0,183.0,25.1,105023.0,1.0,198.0,25.8,5.0,7.0,63.0,756.0,31.0,1310.0,2013.0,0.0
138489,2.0,3.0,103018.0,1.0,196.0,27.9,102562.0,1.0,190.0,30.2,5.0,6.0,36.0,950.0,28.0,1145.0,2005.0,0.0
158016,3.0,4.0,102845.0,1.0,190.0,31.9,104918.0,1.0,190.0,21.2,3.0,3.0,41.0,870.0,9.0,1835.0,2008.0,1.0
188334,1.0,0.0,104259.0,1.0,178.0,26.5,104571.0,1.0,183.0,24.8,3.0,3.0,28.0,1400.0,31.0,1345.0,2010.0,1.0
97266,3.0,0.0,104022.0,1.0,183.0,24.5,104792.0,1.0,193.0,20.3,3.0,5.0,24.0,1075.0,46.0,795.0,2007.0,0.0
130962,1.0,4.0,124079.0,1.0,185.0,25.0,206173.0,1.0,188.0,20.7,3.0,7.0,40.0,1095.0,13.0,3060.0,2022.0,1.0
68610,2.0,0.0,103163.0,1.0,188.0,27.1,102562.0,1.0,190.0,30.2,3.0,6.0,23.0,1285.0,27.0,1185.0,2005.0,0.0
51601,1.0,4.0,103103.0,1.0,183.0,26.3,103602.0,1.0,183.0,23.7,3.0,7.0,31.0,1022.0,15.0,1395.0,2004.0,1.0
57555,1.0,3.0,122330.0,1.0,196.0,23.2,104792.0,1.0,193.0,34.0,5.0,4.0,49.0,1045.0,9.0,2860.0,2020.0,0.0
199347,3.0,4.0,105449.0,1.0,188.0,28.1,106421.0,1.0,198.0,22.0,3.0,4.0,52.0,975.0,57.0,924.0,2018.0,1.0
135583,3.0,0.0,104745.0,0.0,185.0,27.5,105208.0,1.0,190.0,25.3,3.0,3.0,1.0,13030.0,24.0,1393.0,2013.0,0.0
84236,3.0,3.0,103206.0,1.0,175.0,28.6,103900.0,1.0,180.0,25.0,5.0,6.0,29.0,965.0,8.0,2295.0,2007.0,1.0
106400,3.0,3.0,103566.0,0.0,190.0,30.6,103428.0,1.0,190.0,31.3,5.0,4.0,24.0,1575.0,39.0,1070.0,2011.0,0.0
26092,1.0,0.0,102860.0,1.0,183.0,29.8,103786.0,1.0,178.0,25.1,3.0,9.0,54.0,680.0,5.0,2165.0,2006.0,1.0
92961,1.0,3.0,104719.0,1.0,190.0,28.1,105238.0,1.0,180.0,25.5,5.0,7.0,39.0,1080.0,21.0,1645.0,2014.0,0.0
9478,3.0,0.0,133430.0,0.0,185.0,18.5,105216.0,1.0,173.0,29.0,3.0,6.0,49.0,926.0,38.0,1219.0,2017.0,0.0
15099,3.0,0.0,104745.0,0.0,185.0,18.5,104269.0,0.0,188.0,21.1,3.0,5.0,51.0,775.0,36.0,938.0,2005.0,0.0
101886,3.0,0.0,104926.0,1.0,178.0,29.3,104678.0,1.0,193.0,30.6,3.0,6.0,43.0,1020.0,32.0,1340.0,2016.0,0.0
114143,1.0,4.0,104022.0,1.0,183.0,31.8,104312.0,1.0,190.0,30.1,3.0,7.0,15.0,2090.0,35.0,1150.0,2014.0,1.0
183310,3.0,1.0,103484.0,1.0,185.0,28.2,103908.0,1.0,185.0,26.2,5.0,8.0,8.0,1920.0,12.0,1495.0,2008.0,0.0
181556,3.0,0.0,104926.0,1.0,178.0,29.6,104259.0,1.0,178.0,33.2,3.0,6.0,47.0,945.0,32.0,1325.0,2017.0,1.0
27667,3.0,0.0,105683.0,1.0,196.0,26.1,106058.0,1.0,185.0,24.4,3.0,2.0,4.0,4930.0,21.0,1855.0,2017.0,1.0
129240,1.0,0.0,103084.0,1.0,185.0,29.6,104468.0,1.0,183.0,22.5,3.0,3.0,15.0,1607.0,50.0,680.0,2007.0,0.0
39372,3.0,0.0,105357.0,1.0,183.0,31.3,105173.0,0.0,183.0,32.3,3.0,2.0,45.0,1166.0,39.0,1296.0,2020.0,0.0
118074,1.0,0.0,104607.0,1.0,196.0,25.6,105173.0,0.0,183.0,22.8,3.0,5.0,6.0,4215.0,53.0,913.0,2011.0,0.0
89935,3.0,0.0,102318.0,1.0,183.0,30.7,102563.0,1.0,180.0,29.5,3.0,3.0,13.0,1460.0,42.0,816.0,2004.0,1.0
73182,3.0,4.0,104252.0,1.0,190.0,23.4,103990.0,1.0,180.0,24.8,3.0,6.0,45.0,760.0,6.0,2525.0,2007.0,1.0
48210,3.0,4.0,126203.0,1.0,193.0,21.7,128034.0,1.0,196.0,22.4,3.0,7.0,25.0,1580.0,48.0,1023.0,2019.0,1.0
119805,3.0,3.0,103813.0,0.0,185.0,24.1,103971.0,1.0,180.0,23.4,5.0,4.0,57.0,667.0,36.0,922.0,2005.0,0.0
132071,3.0,0.0,102905.0,0.0,175.0,31.1,103694.0,1.0,168.0,27.1,3.0,5.0,56.0,591.0,62.0,561.0,2008.0,1.0
186540,3.0,4.0,105223.0,1.0,198.0,20.8,103812.0,1.0,198.0,28.0,3.0,5.0,6.0,5155.0,32.0,1341.0,2009.0,0.0
44870,3.0,4.0,103813.0,0.0,185.0,21.6,101736.0,1.0,180.0,32.8,3.0,6.0,35.0,985.0,2.0,4295.0,2003.0,1.0
67724,3.0,4.0,104755.0,1.0,185.0,27.3,104745.0,0.0,185.0,27.4,3.0,3.0,10.0,3130.0,1.0,11670.0,2013.0,1.0
138167,2.0,1.0,106401.0,1.0,193.0,19.3,104797.0,1.0,188.0,28.0,5.0,8.0,53.0,860.0,55.0,815.0,2014.0,0.0
165204,2.0,0.0,105173.0,0.0,183.0,28.9,104269.0,0.0,188.0,33.6,3.0,3.0,62.0,766.0,35.0,1175.0,2017.0,0.0
199432,3.0,3.0,100644.0,1.0,198.0,21.7,105683.0,1.0,196.0,28.0,5.0,5.0,4.0,6385.0,17.0,1900.0,2019.0,1.0
58247,3.0,0.0,104655.0,1.0,180.0,29.7,104607.0,1.0,196.0,30.0,3.0,6.0,37.0,1100.0,5.0,4900.0,2015.0,0.0
176248,3.0,4.0,103786.0,1.0,178.0,29.4,103566.0,0.0,190.0,30.4,3.0,3.0,11.0,2865.0,34.0,1215.0,2010.0,1.0
102134,3.0,4.0,104678.0,1.0,193.0,26.7,103898.0,1.0,185.0,30.8,3.0,7.0,33.0,1135.0,37.0,1075.0,2012.0,1.0
93358,1.0,0.0,104022.0,1.0,183.0,29.0,104719.0,1.0,190.0,25.2,3.0,9.0,14.0,1990.0,45.0,978.0,2011.0,1.0
33531,3.0,0.0,104269.0,0.0,188.0,27.2,105683.0,1.0,196.0,20.1,3.0,6.0,9.0,3140.0,59.0,837.0,2011.0,1.0
25058,3.0,0.0,111815.0,0.0,188.0,25.9,126203.0,1.0,193.0,23.7,3.0,9.0,30.0,1815.0,37.0,1635.0,2021.0,0.0
85217,1.0,3.0,103990.0,1.0,180.0,26.0,103285.0,1.0,185.0,29.4,5.0,6.0,14.0,1430.0,22.0,1245.0,2008.0,1.0
200917,1.0,0.0,105643.0,0.0,190.0,23.3,104665.0,1.0,180.0,28.0,3.0,6.0,63.0,744.0,43.0,981.0,2014.0,1.0
16331,3.0,1.0,136440.0,0.0,180.0,27.5,105936.0,1.0,185.0,29.7,3.0,8.0,54.0,1101.0,42.0,1402.0,2021.0,0.0
8842,3.0,0.0,103333.0,1.0,208.0,36.3,105173.0,0.0,183.0,27.0,3.0,9.0,23.0,1450.0,33.0,1150.0,2015.0,1.0
6109,3.0,0.0,104022.0,1.0,183.0,26.6,104607.0,1.0,196.0,23.4,3.0,6.0,62.0,1170.0,24.0,2230.0,2009.0,0.0
119401,1.0,0.0,102860.0,1.0,183.0,29.4,104076.0,1.0,190.0,23.3,3.0,3.0,56.0,632.0,39.0,833.0,2006.0,0.0
25542,3.0,0.0,103720.0,1.0,180.0,26.9,104312.0,1.0,190.0,23.9,3.0,6.0,19.0,1460.0,42.0,734.0,2008.0,1.0
170572,3.0,4.0,105777.0,1.0,188.0,21.8,104925.0,1.0,188.0,25.7,3.0,6.0,31.0,1137.0,1.0,13280.0,2013.0,1.0
3550,3.0,0.0,102882.0,1.0,196.0,26.8,102562.0,1.0,190.0,28.5,3.0,2.0,15.0,1380.0,12.0,1720.0,2003.0,0.0
184865,3.0,4.0,105223.0,1.0,198.0,29.4,104919.0,1.0,188.0,30.8,3.0,5.0,8.0,3200.0,47.0,1044.0,2018.0,0.0
11521,3.0,3.0,104527.0,1.0,183.0,31.4,105453.0,1.0,178.0,26.6,5.0,9.0,3.0,4980.0,7.0,4165.0,2016.0,0.0
197380,3.0,4.0,103813.0,0.0,185.0,22.6,102271.0,0.0,175.0,30.3,3.0,7.0,31.0,1035.0,44.0,868.0,2004.0,1.0
204865,2.0,0.0,104542.0,1.0,188.0,28.1,104997.0,1.0,190.0,25.8,3.0,5.0,7.0,4155.0,60.0,772.0,2013.0,0.0
108842,1.0,0.0,104597.0,1.0,183.0,25.4,105238.0,1.0,180.0,22.2,3.0,2.0,13.0,2160.0,32.0,1273.0,2011.0,0.0
107952,3.0,4.0,104731.0,1.0,203.0,26.4,104755.0,1.0,185.0,26.3,3.0,6.0,39.0,1020.0,12.0,2550.0,2012.0,0.0
65506,3.0,0.0,103163.0,1.0,188.0,31.3,103507.0,1.0,183.0,29.4,3.0,5.0,23.0,1765.0,29.0,1374.0,2009.0,0.0
183381,1.0,4.0,105916.0,1.0,188.0,29.2,106415.0,0.0,170.0,25.6,3.0,7.0,44.0,1421.0,59.0,1103.0,2021.0,0.0
141989,1.0,4.0,104678.0,1.0,193.0,26.1,104918.0,1.0,190.0,24.9,3.0,6.0,30.0,1185.0,4.0,7680.0,2012.0,1.0
57274,3.0,4.0,104545.0,1.0,206.0,37.3,126127.0,1.0,185.0,26.1,3.0,7.0,50.0,880.0,48.0,921.0,2022.0,0.0
82034,3.0,4.0,104925.0,1.0,188.0,27.8,103970.0,1.0,175.0,32.9,3.0,3.0,1.0,13205.0,7.0,4580.0,2015.0,0.0
150576,1.0,4.0,104269.0,0.0,188.0,25.4,104338.0,1.0,185.0,25.1,3.0,5.0,8.0,3900.0,47.0,1240.0,2009.0,0.0
127195,3.0,3.0,104542.0,1.0,188.0,22.7,104918.0,1.0,190.0,20.6,5.0,4.0,38.0,789.0,9.0,1830.0,2008.0,0.0
4105,1.0,0.0,102860.0,1.0,183.0,26.5,102845.0,1.0,190.0,26.6,3.0,9.0,34.0,1010.0,4.0,2845.0,2003.0,1.0
117572,3.0,0.0,104731.0,1.0,203.0,28.2,105023.0,1.0,198.0,26.8,3.0,5.0,20.0,1775.0,56.0,820.0,2014.0,1.0
26776,3.0,0.0,104527.0,1.0,183.0,30.7,105332.0,1.0,196.0,26.6,3.0,9.0,4.0,6865.0,19.0,1633.0,2016.0,0.0
110150,1.0,4.0,104527.0,1.0,183.0,26.0,104198.0,1.0,188.0,27.9,3.0,7.0,14.0,2000.0,29.0,1285.0,2011.0,1.0
8358,3.0,0.0,105932.0,1.0,185.0,29.0,105138.0,1.0,183.0,32.8,3.0,2.0,42.0,1405.0,13.0,2770.0,2021.0,0.0
202234,1.0,4.0,104607.0,1.0,196.0,25.5,103344.0,1.0,193.0,32.0,3.0,5.0,7.0,3900.0,40.0,1065.0,2011.0,1.0
149035,3.0,3.0,103909.0,1.0,175.0,23.6,102434.0,1.0,183.0,31.1,5.0,7.0,8.0,1765.0,47.0,780.0,2005.0,0.0
1185,3.0,3.0,111815.0,0.0,188.0,26.0,207989.0,1.0,185.0,18.3,5.0,4.0,29.0,1975.0,55.0,1209.0,2021.0,1.0
153241,1.0,4.0,104259.0,1.0,178.0,27.5,103852.0,0.0,188.0,29.6,3.0,6.0,45.0,1010.0,40.0,1065.0,2011.0,1.0
82350,1.0,4.0,104607.0,1.0,196.0,27.6,104731.0,1.0,203.0,26.9,3.0,5.0,6.0,4760.0,27.0,1295.0,2013.0,0.0
15276,3.0,4.0,103428.0,1.0,190.0,24.9,104053.0,1.0,188.0,21.9,3.0,5.0,17.0,1285.0,2.0,4945.0,2004.0,1.0
200040,3.0,4.0,104386.0,1.0,180.0,27.2,103852.0,0.0,188.0,30.0,3.0,7.0,13.0,2075.0,28.0,1325.0,2011.0,1.0
126764,2.0,3.0,105053.0,1.0,188.0,22.5,105217.0,1.0,193.0,21.7,5.0,4.0,54.0,823.0,49.0,928.0,2010.0,1.0
172094,2.0,3.0,104792.0,1.0,193.0,23.8,104919.0,1.0,188.0,23.1,5.0,4.0,20.0,1905.0,52.0,837.0,2010.0,0.0
19719,3.0,3.0,101962.0,1.0,193.0,31.9,103900.0,1.0,180.0,21.6,5.0,3.0,21.0,1260.0,13.0,1700.0,2003.0,1.0
90305,1.0,4.0,105138.0,1.0,183.0,33.0,106426.0,1.0,185.0,24.9,3.0,6.0,11.0,3170.0,22.0,2350.0,2021.0,0.0
203229,1.0,4.0,103720.0,1.0,180.0,33.1,105053.0,1.0,188.0,26.4,3.0,7.0,43.0,1020.0,46.0,983.0,2014.0,1.0
201401,1.0,0.0,105376.0,1.0,185.0,28.8,104312.0,1.0,190.0,34.2,3.0,3.0,49.0,1045.0,51.0,1020.0,2018.0,0.0
37890,3.0,4.0,104269.0,0.0,188.0,33.9,126094.0,1.0,188.0,20.0,3.0,7.0,39.0,1160.0,35.0,1284.0,2017.0,0.0
53779,3.0,4.0,105936.0,1.0,185.0,30.0,104792.0,1.0,193.0,35.5,3.0,7.0,40.0,1212.0,28.0,1633.0,2022.0,1.0
51328,3.0,4.0,104053.0,1.0,188.0,23.5,104214.0,1.0,185.0,22.6,3.0,5.0,3.0,2685.0,26.0,1255.0,2006.0,1.0
187677,3.0,0.0,126094.0,1.0,188.0,22.2,200175.0,1.0,183.0,20.3,3.0,9.0,23.0,1584.0,62.0,881.0,2020.0,0.0
137704,1.0,1.0,104676.0,0.0,190.0,23.4,104269.0,0.0,188.0,25.6,5.0,8.0,51.0,1009.0,9.0,3500.0,2009.0,1.0
183423,1.0,4.0,104312.0,1.0,190.0,28.2,105238.0,1.0,180.0,23.4,3.0,6.0,32.0,1185.0,20.0,1575.0,2012.0,1.0
89138,3.0,4.0,105077.0,0.0,188.0,33.7,200000.0,1.0,193.0,21.1,3.0,7.0,48.0,1324.0,11.0,3368.0,2021.0,0.0
125288,1.0,3.0,105676.0,1.0,180.0,27.4,104792.0,1.0,193.0,31.7,5.0,6.0,9.0,3020.0,37.0,1220.0,2018.0,0.0
11849,1.0,4.0,104745.0,0.0,185.0,30.9,106233.0,1.0,185.0,23.6,3.0,3.0,4.0,5195.0,7.0,4035.0,2017.0,1.0
104826,3.0,4.0,126094.0,1.0,188.0,23.9,126205.0,1.0,185.0,24.3,3.0,6.0,5.0,6130.0,60.0,1033.0,2021.0,1.0
73580,3.0,4.0,126205.0,1.0,185.0,24.3,126094.0,1.0,188.0,23.9,3.0,6.0,60.0,1033.0,5.0,6130.0,2021.0,0.0
150126,3.0,0.0,103163.0,1.0,188.0,34.8,104797.0,1.0,188.0,26.4,3.0,5.0,19.0,1815.0,42.0,930.0,2013.0,0.0
109262,3.0,0.0,105023.0,1.0,198.0,28.3,106233.0,1.0,185.0,22.4,3.0,9.0,43.0,1015.0,15.0,2020.0,2016.0,1.0
116517,3.0,4.0,103582.0,0.0,193.0,30.1,103598.0,1.0,185.0,30.0,3.0,7.0,47.0,932.0,52.0,896.0,2010.0,1.0
191754,3.0,0.0,105238.0,1.0,180.0,23.7,105023.0,1.0,198.0,24.8,3.0,9.0,25.0,1460.0,38.0,1029.0,2012.0,0.0
43287,1.0,4.0,103900.0,1.0,180.0,26.3,103819.0,1.0,185.0,26.7,3.0,3.0,7.0,2035.0,1.0,6425.0,2008.0,1.0
144312,3.0,0.0,105550.0,0.0,185.0,29.3,105932.0,1.0,185.0,27.6,3.0,6.0,22.0,1655.0,17.0,1895.0,2019.0,1.0
102872,2.0,0.0,103852.0,0.0,188.0,32.7,104755.0,1.0,185.0,27.9,3.0,2.0,25.0,1455.0,14.0,2310.0,2014.0,0.0
2244,3.0,0.0,104571.0,1.0,183.0,31.5,106210.0,0.0,198.0,23.5,3.0,3.0,36.0,1140.0,54.0,848.0,2017.0,0.0
43331,3.0,0.0,104542.0,1.0,188.0,31.7,104607.0,1.0,196.0,31.2,3.0,3.0,12.0,2550.0,10.0,3060.0,2017.0,1.0
128866,1.0,0.0,103151.0,1.0,183.0,25.9,102845.0,1.0,190.0,27.4,3.0,3.0,30.0,1085.0,7.0,2345.0,2004.0,1.0
190760,1.0,3.0,104527.0,1.0,183.0,34.1,105777.0,1.0,188.0,28.0,5.0,6.0,28.0,1365.0,46.0,997.0,2019.0,0.0
2125,1.0,4.0,105053.0,1.0,188.0,23.4,103888.0,1.0,188.0,29.4,3.0,7.0,60.0,850.0,11.0,2366.0,2011.0,1.0
52457,3.0,0.0,103598.0,1.0,185.0,31.1,103857.0,1.0,180.0,29.9,3.0,5.0,47.0,875.0,58.0,786.0,2011.0,0.0
112398,1.0,0.0,103602.0,1.0,183.0,29.5,103812.0,1.0,198.0,28.5,3.0,5.0,12.0,2710.0,44.0,905.0,2010.0,0.0
102335,1.0,3.0,103720.0,1.0,180.0,23.2,103280.0,1.0,196.0,25.5,5.0,6.0,12.0,1525.0,19.0,1295.0,2004.0,0.0
102178,3.0,4.0,104918.0,1.0,190.0,21.8,105223.0,1.0,198.0,20.4,3.0,9.0,4.0,7850.0,7.0,4470.0,2009.0,0.0
160742,1.0,0.0,106210.0,0.0,198.0,21.7,103333.0,1.0,208.0,36.1,3.0,3.0,46.0,978.0,22.0,1470.0,2015.0,0.0
30501,3.0,3.0,103908.0,1.0,185.0,24.0,103206.0,1.0,175.0,27.6,5.0,5.0,48.0,713.0,28.0,1080.0,2006.0,1.0
87614,3.0,4.0,105438.0,1.0,183.0,26.2,105683.0,1.0,196.0,25.1,3.0,7.0,59.0,821.0,14.0,2410.0,2016.0,1.0
114716,1.0,4.0,103908.0,1.0,185.0,26.3,103333.0,1.0,208.0,29.1,3.0,7.0,20.0,1370.0,22.0,1280.0,2008.0,1.0
75861,3.0,4.0,104607.0,1.0,196.0,27.8,105238.0,1.0,180.0,24.7,3.0,6.0,6.0,4865.0,37.0,1045.0,2013.0,0.0
197911,2.0,0.0,103333.0,1.0,208.0,28.3,104098.0,1.0,185.0,24.5,3.0,9.0,61.0,572.0,24.0,1155.0,2007.0,0.0
61875,3.0,0.0,207733.0,0.0,191.0,20.8,202385.0,1.0,188.0,21.9,3.0,6.0,48.0,961.0,41.0,1047.0,2022.0,0.0
188086,1.0,3.0,104719.0,1.0,190.0,28.1,104471.0,1.0,183.0,29.3,5.0,4.0,39.0,1080.0,36.0,1100.0,2014.0,0.0
82255,3.0,4.0,102854.0,1.0,193.0,26.5,103819.0,1.0,185.0,21.6,3.0,5.0,14.0,1630.0,4.0,2740.0,2003.0,1.0
34511,3.0,0.0,104678.0,1.0,193.0,24.7,103582.0,0.0,193.0,30.3,3.0,6.0,32.0,1225.0,47.0,960.0,2010.0,0.0
142099,3.0,0.0,104871.0,1.0,188.0,29.4,105807.0,1.0,188.0,25.0,3.0,6.0,39.0,1175.0,55.0,879.0,2016.0,1.0
78240,1.0,0.0,104597.0,1.0,183.0,24.6,103752.0,1.0,185.0,29.0,3.0,6.0,34.0,1255.0,60.0,744.0,2010.0,0.0
134082,3.0,0.0,103565.0,1.0,185.0,36.3,104291.0,1.0,185.0,32.6,3.0,6.0,53.0,849.0,55.0,843.0,2016.0,1.0
19596,3.0,0.0,103285.0,1.0,185.0,34.6,103566.0,0.0,190.0,33.1,3.0,6.0,51.0,875.0,50.0,879.0,2013.0,0.0
82788,2.0,3.0,104534.0,1.0,175.0,31.2,103970.0,1.0,175.0,34.2,5.0,4.0,63.0,781.0,14.0,2605.0,2016.0,1.0
54518,3.0,0.0,111575.0,1.0,198.0,24.4,105777.0,1.0,188.0,29.4,3.0,6.0,18.0,2245.0,20.0,2215.0,2020.0,1.0
80148,3.0,3.0,105683.0,1.0,196.0,28.0,105732.0,1.0,188.0,27.8,5.0,6.0,17.0,1900.0,55.0,903.0,2019.0,0.0
82969,1.0,4.0,103970.0,1.0,175.0,22.1,103909.0,1.0,175.0,22.3,3.0,3.0,57.0,629.0,3.0,3640.0,2004.0,1.0
198472,3.0,0.0,103598.0,1.0,185.0,24.4,104026.0,1.0,198.0,22.5,3.0,5.0,48.0,798.0,11.0,1595.0,2005.0,1.0
184657,1.0,0.0,105373.0,0.0,190.0,25.7,103990.0,1.0,180.0,32.9,3.0,3.0,28.0,1272.0,20.0,1720.0,2015.0,0.0
119331,3.0,0.0,106234.0,1.0,185.0,27.5,106233.0,1.0,185.0,27.5,3.0,5.0,45.0,1382.0,4.0,9125.0,2021.0,1.0
66681,3.0,4.0,200175.0,1.0,183.0,22.5,200000.0,1.0,193.0,21.6,3.0,7.0,48.0,1056.0,9.0,3803.0,2022.0,0.0
52721,3.0,4.0,106401.0,1.0,193.0,22.2,103333.0,1.0,208.0,38.4,3.0,5.0,23.0,1770.0,44.0,1045.0,2017.0,0.0
181714,3.0,4.0,126094.0,1.0,188.0,19.9,106000.0,1.0,172.0,25.3,3.0,7.0,35.0,1247.0,37.0,1191.0,2017.0,0.0
77837,1.0,4.0,104792.0,1.0,193.0,34.6,132283.0,1.0,191.0,25.9,3.0,7.0,15.0,2703.0,33.0,1817.0,2021.0,1.0
122987,3.0,4.0,103900.0,1.0,180.0,26.8,104542.0,1.0,188.0,23.5,3.0,2.0,8.0,1875.0,14.0,1485.0,2008.0,1.0
57878,3.0,3.0,104076.0,1.0,190.0,23.2,103484.0,1.0,185.0,26.0,5.0,4.0,45.0,768.0,22.0,1390.0,2006.0,1.0
62309,3.0,4.0,103285.0,1.0,185.0,29.8,103819.0,1.0,185.0,27.1,3.0,6.0,30.0,1065.0,2.0,5930.0,2008.0,1.0
47936,3.0,4.0,104745.0,0.0,185.0,32.7,103819.0,1.0,185.0,37.5,3.0,9.0,2.0,8365.0,4.0,4600.0,2019.0,1.0
121546,1.0,0.0,100644.0,1.0,198.0,21.0,105526.0,1.0,193.0,28.0,3.0,3.0,3.0,5195.0,62.0,855.0,2018.0,0.0
35445,1.0,3.0,104925.0,1.0,188.0,19.0,103602.0,1.0,183.0,25.8,5.0,7.0,63.0,627.0,9.0,1780.0,2006.0,0.0
93949,3.0,0.0,106043.0,1.0,170.0,26.5,111815.0,0.0,188.0,23.5,3.0,5.0,25.0,1485.0,64.0,797.0,2019.0,1.0
52140,2.0,0.0,104259.0,1.0,178.0,24.6,103898.0,1.0,185.0,26.4,3.0,6.0,40.0,875.0,43.0,815.0,2008.0,0.0
175627,3.0,3.0,104731.0,1.0,203.0,28.2,105227.0,1.0,198.0,25.9,5.0,6.0,20.0,1795.0,16.0,1845.0,2014.0,1.0
122027,1.0,0.0,103176.0,1.0,183.0,26.0,103835.0,1.0,183.0,22.6,3.0,9.0,54.0,691.0,61.0,614.0,2004.0,1.0
14329,1.0,0.0,103105.0,1.0,183.0,28.5,103252.0,1.0,175.0,27.9,3.0,3.0,62.0,617.0,49.0,764.0,2006.0,0.0
1523,3.0,0.0,103694.0,1.0,168.0,27.1,102905.0,0.0,175.0,31.1,3.0,5.0,62.0,561.0,56.0,591.0,2008.0,0.0
27053,3.0,4.0,111575.0,1.0,198.0,25.8,126205.0,1.0,185.0,24.8,3.0,7.0,25.0,1623.0,37.0,1277.0,2022.0,1.0
103859,3.0,0.0,104468.0,1.0,183.0,35.1,105379.0,1.0,181.0,30.5,3.0,5.0,58.0,890.0,47.0,1010.0,2020.0,0.0
2638,3.0,0.0,105023.0,1.0,198.0,26.7,105449.0,1.0,188.0,24.5,3.0,6.0,61.0,790.0,64.0,766.0,2014.0,0.0
2302,3.0,4.0,106043.0,1.0,170.0,26.9,106065.0,1.0,185.0,26.8,3.0,7.0,23.0,1690.0,61.0,880.0,2019.0,0.0
140355,1.0,4.0,105550.0,0.0,185.0,28.9,104527.0,1.0,183.0,34.1,3.0,6.0,26.0,1470.0,34.0,1230.0,2019.0,1.0
155062,3.0,4.0,105077.0,0.0,188.0,29.7,105807.0,1.0,188.0,26.2,3.0,6.0,25.0,1755.0,11.0,2855.0,2017.0,0.0
58422,3.0,4.0,105676.0,1.0,180.0,22.2,104259.0,1.0,178.0,29.4,3.0,7.0,47.0,838.0,21.0,1705.0,2013.0,0.0
165786,1.0,0.0,105577.0,1.0,193.0,24.8,106233.0,1.0,185.0,21.6,3.0,6.0,61.0,815.0,44.0,985.0,2015.0,1.0
87223,3.0,0.0,103602.0,1.0,183.0,24.0,103888.0,1.0,188.0,22.6,3.0,9.0,21.0,1220.0,35.0,865.0,2004.0,1.0
15037,3.0,0.0,103484.0,1.0,185.0,27.8,103333.0,1.0,208.0,28.6,3.0,5.0,7.0,2110.0,25.0,1295.0,2007.0,1.0
7062,3.0,0.0,104542.0,1.0,188.0,23.7,104871.0,1.0,188.0,21.9,3.0,2.0,14.0,2955.0,61.0,1208.0,2009.0,0.0
178750,3.0,3.0,106378.0,1.0,188.0,25.6,122330.0,1.0,196.0,23.2,5.0,4.0,44.0,1050.0,54.0,965.0,2020.0,0.0
154342,3.0,4.0,104607.0,1.0,196.0,31.5,103819.0,1.0,185.0,35.6,3.0,3.0,14.0,2790.0,6.0,4305.0,2017.0,1.0
39381,3.0,0.0,104259.0,1.0,178.0,28.3,104719.0,1.0,190.0,25.8,3.0,6.0,30.0,1185.0,25.0,1350.0,2012.0,0.0
157297,0.0,0.0,104571.0,1.0,183.0,21.6,103096.0,1.0,173.0,29.1,3.0,3.0,21.0,1215.0,38.0,850.0,2007.0,0.0
80484,3.0,0.0,102148.0,1.0,178.0,33.0,103722.0,1.0,180.0,24.8,3.0,6.0,63.0,580.0,38.0,856.0,2006.0,1.0
191045,2.0,0.0,105223.0,1.0,198.0,22.6,105173.0,0.0,183.0,22.9,3.0,5.0,22.0,1445.0,54.0,898.0,2011.0,1.0
124124,3.0,0.0,105138.0,1.0,183.0,32.8,126610.0,1.0,196.0,24.8,3.0,9.0,13.0,2710.0,10.0,3120.0,2021.0,1.0
110427,1.0,4.0,126774.0,1.0,193.0,23.7,206173.0,1.0,188.0,20.7,3.0,3.0,5.0,5750.0,13.0,3060.0,2022.0,0.0
63657,3.0,0.0,105668.0,1.0,203.0,23.7,105311.0,1.0,185.0,25.3,3.0,6.0,52.0,855.0,37.0,1077.0,2014.0,0.0
93049,1.0,0.0,200005.0,0.0,188.0,22.2,134770.0,1.0,183.0,21.7,3.0,3.0,41.0,1216.0,30.0,1604.0,2020.0,1.0
92107,1.0,3.0,105449.0,1.0,188.0,28.4,105173.0,0.0,183.0,29.9,5.0,4.0,46.0,1110.0,26.0,1535.0,2018.0,0.0
1486,3.0,0.0,104386.0,1.0,180.0,28.5,104424.0,1.0,178.0,28.3,3.0,3.0,9.0,2990.0,60.0,758.0,2012.0,0.0
111863,3.0,4.0,104068.0,1.0,183.0,22.8,103498.0,1.0,193.0,25.5,3.0,3.0,58.0,645.0,4.0,3160.0,2005.0,0.0
29663,3.0,3.0,104755.0,1.0,185.0,25.5,103970.0,1.0,175.0,29.7,5.0,5.0,18.0,1765.0,5.0,4925.0,2012.0,1.0
28071,3.0,0.0,101736.0,1.0,180.0,34.4,102563.0,1.0,180.0,29.5,3.0,2.0,7.0,2365.0,42.0,816.0,2004.0,1.0
154792,1.0,0.0,103428.0,1.0,190.0,27.4,103252.0,1.0,175.0,28.4,3.0,6.0,39.0,845.0,56.0,646.0,2007.0,0.0
181782,1.0,0.0,104655.0,1.0,180.0,31.1,105807.0,1.0,188.0,25.6,3.0,9.0,33.0,1085.0,23.0,1645.0,2017.0,0.0
11931,1.0,4.0,104678.0,1.0,193.0,25.2,103786.0,1.0,178.0,29.9,3.0,7.0,15.0,1780.0,30.0,1275.0,2011.0,0.0
134616,1.0,0.0,134770.0,1.0,183.0,21.1,105077.0,0.0,188.0,32.1,3.0,9.0,38.0,1219.0,45.0,1085.0,2020.0,0.0
25110,1.0,0.0,104022.0,1.0,183.0,29.0,104468.0,1.0,183.0,26.5,3.0,9.0,17.0,1810.0,18.0,1745.0,2011.0,1.0
199126,3.0,0.0,111815.0,0.0,188.0,23.9,126203.0,1.0,193.0,21.7,3.0,9.0,54.0,950.0,32.0,1320.0,2019.0,1.0
96885,3.0,0.0,104731.0,1.0,203.0,31.3,104468.0,1.0,183.0,32.7,3.0,6.0,16.0,2425.0,45.0,1005.0,2017.0,0.0
108051,3.0,4.0,103819.0,1.0,185.0,37.0,105376.0,1.0,185.0,29.0,3.0,6.0,2.0,6480.0,47.0,1013.0,2018.0,0.0
8356,1.0,4.0,105683.0,1.0,196.0,23.2,103990.0,1.0,180.0,31.9,3.0,5.0,10.0,2580.0,18.0,1890.0,2014.0,0.0
97273,2.0,0.0,105676.0,1.0,180.0,21.6,104338.0,1.0,185.0,28.3,3.0,7.0,63.0,753.0,10.0,2695.0,2012.0,1.0
71143,3.0,0.0,104098.0,1.0,185.0,25.2,104755.0,1.0,185.0,21.7,3.0,6.0,36.0,925.0,8.0,1885.0,2008.0,1.0
147046,3.0,0.0,104198.0,1.0,188.0,25.3,105208.0,1.0,190.0,20.1,3.0,6.0,60.0,686.0,50.0,754.0,2008.0,1.0
94495,2.0,0.0,104386.0,1.0,180.0,27.9,104229.0,1.0,180.0,28.8,3.0,5.0,8.0,3200.0,57.0,765.0,2012.0,1.0
27474,3.0,0.0,103720.0,1.0,180.0,22.8,102227.0,1.0,180.0,30.6,3.0,6.0,15.0,1450.0,38.0,978.0,2004.0,0.0
94816,3.0,0.0,106043.0,1.0,170.0,24.3,105683.0,1.0,196.0,26.0,3.0,5.0,52.0,864.0,3.0,5450.0,2017.0,1.0
169576,1.0,0.0,124079.0,1.0,185.0,25.2,105077.0,0.0,188.0,34.5,3.0,3.0,49.0,965.0,52.0,915.0,2022.0,1.0
22564,3.0,3.0,104918.0,1.0,190.0,24.2,104745.0,0.0,185.0,25.2,5.0,9.0,4.0,6535.0,2.0,11420.0,2011.0,1.0
32045,3.0,3.0,104719.0,1.0,190.0,28.7,104468.0,1.0,183.0,30.0,5.0,7.0,58.0,790.0,20.0,1730.0,2015.0,1.0
183296,1.0,0.0,111513.0,1.0,188.0,26.7,132283.0,1.0,191.0,26.7,3.0,6.0,56.0,1076.0,21.0,2023.0,2022.0,1.0
181731,3.0,3.0,105676.0,1.0,180.0,27.7,104898.0,1.0,190.0,31.3,5.0,7.0,10.0,3435.0,49.0,1010.0,2018.0,0.0
16358,3.0,4.0,103252.0,1.0,175.0,27.9,103096.0,1.0,173.0,28.6,3.0,7.0,50.0,779.0,43.0,827.0,2006.0,1.0
28043,3.0,0.0,101965.0,1.0,185.0,32.3,102845.0,1.0,190.0,27.3,3.0,9.0,32.0,1055.0,7.0,2380.0,2004.0,1.0
12583,3.0,4.0,103781.0,0.0,183.0,25.7,103898.0,1.0,185.0,25.2,3.0,7.0,28.0,1050.0,46.0,757.0,2007.0,1.0
49919,3.0,3.0,104076.0,1.0,190.0,25.2,103917.0,1.0,190.0,25.9,5.0,4.0,63.0,581.0,44.0,683.0,2008.0,1.0
93190,1.0,4.0,104339.0,1.0,196.0,21.1,103602.0,1.0,183.0,24.7,3.0,6.0,21.0,1255.0,23.0,1240.0,2005.0,0.0
115670,3.0,4.0,103990.0,1.0,180.0,25.2,103813.0,0.0,185.0,26.0,3.0,6.0,7.0,2170.0,28.0,1000.0,2007.0,1.0
132332,3.0,3.0,104468.0,1.0,183.0,26.6,104545.0,1.0,206.0,26.3,5.0,5.0,12.0,2325.0,22.0,1545.0,2011.0,1.0
15012,3.0,0.0,104527.0,1.0,183.0,30.5,104180.0,0.0,193.0,32.4,3.0,9.0,4.0,6005.0,43.0,1005.0,2015.0,0.0
203253,1.0,3.0,104468.0,1.0,183.0,27.4,105992.0,1.0,183.0,20.0,5.0,4.0,12.0,2615.0,56.0,817.0,2012.0,0.0
75952,3.0,4.0,104678.0,1.0,193.0,29.6,104655.0,1.0,180.0,29.7,3.0,7.0,24.0,1499.0,35.0,1180.0,2015.0,0.0
150355,3.0,3.0,105807.0,1.0,188.0,26.1,106043.0,1.0,170.0,25.0,5.0,3.0,19.0,2225.0,33.0,1280.0,2017.0,0.0
60554,1.0,0.0,200000.0,1.0,193.0,20.1,132283.0,1.0,191.0,25.3,3.0,6.0,21.0,1976.0,46.0,1075.0,2020.0,0.0
74492,3.0,0.0,105223.0,1.0,198.0,20.8,103602.0,1.0,183.0,29.0,3.0,9.0,6.0,5005.0,11.0,3105.0,2009.0,0.0
81017,3.0,0.0,103990.0,1.0,180.0,23.8,104918.0,1.0,190.0,18.7,3.0,6.0,18.0,1470.0,42.0,816.0,2006.0,0.0
43502,1.0,0.0,103151.0,1.0,183.0,26.2,102882.0,1.0,196.0,27.5,3.0,8.0,31.0,1030.0,18.0,1350.0,2004.0,1.0
56051,3.0,3.0,105453.0,1.0,178.0,25.0,104527.0,1.0,183.0,29.8,5.0,3.0,5.0,5025.0,4.0,5370.0,2015.0,1.0
50046,1.0,4.0,104755.0,1.0,185.0,31.9,105332.0,1.0,196.0,29.0,3.0,7.0,30.0,1475.0,52.0,975.0,2018.0,1.0
113671,1.0,4.0,102642.0,1.0,190.0,29.6,103498.0,1.0,193.0,25.2,3.0,6.0,52.0,784.0,4.0,3390.0,2005.0,1.0
149513,3.0,4.0,105807.0,1.0,188.0,30.0,106421.0,1.0,198.0,25.5,3.0,3.0,13.0,3260.0,2.0,10620.0,2021.0,1.0
44355,3.0,4.0,103387.0,1.0,185.0,27.1,103598.0,1.0,185.0,26.0,3.0,6.0,47.0,790.0,41.0,876.0,2006.0,1.0
113649,3.0,3.0,104545.0,1.0,206.0,31.7,104999.0,0.0,190.0,29.4,5.0,7.0,19.0,1850.0,50.0,894.0,2017.0,1.0
144777,1.0,3.0,104597.0,1.0,183.0,27.7,104312.0,1.0,190.0,29.2,5.0,6.0,13.0,2375.0,22.0,1530.0,2013.0,0.0
46360,3.0,0.0,104259.0,1.0,178.0,24.9,105223.0,1.0,198.0,20.0,3.0,5.0,32.0,1015.0,9.0,1685.0,2008.0,0.0
201013,3.0,2.0,103970.0,1.0,175.0,29.6,103819.0,1.0,185.0,30.2,3.0,9.0,5.0,4480.0,4.0,6670.0,2011.0,1.0
188426,3.0,4.0,105916.0,1.0,188.0,29.7,104925.0,1.0,188.0,34.4,3.0,6.0,40.0,1439.0,1.0,10340.0,2021.0,1.0
91262,3.0,4.0,103813.0,0.0,185.0,22.0,102783.0,1.0,180.0,27.2,3.0,6.0,36.0,985.0,8.0,2155.0,2003.0,1.0
95292,1.0,3.0,104198.0,1.0,188.0,23.9,104607.0,1.0,196.0,21.6,5.0,4.0,64.0,579.0,12.0,2020.0,2007.0,0.0
96718,1.0,0.0,104259.0,1.0,178.0,31.7,105332.0,1.0,196.0,26.2,3.0,6.0,40.0,1025.0,42.0,1010.0,2015.0,1.0
98922,3.0,4.0,104925.0,1.0,188.0,20.3,104269.0,0.0,188.0,23.9,3.0,6.0,3.0,4370.0,32.0,905.0,2007.0,0.0
34118,3.0,0.0,105311.0,1.0,185.0,27.3,104898.0,1.0,190.0,29.3,3.0,7.0,36.0,1215.0,62.0,798.0,2016.0,0.0
152645,3.0,0.0,103971.0,1.0,180.0,23.5,104755.0,1.0,185.0,19.2,3.0,6.0,48.0,771.0,12.0,1610.0,2005.0,1.0
1453,3.0,4.0,103908.0,1.0,185.0,25.7,103888.0,1.0,188.0,25.8,3.0,7.0,21.0,1335.0,38.0,775.0,2007.0,0.0
46419,3.0,0.0,104166.0,1.0,178.0,28.5,104386.0,1.0,180.0,27.3,3.0,9.0,36.0,1125.0,13.0,2245.0,2011.0,1.0
47462,3.0,0.0,104022.0,1.0,183.0,24.2,103498.0,1.0,193.0,26.6,3.0,6.0,24.0,1120.0,63.0,610.0,2006.0,1.0
163498,1.0,4.0,104745.0,0.0,185.0,27.9,105453.0,1.0,178.0,24.3,3.0,2.0,1.0,12900.0,12.0,2440.0,2014.0,0.0
99044,1.0,0.0,105208.0,1.0,190.0,24.6,105683.0,1.0,196.0,22.3,3.0,5.0,53.0,836.0,13.0,2225.0,2013.0,1.0
18910,3.0,0.0,103819.0,1.0,185.0,37.5,105916.0,1.0,188.0,27.0,3.0,3.0,7.0,4100.0,35.0,1150.0,2019.0,0.0
66447,3.0,4.0,103888.0,1.0,188.0,31.2,104542.0,1.0,188.0,27.8,3.0,6.0,32.0,1125.0,8.0,3660.0,2013.0,1.0
166788,3.0,0.0,103017.0,1.0,183.0,30.4,104098.0,1.0,185.0,25.0,3.0,5.0,49.0,660.0,34.0,853.0,2007.0,1.0
120665,3.0,0.0,111815.0,0.0,188.0,23.5,106043.0,1.0,170.0,26.5,3.0,5.0,64.0,797.0,25.0,1485.0,2019.0,0.0
156712,1.0,0.0,104571.0,1.0,183.0,29.9,105064.0,0.0,188.0,27.3,3.0,6.0,58.0,832.0,60.0,823.0,2015.0,1.0
68953,3.0,3.0,104022.0,1.0,183.0,34.1,105373.0,0.0,190.0,27.1,5.0,4.0,61.0,801.0,29.0,1405.0,2016.0,0.0
97208,1.0,4.0,103151.0,1.0,183.0,26.1,103428.0,1.0,190.0,24.6,3.0,7.0,40.0,880.0,22.0,1175.0,2004.0,0.0
123879,2.0,0.0,103387.0,1.0,185.0,24.9,104053.0,1.0,188.0,21.7,3.0,3.0,14.0,1535.0,2.0,4695.0,2004.0,1.0
173262,3.0,4.0,103819.0,1.0,185.0,21.9,103018.0,1.0,196.0,26.0,3.0,3.0,3.0,3690.0,32.0,1000.0,2003.0,0.0
88212,3.0,3.0,103819.0,1.0,185.0,26.4,102148.0,1.0,178.0,35.0,5.0,7.0,1.0,7180.0,36.0,852.0,2008.0,0.0
171262,1.0,0.0,105936.0,1.0,185.0,29.1,105526.0,1.0,193.0,31.0,3.0,3.0,36.0,1619.0,44.0,1440.0,2021.0,1.0
149318,1.0,3.0,104745.0,0.0,185.0,31.9,105223.0,1.0,198.0,29.6,5.0,9.0,1.0,8770.0,6.0,4450.0,2018.0,0.0
92980,3.0,4.0,111456.0,1.0,178.0,23.8,106421.0,1.0,198.0,23.0,3.0,7.0,62.0,833.0,15.0,2230.0,2019.0,1.0
72005,3.0,0.0,105807.0,1.0,188.0,27.1,105376.0,1.0,185.0,29.0,3.0,5.0,12.0,2380.0,45.0,1038.0,2018.0,0.0
85773,3.0,2.0,126094.0,1.0,188.0,23.0,106233.0,1.0,185.0,27.2,3.0,8.0,8.0,3919.0,3.0,9125.0,2020.0,0.0
84957,3.0,4.0,104468.0,1.0,183.0,27.2,103781.0,0.0,183.0,30.8,3.0,6.0,13.0,2140.0,22.0,1472.0,2012.0,0.0
132787,3.0,4.0,104745.0,0.0,185.0,22.4,104792.0,1.0,193.0,22.1,3.0,5.0,1.0,7100.0,16.0,1408.0,2008.0,0.0
9100,2.0,0.0,104269.0,0.0,188.0,29.5,105238.0,1.0,180.0,24.6,3.0,6.0,58.0,785.0,24.0,1500.0,2013.0,0.0
142091,3.0,4.0,104925.0,1.0,188.0,24.2,105227.0,1.0,198.0,22.8,3.0,5.0,1.0,12860.0,29.0,1295.0,2011.0,0.0
80301,3.0,4.0,103819.0,1.0,185.0,24.9,103598.0,1.0,185.0,26.0,3.0,3.0,1.0,7260.0,41.0,876.0,2006.0,0.0
149656,3.0,0.0,102856.0,1.0,190.0,26.9,103103.0,1.0,183.0,25.6,3.0,6.0,14.0,1575.0,54.0,695.0,2003.0,0.0
135467,3.0,4.0,104471.0,1.0,183.0,29.5,103970.0,1.0,175.0,32.3,3.0,5.0,62.0,800.0,7.0,4085.0,2014.0,1.0
39382,3.0,4.0,104053.0,1.0,188.0,29.5,104607.0,1.0,196.0,26.4,3.0,6.0,31.0,1210.0,7.0,3860.0,2012.0,1.0
78686,2.0,0.0,104755.0,1.0,185.0,32.9,105062.0,1.0,183.0,31.4,3.0,5.0,42.0,1080.0,47.0,955.0,2019.0,0.0
170423,2.0,3.0,103163.0,1.0,188.0,34.2,104259.0,1.0,178.0,28.6,5.0,4.0,50.0,848.0,30.0,1220.0,2012.0,1.0
94026,3.0,4.0,104792.0,1.0,193.0,27.0,103819.0,1.0,185.0,32.1,3.0,5.0,42.0,1050.0,7.0,4515.0,2013.0,0.0
187081,3.0,0.0,104918.0,1.0,190.0,20.6,103786.0,1.0,178.0,26.5,3.0,9.0,11.0,1755.0,4.0,2825.0,2007.0,0.0
106861,1.0,0.0,104745.0,0.0,185.0,18.7,103084.0,1.0,185.0,27.2,3.0,3.0,39.0,925.0,12.0,1559.0,2005.0,0.0
114368,1.0,0.0,103285.0,1.0,185.0,25.4,102610.0,1.0,180.0,28.8,3.0,8.0,59.0,620.0,27.0,1075.0,2004.0,0.0
188954,0.0,0.0,103566.0,0.0,190.0,28.4,103990.0,1.0,180.0,26.4,3.0,6.0,38.0,875.0,18.0,1285.0,2008.0,1.0
96992,3.0,0.0,101736.0,1.0,180.0,33.2,103484.0,1.0,185.0,23.5,3.0,3.0,1.0,3940.0,27.0,1075.0,2003.0,0.0
167790,2.0,0.0,104022.0,1.0,183.0,26.9,103484.0,1.0,185.0,29.4,3.0,3.0,44.0,1170.0,16.0,2390.0,2009.0,1.0
93945,3.0,0.0,103163.0,1.0,188.0,29.5,103656.0,1.0,175.0,26.8,3.0,5.0,12.0,1880.0,47.0,689.0,2007.0,0.0
20178,3.0,4.0,105683.0,1.0,196.0,28.1,105526.0,1.0,193.0,28.8,3.0,5.0,14.0,2275.0,55.0,910.0,2019.0,0.0
128394,3.0,3.0,104597.0,1.0,183.0,21.4,104068.0,1.0,183.0,24.2,5.0,4.0,31.0,932.0,52.0,725.0,2007.0,1.0
87656,1.0,4.0,103206.0,1.0,175.0,26.9,103017.0,1.0,183.0,27.8,3.0,6.0,27.0,1130.0,29.0,1100.0,2005.0,0.0
125555,3.0,3.0,104339.0,1.0,196.0,24.8,103333.0,1.0,208.0,29.8,5.0,7.0,36.0,1805.0,26.0,2295.0,2009.0,0.0
99414,1.0,3.0,103900.0,1.0,180.0,24.4,103786.0,1.0,178.0,24.9,5.0,3.0,3.0,3065.0,6.0,2395.0,2006.0,0.0
149666,1.0,4.0,103900.0,1.0,180.0,24.2,103990.0,1.0,180.0,23.9,3.0,5.0,3.0,2750.0,19.0,1440.0,2006.0,1.0
14689,2.0,0.0,105453.0,1.0,178.0,22.5,106071.0,1.0,193.0,19.7,3.0,7.0,18.0,1680.0,49.0,880.0,2012.0,0.0
155074,3.0,0.0,104339.0,1.0,196.0,24.8,104022.0,1.0,183.0,26.6,3.0,3.0,28.0,2000.0,62.0,1180.0,2009.0,0.0
119280,1.0,4.0,105683.0,1.0,196.0,22.2,103813.0,0.0,185.0,31.7,3.0,6.0,15.0,2225.0,49.0,860.0,2013.0,1.0
91830,3.0,0.0,104098.0,1.0,185.0,25.6,103819.0,1.0,185.0,27.0,3.0,7.0,29.0,998.0,1.0,6330.0,2008.0,1.0
37762,3.0,3.0,106233.0,1.0,185.0,26.3,104745.0,0.0,185.0,33.6,5.0,3.0,5.0,5890.0,1.0,10235.0,2020.0,0.0
62906,3.0,0.0,106043.0,1.0,170.0,29.1,206173.0,1.0,188.0,20.1,3.0,2.0,13.0,2970.0,16.0,2895.0,2021.0,1.0
179673,3.0,0.0,106000.0,1.0,172.0,26.1,105223.0,1.0,198.0,29.8,3.0,9.0,24.0,1665.0,4.0,5395.0,2018.0,1.0
13956,3.0,1.0,104269.0,0.0,188.0,23.3,104053.0,1.0,188.0,24.5,5.0,8.0,35.0,895.0,3.0,2980.0,2007.0,1.0
190581,3.0,0.0,103333.0,1.0,208.0,25.4,102845.0,1.0,190.0,27.9,3.0,5.0,58.0,686.0,4.0,2745.0,2004.0,1.0
36818,3.0,0.0,103428.0,1.0,190.0,25.3,103781.0,0.0,183.0,23.6,3.0,3.0,26.0,1135.0,39.0,920.0,2005.0,0.0
80146,3.0,2.0,105807.0,1.0,188.0,26.3,105777.0,1.0,188.0,26.4,3.0,8.0,10.0,2615.0,6.0,3650.0,2017.0,1.0
51143,1.0,0.0,103428.0,1.0,190.0,23.4,103292.0,1.0,175.0,24.1,3.0,3.0,26.0,1190.0,20.0,1510.0,2003.0,1.0
142628,3.0,4.0,104871.0,1.0,188.0,28.5,104745.0,0.0,185.0,29.2,3.0,6.0,27.0,1275.0,8.0,3680.0,2015.0,1.0
152835,3.0,0.0,104098.0,1.0,185.0,23.1,104068.0,1.0,183.0,23.3,3.0,6.0,50.0,735.0,18.0,1465.0,2006.0,0.0
138723,3.0,0.0,104792.0,1.0,193.0,19.9,103694.0,1.0,168.0,25.5,3.0,5.0,31.0,1000.0,30.0,1010.0,2006.0,1.0
99201,1.0,0.0,104076.0,1.0,190.0,20.5,103602.0,1.0,183.0,22.7,3.0,7.0,47.0,788.0,24.0,1276.0,2003.0,0.0
2923,1.0,4.0,103781.0,0.0,183.0,31.9,105453.0,1.0,178.0,23.3,3.0,7.0,33.0,1120.0,16.0,2090.0,2013.0,1.0
164331,3.0,0.0,104527.0,1.0,183.0,34.9,105777.0,1.0,188.0,28.7,3.0,3.0,16.0,2060.0,22.0,1682.0,2020.0,1.0
33767,3.0,0.0,104620.0,1.0,183.0,22.8,103812.0,1.0,198.0,27.0,3.0,7.0,47.0,840.0,57.0,728.0,2008.0,1.0
114807,2.0,3.0,104068.0,1.0,183.0,24.7,103602.0,1.0,183.0,26.9,5.0,4.0,46.0,720.0,6.0,2780.0,2007.0,1.0
63009,3.0,4.0,104269.0,0.0,188.0,30.9,105385.0,0.0,183.0,25.2,3.0,7.0,33.0,1090.0,61.0,779.0,2014.0,0.0
11018,3.0,4.0,105385.0,0.0,183.0,25.6,104871.0,1.0,188.0,28.0,3.0,7.0,47.0,929.0,34.0,1150.0,2015.0,0.0
85584,3.0,4.0,104607.0,1.0,196.0,21.9,103096.0,1.0,173.0,29.6,3.0,6.0,12.0,1855.0,46.0,715.0,2007.0,0.0
96832,3.0,4.0,105379.0,1.0,181.0,31.1,126203.0,1.0,193.0,22.8,3.0,6.0,61.0,850.0,24.0,1510.0,2020.0,0.0
141723,3.0,0.0,104731.0,1.0,203.0,30.3,106401.0,1.0,193.0,21.4,3.0,5.0,45.0,1005.0,15.0,2140.0,2016.0,0.0
59778,3.0,0.0,104198.0,1.0,188.0,27.3,104678.0,1.0,193.0,24.6,3.0,3.0,39.0,1130.0,54.0,885.0,2010.0,1.0
73410,3.0,3.0,100644.0,1.0,198.0,22.3,106043.0,1.0,170.0,27.0,5.0,5.0,6.0,4005.0,21.0,1725.0,2019.0,1.0
112804,3.0,0.0,104792.0,1.0,193.0,24.0,103285.0,1.0,185.0,31.8,3.0,9.0,15.0,2160.0,37.0,1145.0,2010.0,0.0
190438,1.0,0.0,104792.0,1.0,193.0,19.6,104597.0,1.0,183.0,20.6,3.0,6.0,31.0,969.0,57.0,669.0,2006.0,1.0
111885,3.0,0.0,111815.0,0.0,188.0,26.4,104545.0,1.0,206.0,36.8,3.0,5.0,12.0,3070.0,23.0,1891.0,2022.0,0.0
159078,3.0,0.0,103694.0,1.0,168.0,26.1,102703.0,1.0,180.0,31.1,3.0,6.0,34.0,890.0,48.0,730.0,2007.0,0.0
36874,3.0,0.0,104925.0,1.0,188.0,31.3,104731.0,1.0,203.0,32.3,3.0,8.0,3.0,6445.0,9.0,3595.0,2018.0,1.0
169497,2.0,3.0,103852.0,0.0,188.0,21.7,104022.0,1.0,183.0,20.9,5.0,7.0,52.0,723.0,25.0,1175.0,2003.0,0.0
53407,1.0,0.0,103835.0,1.0,183.0,26.4,102860.0,1.0,183.0,31.4,3.0,3.0,41.0,735.0,43.0,730.0,2008.0,0.0
47532,3.0,3.0,106228.0,1.0,180.0,26.0,104925.0,1.0,188.0,32.2,5.0,7.0,56.0,970.0,1.0,11685.0,2019.0,1.0
115954,3.0,3.0,106233.0,1.0,185.0,26.9,100644.0,1.0,198.0,23.3,5.0,2.0,3.0,7135.0,7.0,3630.0,2020.0,0.0
187034,3.0,3.0,105676.0,1.0,180.0,24.7,105138.0,1.0,183.0,27.3,5.0,6.0,15.0,2130.0,23.0,1510.0,2015.0,1.0
25539,3.0,4.0,106378.0,1.0,188.0,24.1,105430.0,1.0,175.0,29.3,3.0,6.0,23.0,1520.0,53.0,920.0,2019.0,0.0
46737,1.0,0.0,102860.0,1.0,183.0,27.4,103632.0,1.0,180.0,23.4,3.0,6.0,21.0,1155.0,63.0,573.0,2004.0,1.0
18365,3.0,3.0,104098.0,1.0,185.0,31.0,104797.0,1.0,188.0,27.3,5.0,7.0,26.0,1314.0,49.0,945.0,2014.0,1.0
6743,3.0,0.0,104925.0,1.0,188.0,25.7,104678.0,1.0,193.0,27.0,3.0,6.0,1.0,12960.0,44.0,925.0,2013.0,0.0
187063,2.0,3.0,105668.0,1.0,203.0,22.6,104918.0,1.0,190.0,26.1,5.0,9.0,22.0,1549.0,2.0,8560.0,2013.0,1.0
15626,3.0,0.0,103507.0,1.0,183.0,31.7,103857.0,1.0,180.0,30.0,3.0,6.0,58.0,810.0,63.0,751.0,2011.0,0.0
150233,3.0,4.0,104719.0,1.0,190.0,26.5,103970.0,1.0,175.0,30.5,3.0,6.0,24.0,1545.0,5.0,5610.0,2012.0,1.0
26103,3.0,0.0,103163.0,1.0,188.0,35.5,104586.0,1.0,196.0,28.2,3.0,9.0,12.0,2265.0,44.0,956.0,2013.0,0.0
85386,3.0,4.0,103428.0,1.0,190.0,26.5,104019.0,1.0,193.0,23.7,3.0,6.0,33.0,925.0,57.0,700.0,2006.0,0.0
173233,1.0,0.0,102338.0,1.0,190.0,29.1,103813.0,0.0,185.0,21.7,3.0,9.0,25.0,1175.0,35.0,940.0,2003.0,1.0
147240,3.0,3.0,105023.0,1.0,198.0,29.8,104468.0,1.0,183.0,32.6,5.0,4.0,21.0,2095.0,39.0,1110.0,2017.0,0.0
147221,1.0,4.0,104542.0,1.0,188.0,26.0,104417.0,1.0,193.0,26.7,3.0,5.0,22.0,1445.0,5.0,5235.0,2011.0,1.0
150686,1.0,4.0,105223.0,1.0,198.0,28.6,105777.0,1.0,188.0,25.9,3.0,7.0,34.0,1125.0,11.0,2900.0,2017.0,0.0
124655,3.0,0.0,103333.0,1.0,208.0,35.8,103970.0,1.0,175.0,32.7,3.0,9.0,27.0,1320.0,10.0,4045.0,2015.0,1.0
88514,2.0,3.0,104731.0,1.0,203.0,32.1,104925.0,1.0,188.0,31.1,5.0,2.0,8.0,3635.0,21.0,1715.0,2018.0,1.0
61435,2.0,3.0,104755.0,1.0,185.0,29.0,105777.0,1.0,188.0,24.1,5.0,6.0,20.0,1610.0,11.0,2600.0,2015.0,0.0
145925,3.0,3.0,103507.0,1.0,183.0,23.5,101736.0,1.0,180.0,33.3,5.0,9.0,3.0,3625.0,1.0,3920.0,2003.0,0.0
24653,3.0,0.0,100644.0,1.0,198.0,19.4,104607.0,1.0,196.0,31.0,3.0,9.0,27.0,1425.0,9.0,3390.0,2016.0,0.0
175187,3.0,3.0,102845.0,1.0,190.0,30.9,104259.0,1.0,178.0,23.8,5.0,6.0,17.0,1445.0,38.0,825.0,2007.0,0.0
163385,1.0,4.0,105173.0,0.0,183.0,22.8,103970.0,1.0,175.0,29.0,3.0,6.0,59.0,845.0,6.0,4330.0,2011.0,1.0
82297,3.0,0.0,104745.0,0.0,185.0,30.3,105777.0,1.0,188.0,25.3,3.0,3.0,4.0,4940.0,20.0,1735.0,2016.0,1.0
141087,3.0,0.0,104527.0,1.0,183.0,20.9,103819.0,1.0,185.0,24.5,3.0,6.0,57.0,677.0,1.0,6725.0,2006.0,1.0
20722,2.0,0.0,104269.0,0.0,188.0,33.5,105453.0,1.0,178.0,27.4,3.0,6.0,34.0,1175.0,9.0,3785.0,2017.0,1.0
180916,2.0,3.0,133430.0,0.0,185.0,22.2,105138.0,1.0,183.0,33.2,5.0,5.0,12.0,2915.0,10.0,3125.0,2021.0,0.0
172589,3.0,0.0,102856.0,1.0,190.0,27.1,102227.0,1.0,180.0,30.3,3.0,2.0,20.0,1225.0,46.0,798.0,2003.0,0.0
176746,3.0,0.0,104198.0,1.0,188.0,32.6,104180.0,0.0,193.0,32.7,3.0,3.0,27.0,1340.0,42.0,970.0,2016.0,1.0
99939,1.0,4.0,104338.0,1.0,185.0,24.1,104214.0,1.0,185.0,24.8,3.0,6.0,14.0,1425.0,26.0,1155.0,2008.0,1.0
188506,3.0,4.0,105430.0,1.0,175.0,29.3,105051.0,1.0,188.0,31.3,3.0,4.0,46.0,971.0,50.0,956.0,2019.0,0.0
170775,1.0,4.0,103819.0,1.0,185.0,26.7,104312.0,1.0,190.0,24.2,3.0,9.0,1.0,6825.0,43.0,763.0,2008.0,0.0
22544,3.0,0.0,102860.0,1.0,183.0,27.3,103835.0,1.0,183.0,22.3,3.0,6.0,24.0,1185.0,47.0,772.0,2004.0,0.0
98519,1.0,0.0,105643.0,0.0,190.0,23.7,104022.0,1.0,183.0,32.0,3.0,3.0,38.0,1084.0,22.0,1655.0,2014.0,1.0
160860,1.0,0.0,106432.0,1.0,188.0,18.5,104919.0,1.0,188.0,28.0,3.0,9.0,53.0,890.0,24.0,1487.0,2015.0,1.0
104918,2.0,0.0,104019.0,1.0,193.0,24.9,103813.0,0.0,185.0,25.8,3.0,6.0,56.0,614.0,22.0,1240.0,2007.0,1.0
167599,3.0,3.0,104417.0,1.0,193.0,26.4,103808.0,1.0,188.0,29.5,5.0,4.0,4.0,5785.0,48.0,945.0,2011.0,0.0
150123,3.0,4.0,103970.0,1.0,175.0,34.5,104545.0,1.0,206.0,31.5,3.0,6.0,16.0,2135.0,27.0,1430.0,2016.0,1.0
116560,1.0,4.0,103819.0,1.0,185.0,25.6,103970.0,1.0,175.0,25.0,3.0,3.0,1.0,7290.0,16.0,1615.0,2007.0,0.0
171487,3.0,4.0,105643.0,0.0,190.0,25.8,105449.0,1.0,188.0,26.6,3.0,7.0,43.0,1020.0,23.0,1545.0,2016.0,1.0
34626,2.0,3.0,103970.0,1.0,175.0,31.2,105238.0,1.0,180.0,24.6,5.0,6.0,4.0,7220.0,24.0,1500.0,2013.0,0.0
127576,3.0,4.0,105554.0,1.0,175.0,31.3,106043.0,1.0,170.0,29.1,3.0,6.0,22.0,2122.0,15.0,2800.0,2021.0,1.0
201208,3.0,0.0,103285.0,1.0,185.0,30.1,104269.0,0.0,188.0,25.1,3.0,2.0,26.0,2260.0,15.0,2830.0,2009.0,0.0
64017,3.0,3.0,103602.0,1.0,183.0,28.0,104053.0,1.0,188.0,25.9,5.0,5.0,11.0,1615.0,8.0,1845.0,2008.0,1.0
38268,2.0,3.0,104269.0,0.0,188.0,29.6,103898.0,1.0,185.0,31.5,5.0,7.0,54.0,825.0,33.0,1200.0,2013.0,0.0
67666,3.0,3.0,126610.0,1.0,196.0,24.3,126094.0,1.0,188.0,22.8,5.0,5.0,8.0,2940.0,14.0,2234.0,2020.0,1.0
95180,3.0,0.0,104755.0,1.0,185.0,19.5,104214.0,1.0,185.0,22.4,3.0,6.0,17.0,1511.0,26.0,1120.0,2006.0,1.0
89959,3.0,4.0,105311.0,1.0,185.0,24.9,105807.0,1.0,188.0,22.6,3.0,4.0,42.0,1010.0,64.0,725.0,2014.0,0.0
82163,3.0,0.0,104926.0,1.0,178.0,33.6,105807.0,1.0,188.0,29.5,3.0,9.0,17.0,2420.0,16.0,2580.0,2021.0,0.0
12557,3.0,4.0,105577.0,1.0,193.0,24.1,103819.0,1.0,185.0,33.0,3.0,6.0,46.0,965.0,3.0,6670.0,2014.0,1.0
185096,3.0,0.0,104586.0,1.0,196.0,27.5,104312.0,1.0,190.0,29.0,3.0,5.0,61.0,749.0,20.0,1730.0,2013.0,1.0
76683,1.0,4.0,104678.0,1.0,193.0,30.2,104559.0,1.0,188.0,30.9,3.0,7.0,24.0,1580.0,60.0,786.0,2016.0,0.0
82801,3.0,0.0,106401.0,1.0,193.0,27.2,126207.0,1.0,188.0,24.5,3.0,3.0,63.0,710.0,27.0,1416.0,2022.0,0.0
157915,1.0,4.0,103819.0,1.0,185.0,22.7,103909.0,1.0,175.0,22.3,5.0,2.0,1.0,5115.0,3.0,3640.0,2004.0,0.0
5876,2.0,0.0,103781.0,0.0,183.0,24.0,103163.0,1.0,188.0,27.1,3.0,5.0,37.0,895.0,23.0,1285.0,2005.0,1.0
155295,1.0,4.0,104269.0,0.0,188.0,28.4,104268.0,0.0,185.0,28.4,3.0,6.0,19.0,1675.0,56.0,789.0,2012.0,0.0
111947,2.0,0.0,106421.0,1.0,198.0,26.3,125802.0,1.0,193.0,28.2,3.0,3.0,2.0,8160.0,49.0,1035.0,2022.0,0.0
5809,2.0,3.0,104586.0,1.0,196.0,28.9,104745.0,0.0,185.0,28.0,5.0,7.0,52.0,865.0,1.0,12500.0,2014.0,1.0
94387,3.0,0.0,104542.0,1.0,188.0,25.8,103566.0,0.0,190.0,30.7,3.0,5.0,18.0,1715.0,22.0,1575.0,2011.0,0.0
5503,1.0,4.0,104925.0,1.0,188.0,26.9,105683.0,1.0,196.0,23.3,3.0,9.0,2.0,11030.0,10.0,2625.0,2014.0,0.0
47103,3.0,0.0,103103.0,1.0,183.0,27.5,103672.0,0.0,175.0,24.5,3.0,3.0,26.0,1181.0,50.0,688.0,2005.0,0.0
103145,3.0,4.0,200175.0,1.0,183.0,22.5,207989.0,1.0,185.0,18.8,3.0,3.0,48.0,1056.0,16.0,2414.0,2022.0,1.0
141535,3.0,0.0,104594.0,1.0,194.0,27.2,104252.0,1.0,190.0,29.0,3.0,6.0,51.0,808.0,28.0,1295.0,2012.0,0.0
203308,1.0,0.0,105138.0,1.0,183.0,32.4,105932.0,1.0,185.0,28.5,3.0,6.0,11.0,2620.0,33.0,1395.0,2020.0,0.0
40765,1.0,0.0,102106.0,1.0,188.0,33.0,103722.0,1.0,180.0,24.5,3.0,6.0,46.0,784.0,54.0,710.0,2005.0,0.0
4272,1.0,3.0,111575.0,1.0,198.0,23.0,106233.0,1.0,185.0,25.7,5.0,3.0,11.0,2800.0,4.0,4685.0,2019.0,1.0
86940,3.0,0.0,105932.0,1.0,185.0,27.6,105550.0,0.0,185.0,29.3,3.0,6.0,17.0,1895.0,22.0,1655.0,2019.0,0.0
18739,3.0,0.0,105238.0,1.0,180.0,27.1,105064.0,0.0,188.0,28.0,3.0,6.0,36.0,1135.0,37.0,1105.0,2016.0,0.0
120354,3.0,3.0,103819.0,1.0,185.0,37.0,105357.0,1.0,183.0,29.2,5.0,5.0,2.0,7080.0,55.0,963.0,2018.0,1.0
65661,3.0,3.0,103163.0,1.0,188.0,35.3,104022.0,1.0,183.0,31.1,5.0,6.0,13.0,2185.0,24.0,1475.0,2013.0,1.0
47318,3.0,4.0,104338.0,1.0,185.0,25.6,104871.0,1.0,188.0,22.7,3.0,7.0,30.0,1150.0,31.0,1137.0,2009.0,0.0
186171,3.0,3.0,104180.0,0.0,193.0,28.6,103888.0,1.0,188.0,30.1,5.0,4.0,55.0,853.0,8.0,2965.0,2012.0,1.0
58157,3.0,3.0,104468.0,1.0,183.0,22.6,104269.0,0.0,188.0,23.7,5.0,7.0,41.0,790.0,34.0,860.0,2007.0,1.0
46630,3.0,4.0,105550.0,0.0,185.0,25.8,105676.0,1.0,180.0,25.2,3.0,6.0,40.0,1018.0,18.0,1930.0,2016.0,1.0
4718,3.0,0.0,105311.0,1.0,185.0,28.5,105223.0,1.0,198.0,29.0,3.0,6.0,60.0,825.0,19.0,2225.0,2017.0,1.0
49862,3.0,0.0,104542.0,1.0,188.0,28.8,103786.0,1.0,178.0,32.7,3.0,5.0,10.0,2885.0,63.0,735.0,2014.0,0.0
98481,3.0,4.0,104660.0,1.0,193.0,24.8,105227.0,1.0,198.0,22.1,3.0,6.0,55.0,914.0,15.0,2390.0,2010.0,1.0
108239,3.0,3.0,104252.0,1.0,190.0,23.8,103970.0,1.0,175.0,25.4,5.0,4.0,51.0,656.0,15.0,1565.0,2007.0,1.0
18221,3.0,4.0,104571.0,1.0,183.0,24.7,105227.0,1.0,198.0,21.4,3.0,6.0,30.0,1325.0,9.0,2935.0,2010.0,1.0
192316,1.0,0.0,104586.0,1.0,196.0,28.9,103852.0,0.0,188.0,32.7,3.0,3.0,48.0,900.0,24.0,1545.0,2014.0,0.0
118761,3.0,4.0,105936.0,1.0,185.0,30.4,105554.0,1.0,175.0,32.2,3.0,7.0,47.0,965.0,39.0,1170.0,2022.0,1.0
470,1.0,0.0,105238.0,1.0,180.0,25.2,104745.0,0.0,185.0,27.7,3.0,2.0,54.0,860.0,1.0,14085.0,2014.0,1.0
83721,3.0,0.0,104871.0,1.0,188.0,26.8,105173.0,0.0,183.0,25.5,3.0,6.0,34.0,1175.0,59.0,784.0,2013.0,0.0
43217,3.0,0.0,104053.0,1.0,188.0,29.1,103819.0,1.0,185.0,30.2,3.0,3.0,15.0,2120.0,4.0,7530.0,2011.0,1.0
95877,1.0,4.0,105453.0,1.0,178.0,28.3,104925.0,1.0,188.0,30.9,3.0,7.0,20.0,1835.0,12.0,2220.0,2018.0,1.0
163527,2.0,0.0,104755.0,1.0,185.0,18.9,103758.0,1.0,188.0,24.1,3.0,9.0,27.0,1170.0,30.0,1095.0,2005.0,0.0
86066,2.0,0.0,106421.0,1.0,198.0,23.3,106043.0,1.0,170.0,26.8,3.0,3.0,13.0,2625.0,23.0,1440.0,2019.0,0.0
43052,1.0,4.0,103484.0,1.0,185.0,27.3,102845.0,1.0,190.0,30.7,3.0,5.0,9.0,2180.0,36.0,860.0,2007.0,1.0
158670,0.0,4.0,104339.0,1.0,196.0,22.5,104019.0,1.0,193.0,24.3,3.0,6.0,11.0,1940.0,30.0,950.0,2006.0,0.0
14578,3.0,4.0,104792.0,1.0,193.0,23.1,103285.0,1.0,185.0,30.9,3.0,9.0,16.0,2055.0,14.0,2310.0,2009.0,0.0
89274,2.0,0.0,105777.0,1.0,188.0,20.0,104731.0,1.0,203.0,25.0,3.0,5.0,64.0,781.0,38.0,1185.0,2011.0,0.0
49393,3.0,4.0,105023.0,1.0,198.0,21.4,103852.0,0.0,188.0,27.5,3.0,7.0,47.0,1340.0,34.0,1615.0,2009.0,1.0
52243,3.0,2.0,103900.0,1.0,180.0,24.8,104053.0,1.0,188.0,24.2,3.0,8.0,7.0,2195.0,5.0,2315.0,2006.0,0.0
33716,3.0,3.0,104678.0,1.0,193.0,24.9,104925.0,1.0,188.0,23.6,5.0,6.0,27.0,1490.0,3.0,6240.0,2011.0,1.0
134878,0.0,0.0,104417.0,1.0,193.0,24.1,104468.0,1.0,183.0,23.8,3.0,9.0,27.0,1115.0,10.0,1690.0,2008.0,0.0
192970,1.0,0.0,105227.0,1.0,198.0,25.5,105453.0,1.0,178.0,24.3,3.0,3.0,27.0,1330.0,17.0,1985.0,2014.0,1.0
57811,1.0,1.0,103632.0,1.0,180.0,23.3,103602.0,1.0,183.0,23.5,5.0,8.0,64.0,548.0,36.0,995.0,2004.0,1.0
169201,1.0,4.0,103917.0,1.0,190.0,34.2,105311.0,1.0,185.0,27.0,3.0,7.0,49.0,937.0,35.0,1181.0,2016.0,1.0
171434,3.0,0.0,105023.0,1.0,198.0,30.3,104731.0,1.0,203.0,31.7,3.0,2.0,12.0,2490.0,11.0,2620.0,2018.0,1.0
35668,3.0,3.0,103835.0,1.0,183.0,23.9,103852.0,0.0,188.0,23.9,5.0,4.0,37.0,905.0,21.0,1260.0,2005.0,1.0
43640,1.0,4.0,104468.0,1.0,183.0,32.3,103852.0,0.0,188.0,35.6,3.0,6.0,32.0,1165.0,38.0,1045.0,2017.0,1.0
90190,1.0,0.0,104269.0,0.0,188.0,22.4,103990.0,1.0,180.0,23.9,3.0,5.0,32.0,965.0,15.0,1525.0,2006.0,1.0
53260,3.0,3.0,104620.0,1.0,183.0,29.8,105676.0,1.0,180.0,24.7,5.0,4.0,62.0,785.0,15.0,2130.0,2015.0,1.0
201429,3.0,0.0,207733.0,0.0,191.0,20.6,104926.0,1.0,178.0,35.2,3.0,6.0,55.0,834.0,61.0,772.0,2022.0,0.0
41004,1.0,3.0,104198.0,1.0,188.0,27.9,104926.0,1.0,178.0,23.9,5.0,6.0,33.0,1205.0,49.0,960.0,2011.0,1.0
76473,3.0,4.0,124187.0,1.0,211.0,22.1,105138.0,1.0,183.0,31.4,3.0,6.0,40.0,1178.0,10.0,2575.0,2019.0,1.0
184512,3.0,0.0,105238.0,1.0,180.0,21.7,104678.0,1.0,193.0,24.5,3.0,5.0,43.0,997.0,45.0,980.0,2010.0,1.0
99819,2.0,0.0,105683.0,1.0,196.0,25.4,106401.0,1.0,193.0,21.1,3.0,6.0,9.0,2965.0,19.0,1855.0,2016.0,0.0
153217,3.0,0.0,103498.0,1.0,193.0,23.0,103990.0,1.0,180.0,20.8,3.0,5.0,7.0,2235.0,34.0,1020.0,2003.0,1.0
188397,3.0,3.0,104678.0,1.0,193.0,22.9,103990.0,1.0,180.0,26.7,5.0,7.0,53.0,1395.0,22.0,2390.0,2009.0,1.0
143089,3.0,0.0,104542.0,1.0,188.0,32.8,106298.0,1.0,185.0,23.9,3.0,9.0,19.0,2050.0,17.0,2235.0,2018.0,1.0
8647,3.0,0.0,103781.0,0.0,183.0,28.3,104676.0,0.0,190.0,23.6,3.0,3.0,44.0,1020.0,42.0,1029.0,2009.0,0.0
119036,3.0,0.0,105583.0,1.0,180.0,29.2,106228.0,1.0,180.0,26.1,3.0,6.0,29.0,1396.0,57.0,997.0,2019.0,0.0
125295,3.0,0.0,104731.0,1.0,203.0,27.7,105023.0,1.0,198.0,26.3,3.0,5.0,21.0,1685.0,56.0,800.0,2014.0,0.0
149694,3.0,3.0,106426.0,1.0,185.0,25.6,104792.0,1.0,193.0,35.3,5.0,6.0,19.0,2375.0,20.0,2373.0,2022.0,1.0
15819,1.0,4.0,104198.0,1.0,188.0,26.8,104269.0,0.0,188.0,26.4,3.0,5.0,42.0,989.0,9.0,3555.0,2010.0,1.0
133537,3.0,0.0,103893.0,1.0,183.0,35.2,104745.0,0.0,185.0,30.7,3.0,5.0,38.0,1052.0,6.0,4115.0,2017.0,1.0
48966,3.0,3.0,200000.0,1.0,193.0,21.4,106421.0,1.0,198.0,25.9,5.0,3.0,9.0,3608.0,2.0,8935.0,2022.0,1.0
122162,3.0,0.0,104665.0,1.0,180.0,25.5,105453.0,1.0,178.0,21.6,3.0,6.0,46.0,980.0,48.0,900.0,2011.0,1.0
167746,3.0,0.0,103819.0,1.0,185.0,27.2,103900.0,1.0,180.0,26.8,3.0,2.0,2.0,5805.0,8.0,1750.0,2008.0,0.0
12155,3.0,4.0,102839.0,1.0,188.0,26.5,102860.0,1.0,183.0,26.4,3.0,7.0,39.0,920.0,41.0,865.0,2003.0,1.0
171220,3.0,3.0,105095.0,1.0,185.0,21.9,103602.0,1.0,183.0,29.4,5.0,6.0,53.0,860.0,11.0,2870.0,2010.0,1.0
106131,3.0,4.0,104925.0,1.0,188.0,28.7,103852.0,0.0,188.0,34.4,3.0,5.0,1.0,16540.0,21.0,1630.0,2016.0,0.0
3085,1.0,4.0,106432.0,1.0,188.0,20.4,104918.0,1.0,190.0,29.9,3.0,5.0,59.0,825.0,1.0,11270.0,2017.0,0.0
97667,3.0,0.0,104925.0,1.0,188.0,20.7,102148.0,1.0,178.0,35.2,3.0,5.0,3.0,5010.0,47.0,705.0,2008.0,0.0
160669,3.0,4.0,105676.0,1.0,180.0,28.6,105550.0,0.0,185.0,29.2,3.0,6.0,19.0,1815.0,22.0,1710.0,2019.0,0.0
13673,0.0,0.0,102967.0,1.0,188.0,29.5,103206.0,1.0,175.0,28.4,3.0,3.0,61.0,643.0,30.0,980.0,2006.0,0.0
200171,3.0,0.0,126094.0,1.0,188.0,23.4,106234.0,1.0,185.0,27.5,3.0,9.0,8.0,5011.0,42.0,1395.0,2021.0,1.0
199666,1.0,4.0,103602.0,1.0,183.0,26.7,103835.0,1.0,183.0,25.6,3.0,9.0,6.0,2535.0,53.0,682.0,2007.0,0.0
162056,1.0,4.0,103813.0,0.0,185.0,25.7,103498.0,1.0,193.0,27.2,3.0,7.0,19.0,1250.0,26.0,1035.0,2007.0,1.0
104869,3.0,0.0,100644.0,1.0,198.0,23.7,106421.0,1.0,198.0,24.9,3.0,9.0,7.0,5615.0,4.0,8470.0,2021.0,1.0
68954,3.0,0.0,104417.0,1.0,193.0,23.4,104755.0,1.0,185.0,21.6,3.0,5.0,52.0,615.0,7.0,1895.0,2008.0,0.0
29989,3.0,0.0,103781.0,0.0,183.0,30.6,104332.0,1.0,185.0,27.7,3.0,6.0,33.0,1170.0,63.0,780.0,2012.0,1.0
40520,3.0,0.0,104665.0,1.0,180.0,27.6,103898.0,1.0,185.0,31.7,3.0,5.0,54.0,860.0,33.0,1185.0,2013.0,1.0
74983,2.0,0.0,104594.0,1.0,194.0,28.8,104542.0,1.0,188.0,29.1,3.0,5.0,60.0,802.0,17.0,1775.0,2014.0,0.0
206883,3.0,0.0,102450.0,1.0,185.0,32.0,104339.0,1.0,196.0,22.5,3.0,3.0,55.0,685.0,10.0,1865.0,2006.0,0.0
11403,3.0,0.0,126203.0,1.0,193.0,23.9,105357.0,1.0,183.0,32.3,3.0,3.0,28.0,1785.0,57.0,1105.0,2021.0,0.0
37626,3.0,0.0,104755.0,1.0,185.0,27.2,104252.0,1.0,190.0,29.9,3.0,6.0,10.0,3005.0,41.0,1030.0,2013.0,0.0
73521,3.0,0.0,103819.0,1.0,185.0,30.2,104527.0,1.0,183.0,26.5,3.0,9.0,4.0,7530.0,19.0,1765.0,2011.0,0.0
199120,3.0,0.0,104979.0,1.0,185.0,23.5,103344.0,1.0,193.0,31.9,3.0,6.0,42.0,1055.0,14.0,2145.0,2011.0,1.0
26455,1.0,3.0,104898.0,1.0,190.0,27.1,105373.0,0.0,190.0,24.8,5.0,7.0,50.0,910.0,59.0,795.0,2014.0,1.0
150136,3.0,4.0,144895.0,0.0,178.0,23.5,126774.0,1.0,193.0,24.2,3.0,5.0,64.0,777.0,5.0,5035.0,2022.0,1.0
194600,3.0,4.0,105376.0,1.0,185.0,29.0,103819.0,1.0,185.0,37.0,3.0,6.0,47.0,1013.0,2.0,6480.0,2018.0,1.0
165296,2.0,3.0,104607.0,1.0,196.0,20.7,103819.0,1.0,185.0,24.8,5.0,5.0,14.0,1635.0,1.0,7260.0,2006.0,1.0
92143,1.0,0.0,104926.0,1.0,178.0,28.1,104259.0,1.0,178.0,31.7,3.0,3.0,27.0,1370.0,39.0,1025.0,2015.0,1.0
37105,3.0,3.0,106043.0,1.0,170.0,26.4,104607.0,1.0,196.0,33.3,5.0,6.0,16.0,1925.0,57.0,865.0,2019.0,1.0
166089,2.0,3.0,105357.0,1.0,183.0,29.0,105683.0,1.0,196.0,27.5,5.0,7.0,56.0,931.0,32.0,1430.0,2018.0,1.0
203926,1.0,4.0,105227.0,1.0,198.0,26.5,104925.0,1.0,188.0,27.8,3.0,3.0,10.0,3360.0,1.0,13205.0,2015.0,1.0
125783,3.0,4.0,104607.0,1.0,196.0,19.9,104022.0,1.0,183.0,23.1,3.0,6.0,36.0,1030.0,26.0,1195.0,2005.0,1.0
157576,3.0,4.0,104291.0,1.0,185.0,33.1,104527.0,1.0,183.0,31.9,3.0,6.0,53.0,873.0,3.0,5705.0,2017.0,1.0
111398,3.0,3.0,103206.0,1.0,175.0,26.6,103566.0,0.0,190.0,24.6,5.0,4.0,14.0,1370.0,51.0,765.0,2005.0,0.0
48121,1.0,0.0,103970.0,1.0,175.0,25.0,103900.0,1.0,180.0,25.3,3.0,3.0,16.0,1615.0,14.0,1765.0,2007.0,0.0
110618,3.0,2.0,105453.0,1.0,178.0,26.8,104527.0,1.0,183.0,31.6,3.0,8.0,5.0,4705.0,3.0,5115.0,2016.0,0.0
145149,3.0,2.0,105683.0,1.0,196.0,25.8,104925.0,1.0,188.0,29.4,3.0,8.0,4.0,5050.0,2.0,10780.0,2016.0,1.0
31017,3.0,0.0,104417.0,1.0,193.0,19.5,103096.0,1.0,173.0,26.1,3.0,9.0,57.0,632.0,25.0,1085.0,2004.0,0.0
35773,1.0,3.0,105077.0,0.0,188.0,28.3,104527.0,1.0,183.0,31.1,5.0,3.0,55.0,853.0,4.0,6315.0,2016.0,1.0
81411,3.0,1.0,104731.0,1.0,203.0,25.1,104898.0,1.0,190.0,24.2,5.0,8.0,35.0,1220.0,53.0,924.0,2011.0,0.0
30990,1.0,0.0,106233.0,1.0,185.0,23.6,105554.0,1.0,175.0,26.9,3.0,5.0,9.0,3385.0,43.0,954.0,2017.0,0.0
64738,1.0,4.0,104797.0,1.0,188.0,24.5,104755.0,1.0,185.0,24.8,3.0,7.0,55.0,895.0,18.0,1700.0,2011.0,1.0
203398,3.0,4.0,103344.0,1.0,193.0,27.0,103900.0,1.0,180.0,24.2,3.0,9.0,6.0,2295.0,3.0,2560.0,2006.0,0.0
25037,3.0,0.0,104925.0,1.0,188.0,29.6,104269.0,0.0,188.0,33.1,3.0,9.0,2.0,11780.0,42.0,1035.0,2017.0,0.0
74076,3.0,4.0,104338.0,1.0,185.0,26.5,105217.0,1.0,193.0,22.0,3.0,6.0,41.0,1085.0,47.0,980.0,2010.0,0.0
10437,3.0,0.0,104571.0,1.0,183.0,26.3,104731.0,1.0,203.0,25.4,3.0,5.0,59.0,805.0,32.0,1190.0,2011.0,1.0
65881,1.0,3.0,105643.0,0.0,190.0,30.6,104926.0,1.0,178.0,34.0,5.0,6.0,51.0,1225.0,29.0,1933.0,2021.0,0.0
75307,2.0,0.0,105077.0,0.0,188.0,34.4,200221.0,1.0,183.0,23.0,3.0,6.0,40.0,1080.0,44.0,1050.0,2022.0,1.0
104194,3.0,4.0,103722.0,1.0,180.0,29.0,103819.0,1.0,185.0,28.6,3.0,6.0,61.0,735.0,1.0,11035.0,2010.0,1.0
99771,1.0,0.0,103176.0,1.0,183.0,24.8,104076.0,1.0,190.0,20.3,3.0,5.0,57.0,672.0,41.0,868.0,2003.0,0.0
148316,3.0,4.0,105453.0,1.0,178.0,21.2,104871.0,1.0,188.0,24.1,3.0,4.0,62.0,812.0,49.0,955.0,2011.0,0.0
35672,0.0,4.0,103852.0,0.0,188.0,24.1,103598.0,1.0,185.0,25.2,3.0,7.0,33.0,1000.0,44.0,769.0,2005.0,0.0
195840,3.0,0.0,104542.0,1.0,188.0,31.8,106298.0,1.0,185.0,22.9,3.0,2.0,11.0,3230.0,17.0,2131.0,2017.0,0.0
88964,3.0,0.0,104214.0,1.0,185.0,25.5,103857.0,1.0,180.0,27.3,3.0,6.0,22.0,2330.0,43.0,1460.0,2009.0,1.0
602,3.0,0.0,105023.0,1.0,198.0,22.3,104053.0,1.0,188.0,27.4,3.0,9.0,31.0,1240.0,7.0,4150.0,2010.0,1.0
102462,3.0,0.0,104724.0,1.0,183.0,22.4,103285.0,1.0,185.0,29.8,3.0,3.0,54.0,706.0,29.0,1046.0,2008.0,1.0
165710,3.0,3.0,104925.0,1.0,188.0,31.6,105453.0,1.0,178.0,29.0,5.0,3.0,1.0,9135.0,9.0,3750.0,2019.0,0.0
116,3.0,4.0,104053.0,1.0,188.0,20.9,103888.0,1.0,188.0,21.6,3.0,2.0,4.0,3005.0,41.0,860.0,2003.0,0.0
46437,2.0,3.0,104607.0,1.0,196.0,27.7,104978.0,1.0,196.0,25.9,5.0,7.0,6.0,4515.0,57.0,803.0,2013.0,0.0
48635,3.0,0.0,103507.0,1.0,183.0,26.6,103898.0,1.0,185.0,24.7,3.0,6.0,17.0,1325.0,45.0,774.0,2006.0,1.0
118738,1.0,4.0,104527.0,1.0,183.0,28.1,105238.0,1.0,180.0,24.5,3.0,6.0,10.0,2675.0,23.0,1420.0,2013.0,1.0
90525,3.0,4.0,103970.0,1.0,175.0,26.5,103852.0,0.0,188.0,27.0,3.0,6.0,5.0,2315.0,40.0,865.0,2008.0,1.0
96014,0.0,1.0,102318.0,1.0,183.0,29.0,102765.0,1.0,185.0,26.8,5.0,8.0,30.0,1120.0,40.0,885.0,2003.0,1.0
91838,3.0,0.0,103970.0,1.0,175.0,31.5,105668.0,1.0,203.0,22.9,3.0,3.0,3.0,6800.0,15.0,2060.0,2013.0,0.0
110479,3.0,0.0,104471.0,1.0,183.0,28.7,105453.0,1.0,178.0,23.8,3.0,5.0,29.0,1295.0,18.0,1885.0,2013.0,0.0
58351,3.0,3.0,105916.0,1.0,188.0,29.0,104527.0,1.0,183.0,35.8,5.0,7.0,55.0,1072.0,18.0,2365.0,2021.0,0.0
64552,1.0,3.0,104745.0,0.0,185.0,25.9,104338.0,1.0,185.0,28.1,5.0,5.0,2.0,10060.0,15.0,1945.0,2012.0,0.0
44693,1.0,0.0,105238.0,1.0,180.0,28.2,103970.0,1.0,175.0,34.8,3.0,6.0,50.0,875.0,29.0,1310.0,2017.0,0.0
121606,3.0,4.0,105208.0,1.0,190.0,24.9,104022.0,1.0,183.0,31.1,3.0,7.0,34.0,1206.0,25.0,1440.0,2013.0,1.0
166190,3.0,3.0,106071.0,1.0,193.0,19.2,105238.0,1.0,180.0,23.1,5.0,6.0,38.0,1048.0,13.0,2030.0,2012.0,0.0
25553,1.0,0.0,105064.0,0.0,188.0,22.5,104259.0,1.0,178.0,26.7,3.0,5.0,22.0,1662.0,35.0,1100.0,2010.0,0.0
62804,3.0,4.0,104925.0,1.0,188.0,20.8,103084.0,1.0,185.0,30.2,3.0,5.0,3.0,5130.0,16.0,1468.0,2008.0,0.0
126249,3.0,0.0,106210.0,0.0,198.0,22.2,104731.0,1.0,203.0,29.4,3.0,5.0,40.0,1067.0,11.0,2565.0,2015.0,1.0
180166,3.0,4.0,104731.0,1.0,203.0,25.2,103598.0,1.0,185.0,31.0,3.0,7.0,35.0,1175.0,54.0,865.0,2011.0,0.0
155646,2.0,0.0,103333.0,1.0,208.0,36.2,105053.0,1.0,188.0,27.5,3.0,6.0,27.0,1250.0,62.0,790.0,2015.0,0.0
163618,3.0,0.0,102856.0,1.0,190.0,26.3,103909.0,1.0,175.0,20.9,3.0,3.0,37.0,935.0,45.0,778.0,2003.0,0.0
185650,1.0,4.0,104719.0,1.0,190.0,30.0,105311.0,1.0,185.0,27.0,3.0,6.0,53.0,898.0,35.0,1181.0,2016.0,1.0
71191,3.0,0.0,104678.0,1.0,193.0,24.7,104925.0,1.0,188.0,23.4,3.0,9.0,32.0,1225.0,3.0,7145.0,2010.0,1.0
42959,3.0,2.0,104731.0,1.0,203.0,32.4,103819.0,1.0,185.0,37.2,3.0,8.0,6.0,4310.0,3.0,6020.0,2018.0,1.0
32844,1.0,4.0,105777.0,1.0,188.0,21.9,104571.0,1.0,183.0,27.9,3.0,7.0,26.0,1342.0,38.0,1030.0,2013.0,0.0
17366,1.0,0.0,103835.0,1.0,183.0,24.7,103017.0,1.0,183.0,28.8,3.0,8.0,55.0,716.0,13.0,1590.0,2006.0,1.0
76541,3.0,4.0,105676.0,1.0,180.0,24.6,104269.0,0.0,188.0,31.7,3.0,6.0,14.0,2090.0,43.0,995.0,2015.0,0.0
126511,3.0,0.0,103294.0,1.0,170.0,26.8,103484.0,1.0,185.0,25.7,3.0,5.0,53.0,710.0,33.0,980.0,2005.0,1.0
190737,3.0,0.0,103852.0,0.0,188.0,23.3,103333.0,1.0,208.0,25.9,3.0,5.0,21.0,1290.0,60.0,615.0,2005.0,0.0
51538,1.0,0.0,103786.0,1.0,178.0,32.1,104252.0,1.0,190.0,29.7,3.0,7.0,42.0,940.0,45.0,905.0,2013.0,1.0
72388,3.0,0.0,104731.0,1.0,203.0,27.7,103333.0,1.0,208.0,34.9,3.0,5.0,21.0,1580.0,56.0,817.0,2014.0,0.0
175130,3.0,3.0,124187.0,1.0,211.0,21.9,104926.0,1.0,178.0,32.2,5.0,4.0,42.0,1076.0,11.0,2510.0,2019.0,0.0
24765,1.0,4.0,126203.0,1.0,193.0,23.4,105138.0,1.0,183.0,32.9,3.0,7.0,30.0,1900.0,11.0,3090.0,2021.0,1.0
181088,3.0,4.0,105373.0,0.0,190.0,26.0,105023.0,1.0,198.0,27.8,3.0,7.0,37.0,1100.0,32.0,1165.0,2015.0,1.0
146526,1.0,1.0,103292.0,1.0,175.0,24.1,102783.0,1.0,180.0,26.7,5.0,8.0,22.0,1450.0,16.0,1570.0,2003.0,0.0
51799,3.0,0.0,103852.0,0.0,188.0,34.4,104571.0,1.0,183.0,30.6,3.0,9.0,24.0,1495.0,57.0,805.0,2016.0,1.0
12744,1.0,0.0,105916.0,1.0,188.0,27.4,106233.0,1.0,185.0,25.8,3.0,5.0,50.0,965.0,4.0,4595.0,2019.0,1.0
190356,3.0,0.0,105223.0,1.0,198.0,28.0,103333.0,1.0,208.0,37.6,3.0,3.0,63.0,770.0,21.0,1715.0,2016.0,0.0
149224,3.0,0.0,105554.0,1.0,175.0,29.4,126207.0,1.0,188.0,21.7,3.0,6.0,43.0,1124.0,48.0,1060.0,2019.0,1.0
147847,3.0,0.0,104586.0,1.0,196.0,30.5,105373.0,0.0,190.0,26.5,3.0,5.0,46.0,872.0,44.0,920.0,2016.0,1.0
57495,3.0,0.0,106234.0,1.0,185.0,28.4,134868.0,1.0,188.0,25.6,3.0,6.0,14.0,2633.0,62.0,1011.0,2022.0,1.0
80131,1.0,0.0,103344.0,1.0,193.0,27.1,103602.0,1.0,183.0,25.8,3.0,8.0,4.0,2610.0,9.0,1780.0,2006.0,0.0
54826,3.0,0.0,105936.0,1.0,185.0,29.6,200000.0,1.0,193.0,21.2,3.0,5.0,42.0,1402.0,11.0,3263.0,2021.0,1.0
114030,1.0,0.0,103812.0,1.0,198.0,29.5,104593.0,1.0,185.0,25.5,3.0,6.0,56.0,880.0,58.0,844.0,2011.0,0.0
136444,3.0,3.0,134770.0,1.0,183.0,21.6,126610.0,1.0,196.0,24.3,5.0,6.0,37.0,1279.0,8.0,2940.0,2020.0,1.0
52015,3.0,3.0,105777.0,1.0,188.0,25.2,105311.0,1.0,185.0,27.4,5.0,6.0,24.0,1555.0,36.0,1215.0,2016.0,0.0
86934,3.0,0.0,104571.0,1.0,183.0,21.6,104022.0,1.0,183.0,24.6,3.0,3.0,17.0,1365.0,22.0,1180.0,2007.0,0.0
20119,3.0,4.0,111575.0,1.0,198.0,24.2,105807.0,1.0,188.0,29.1,3.0,6.0,16.0,2120.0,25.0,1500.0,2020.0,0.0
103164,2.0,3.0,105583.0,1.0,180.0,31.9,122330.0,1.0,196.0,25.0,5.0,7.0,64.0,883.0,38.0,1105.0,2022.0,1.0
47652,3.0,4.0,125802.0,1.0,193.0,27.6,106421.0,1.0,198.0,25.7,3.0,6.0,46.0,1253.0,2.0,9540.0,2021.0,1.0
26603,1.0,4.0,105373.0,0.0,190.0,25.7,104678.0,1.0,193.0,29.1,3.0,7.0,29.0,1272.0,37.0,1127.0,2015.0,1.0
177193,3.0,0.0,104259.0,1.0,178.0,28.2,104755.0,1.0,185.0,25.6,3.0,3.0,33.0,1140.0,16.0,1855.0,2012.0,0.0
82334,1.0,3.0,133430.0,0.0,185.0,23.1,208029.0,1.0,185.0,19.0,5.0,4.0,15.0,2531.0,40.0,1159.0,2022.0,1.0
184172,3.0,3.0,105676.0,1.0,180.0,22.1,104269.0,0.0,188.0,29.1,5.0,4.0,49.0,843.0,24.0,1445.0,2013.0,1.0
196057,1.0,0.0,105208.0,1.0,190.0,25.6,103656.0,1.0,175.0,33.3,3.0,5.0,23.0,1655.0,59.0,810.0,2014.0,0.0
175333,3.0,4.0,105453.0,1.0,178.0,25.6,104918.0,1.0,190.0,28.2,3.0,9.0,4.0,6025.0,3.0,7840.0,2015.0,1.0
145572,3.0,0.0,105227.0,1.0,198.0,19.4,104198.0,1.0,188.0,24.7,3.0,6.0,45.0,742.0,58.0,588.0,2008.0,0.0
13507,0.0,0.0,103507.0,1.0,183.0,24.6,103970.0,1.0,175.0,22.5,3.0,5.0,13.0,1510.0,46.0,774.0,2004.0,1.0
145774,3.0,3.0,104745.0,0.0,185.0,30.2,106298.0,1.0,185.0,22.5,5.0,5.0,5.0,4850.0,25.0,1481.0,2016.0,1.0
60534,2.0,3.0,104273.0,1.0,188.0,30.5,104731.0,1.0,203.0,28.0,5.0,7.0,50.0,885.0,18.0,1745.0,2014.0,1.0
41625,3.0,0.0,104571.0,1.0,183.0,21.1,104417.0,1.0,193.0,22.0,3.0,5.0,8.0,1917.0,41.0,893.0,2006.0,1.0
192693,1.0,3.0,126774.0,1.0,193.0,23.7,208029.0,1.0,185.0,19.0,5.0,5.0,4.0,5965.0,40.0,1159.0,2022.0,1.0
171126,3.0,4.0,104053.0,1.0,188.0,25.5,103786.0,1.0,178.0,26.8,3.0,9.0,6.0,2160.0,4.0,2710.0,2008.0,1.0
20380,3.0,4.0,104719.0,1.0,190.0,28.9,105449.0,1.0,188.0,25.2,3.0,4.0,53.0,895.0,44.0,971.0,2015.0,1.0
140084,1.0,0.0,104338.0,1.0,185.0,25.0,103722.0,1.0,180.0,28.1,3.0,5.0,45.0,1265.0,52.0,1181.0,2009.0,1.0
148729,3.0,3.0,104745.0,0.0,185.0,20.6,104918.0,1.0,190.0,19.6,5.0,5.0,2.0,4525.0,16.0,1505.0,2007.0,0.0
162827,3.0,0.0,106058.0,1.0,185.0,24.0,105223.0,1.0,198.0,28.0,3.0,2.0,23.0,1675.0,63.0,770.0,2016.0,1.0
31868,1.0,4.0,103781.0,0.0,183.0,23.9,103507.0,1.0,183.0,25.2,3.0,7.0,35.0,930.0,39.0,905.0,2005.0,1.0
66484,3.0,4.0,106421.0,1.0,198.0,23.4,106378.0,1.0,188.0,24.5,3.0,7.0,8.0,3230.0,30.0,1360.0,2019.0,0.0
51899,1.0,4.0,104745.0,0.0,185.0,20.9,103819.0,1.0,185.0,25.7,3.0,2.0,2.0,4875.0,1.0,7015.0,2007.0,1.0
27032,3.0,3.0,104731.0,1.0,203.0,25.2,103888.0,1.0,188.0,29.7,5.0,6.0,34.0,1200.0,8.0,2820.0,2011.0,1.0
143771,3.0,4.0,103970.0,1.0,175.0,26.5,104259.0,1.0,178.0,25.0,3.0,6.0,5.0,2315.0,30.0,1040.0,2008.0,1.0
17369,3.0,0.0,105449.0,1.0,188.0,25.1,103333.0,1.0,208.0,35.9,3.0,3.0,42.0,1028.0,29.0,1295.0,2015.0,1.0
170664,1.0,4.0,103084.0,1.0,185.0,27.3,103835.0,1.0,183.0,23.5,3.0,6.0,13.0,1645.0,37.0,940.0,2005.0,1.0
23148,3.0,0.0,106298.0,1.0,185.0,23.9,105936.0,1.0,185.0,25.9,3.0,3.0,16.0,2335.0,36.0,1320.0,2018.0,0.0
153034,3.0,4.0,104571.0,1.0,183.0,27.1,104122.0,1.0,183.0,29.5,3.0,7.0,45.0,925.0,37.0,985.0,2012.0,0.0
191640,3.0,4.0,103344.0,1.0,193.0,27.9,104053.0,1.0,188.0,24.5,3.0,3.0,8.0,2395.0,3.0,2830.0,2007.0,1.0
45673,3.0,4.0,104925.0,1.0,188.0,26.8,104252.0,1.0,190.0,30.4,3.0,6.0,2.0,10900.0,32.0,1210.0,2014.0,0.0
19448,1.0,4.0,102845.0,1.0,190.0,27.7,103176.0,1.0,183.0,26.0,3.0,7.0,8.0,2370.0,51.0,721.0,2004.0,0.0
150566,3.0,3.0,102450.0,1.0,185.0,29.9,103017.0,1.0,183.0,27.1,5.0,5.0,6.0,2380.0,20.0,1235.0,2004.0,0.0
144047,3.0,0.0,105683.0,1.0,196.0,30.0,105526.0,1.0,193.0,30.7,3.0,8.0,15.0,2580.0,37.0,1450.0,2021.0,1.0
103143,3.0,0.0,104545.0,1.0,206.0,34.4,105554.0,1.0,175.0,29.3,3.0,5.0,19.0,1805.0,48.0,1053.0,2019.0,0.0
144913,3.0,4.0,134770.0,1.0,183.0,22.8,122330.0,1.0,196.0,24.3,3.0,6.0,8.0,3670.0,36.0,1516.0,2021.0,0.0
91251,1.0,4.0,103990.0,1.0,180.0,32.9,104719.0,1.0,190.0,29.0,3.0,6.0,20.0,1720.0,63.0,765.0,2015.0,0.0
117726,1.0,0.0,104898.0,1.0,190.0,26.0,105373.0,0.0,190.0,23.7,3.0,3.0,53.0,805.0,32.0,1120.0,2013.0,1.0
78220,1.0,4.0,100644.0,1.0,198.0,24.0,104745.0,0.0,185.0,34.9,3.0,3.0,6.0,6945.0,3.0,9630.0,2021.0,1.0
187494,3.0,0.0,103900.0,1.0,180.0,23.1,102783.0,1.0,180.0,28.7,3.0,6.0,9.0,1945.0,39.0,915.0,2005.0,0.0
192785,2.0,0.0,106378.0,1.0,188.0,24.4,111815.0,0.0,188.0,23.8,3.0,5.0,31.0,1280.0,49.0,940.0,2019.0,0.0
29595,3.0,0.0,103507.0,1.0,183.0,24.0,103018.0,1.0,196.0,26.6,3.0,9.0,3.0,4345.0,22.0,1190.0,2004.0,0.0
205866,3.0,0.0,103898.0,1.0,185.0,27.0,104417.0,1.0,193.0,24.3,3.0,5.0,40.0,1608.0,17.0,2650.0,2009.0,1.0
40153,3.0,3.0,105023.0,1.0,198.0,20.2,104098.0,1.0,185.0,25.0,5.0,7.0,62.0,588.0,32.0,965.0,2008.0,0.0
18179,3.0,0.0,104678.0,1.0,193.0,24.8,103819.0,1.0,185.0,29.4,3.0,3.0,28.0,1430.0,2.0,9145.0,2011.0,1.0
30992,3.0,1.0,134868.0,1.0,188.0,26.1,126205.0,1.0,185.0,25.3,3.0,8.0,48.0,955.0,29.0,1375.0,2022.0,0.0
71904,3.0,4.0,104745.0,0.0,185.0,22.1,103163.0,1.0,188.0,30.3,3.0,5.0,2.0,6305.0,42.0,865.0,2008.0,0.0
45111,3.0,0.0,103484.0,1.0,185.0,23.1,101736.0,1.0,180.0,32.7,3.0,9.0,24.0,1265.0,2.0,4395.0,2003.0,1.0
107631,3.0,0.0,122298.0,1.0,188.0,26.2,105916.0,1.0,188.0,29.9,3.0,6.0,56.0,1069.0,38.0,1447.0,2022.0,1.0
136331,3.0,0.0,200221.0,1.0,183.0,23.3,104918.0,1.0,190.0,35.4,3.0,6.0,31.0,1370.0,48.0,975.0,2022.0,1.0
135433,3.0,4.0,104918.0,1.0,190.0,23.2,104745.0,0.0,185.0,24.1,3.0,9.0,4.0,5305.0,1.0,10745.0,2010.0,0.0
82159,1.0,0.0,106426.0,1.0,185.0,22.9,126610.0,1.0,196.0,23.0,3.0,2.0,47.0,1000.0,37.0,1145.0,2019.0,0.0
157688,3.0,4.0,103151.0,1.0,183.0,25.0,102783.0,1.0,180.0,26.8,3.0,6.0,38.0,926.0,15.0,1570.0,2003.0,1.0
158302,3.0,3.0,202385.0,1.0,188.0,21.8,207989.0,1.0,185.0,19.3,5.0,6.0,43.0,1027.0,4.0,5100.0,2022.0,1.0
57217,1.0,0.0,103292.0,1.0,175.0,24.3,103498.0,1.0,193.0,23.2,3.0,3.0,21.0,1335.0,8.0,1965.0,2003.0,1.0
44450,3.0,4.0,105807.0,1.0,188.0,31.0,126610.0,1.0,196.0,26.3,3.0,7.0,23.0,1555.0,14.0,2430.0,2022.0,0.0
144309,1.0,4.0,104542.0,1.0,188.0,28.0,105668.0,1.0,203.0,22.4,3.0,6.0,8.0,3965.0,24.0,1354.0,2013.0,1.0
163457,1.0,4.0,104925.0,1.0,188.0,20.9,104327.0,1.0,178.0,24.1,3.0,6.0,3.0,4750.0,49.0,726.0,2008.0,0.0
200710,3.0,0.0,104926.0,1.0,178.0,31.4,106000.0,1.0,172.0,26.4,3.0,6.0,15.0,2315.0,51.0,940.0,2018.0,0.0
36732,3.0,0.0,126094.0,1.0,188.0,23.2,105550.0,0.0,185.0,30.7,3.0,8.0,8.0,4164.0,44.0,1310.0,2021.0,0.0
175531,3.0,0.0,103786.0,1.0,178.0,25.7,103344.0,1.0,193.0,27.9,3.0,9.0,3.0,2825.0,8.0,2260.0,2007.0,1.0
130076,2.0,0.0,104997.0,1.0,190.0,25.8,104542.0,1.0,188.0,28.1,3.0,5.0,60.0,772.0,7.0,4155.0,2013.0,1.0
168425,3.0,3.0,105227.0,1.0,198.0,29.9,200282.0,1.0,183.0,19.5,5.0,6.0,7.0,4445.0,45.0,1043.0,2018.0,0.0
126126,1.0,4.0,104542.0,1.0,188.0,26.9,104269.0,0.0,188.0,28.4,3.0,5.0,5.0,4795.0,19.0,1565.0,2012.0,0.0
45291,2.0,0.0,104918.0,1.0,190.0,28.0,104678.0,1.0,193.0,29.3,3.0,9.0,3.0,7040.0,25.0,1354.0,2015.0,0.0
145669,1.0,3.0,105777.0,1.0,188.0,25.0,104678.0,1.0,193.0,30.2,5.0,4.0,36.0,1150.0,24.0,1535.0,2016.0,1.0
134243,1.0,4.0,103285.0,1.0,185.0,29.4,103970.0,1.0,175.0,26.0,3.0,6.0,27.0,1060.0,5.0,2780.0,2008.0,0.0
887,2.0,0.0,104926.0,1.0,178.0,26.0,104813.0,1.0,183.0,26.7,3.0,6.0,30.0,1345.0,53.0,816.0,2013.0,0.0
166286,1.0,4.0,106000.0,1.0,172.0,25.9,104745.0,0.0,185.0,31.9,3.0,6.0,31.0,1415.0,2.0,7950.0,2018.0,1.0
66588,1.0,4.0,105550.0,0.0,185.0,28.9,106065.0,1.0,185.0,26.5,3.0,5.0,35.0,1205.0,16.0,2021.0,2019.0,0.0
190030,3.0,2.0,104542.0,1.0,188.0,26.5,103819.0,1.0,185.0,30.2,3.0,2.0,6.0,3535.0,4.0,6670.0,2011.0,1.0
134275,3.0,0.0,104386.0,1.0,180.0,23.6,104022.0,1.0,183.0,25.6,3.0,6.0,44.0,727.0,8.0,1845.0,2008.0,0.0
180169,1.0,4.0,104898.0,1.0,190.0,27.0,104871.0,1.0,188.0,27.2,3.0,7.0,50.0,945.0,47.0,970.0,2014.0,1.0
102844,1.0,0.0,104468.0,1.0,183.0,31.3,103908.0,1.0,185.0,34.2,3.0,5.0,18.0,1900.0,60.0,801.0,2016.0,0.0
51723,3.0,0.0,103096.0,1.0,173.0,29.8,103333.0,1.0,208.0,28.6,3.0,3.0,40.0,750.0,25.0,1069.0,2007.0,1.0
37869,3.0,4.0,103852.0,0.0,188.0,33.9,104745.0,0.0,185.0,29.2,3.0,5.0,23.0,1530.0,8.0,3680.0,2015.0,0.0
64306,0.0,0.0,103694.0,1.0,168.0,24.7,103206.0,1.0,175.0,27.4,3.0,3.0,24.0,1160.0,31.0,1035.0,2005.0,1.0
96532,3.0,3.0,104527.0,1.0,183.0,22.4,104068.0,1.0,183.0,24.8,5.0,6.0,49.0,670.0,64.0,575.0,2007.0,0.0
153772,1.0,0.0,105023.0,1.0,198.0,26.6,103656.0,1.0,175.0,33.4,3.0,5.0,64.0,755.0,61.0,785.0,2014.0,1.0
22001,3.0,0.0,104978.0,1.0,196.0,26.2,105238.0,1.0,180.0,24.8,3.0,6.0,61.0,813.0,39.0,1080.0,2013.0,1.0
34493,3.0,4.0,103498.0,1.0,193.0,26.7,104571.0,1.0,183.0,21.3,3.0,6.0,49.0,765.0,9.0,2076.0,2006.0,0.0
44562,3.0,3.0,126094.0,1.0,188.0,24.8,111513.0,1.0,188.0,27.2,5.0,4.0,11.0,3120.0,64.0,747.0,2022.0,0.0
83836,3.0,0.0,126203.0,1.0,193.0,24.9,106401.0,1.0,193.0,27.4,3.0,3.0,11.0,3055.0,20.0,1780.0,2022.0,0.0
147659,1.0,0.0,202103.0,1.0,185.0,23.9,105807.0,1.0,188.0,30.9,3.0,9.0,39.0,1064.0,18.0,1926.0,2022.0,0.0
184506,3.0,4.0,103970.0,1.0,175.0,20.9,104076.0,1.0,190.0,20.4,3.0,4.0,51.0,726.0,46.0,788.0,2003.0,1.0
144516,3.0,4.0,105453.0,1.0,178.0,21.7,104542.0,1.0,188.0,26.4,3.0,6.0,47.0,885.0,8.0,3050.0,2011.0,0.0
18056,3.0,3.0,103786.0,1.0,178.0,28.6,104338.0,1.0,185.0,25.8,5.0,6.0,6.0,4930.0,33.0,1170.0,2010.0,0.0
65209,0.0,0.0,102854.0,1.0,193.0,26.3,102358.0,1.0,190.0,28.8,3.0,6.0,17.0,1555.0,47.0,745.0,2003.0,1.0
109300,3.0,4.0,200175.0,1.0,183.0,19.9,200000.0,1.0,193.0,19.0,3.0,7.0,58.0,922.0,21.0,1785.0,2019.0,0.0
109336,3.0,0.0,111815.0,0.0,188.0,26.4,126774.0,1.0,193.0,23.5,3.0,9.0,12.0,3070.0,4.0,6565.0,2022.0,0.0
65203,2.0,0.0,105138.0,1.0,183.0,27.1,104269.0,0.0,188.0,31.5,3.0,6.0,21.0,1705.0,42.0,1045.0,2015.0,1.0
178665,3.0,4.0,104022.0,1.0,183.0,23.1,104607.0,1.0,196.0,19.9,3.0,6.0,26.0,1195.0,36.0,1030.0,2005.0,0.0
5520,0.0,4.0,103018.0,1.0,196.0,28.3,103970.0,1.0,175.0,23.5,3.0,6.0,28.0,1110.0,17.0,1500.0,2005.0,1.0
156608,3.0,0.0,103852.0,0.0,188.0,39.4,200175.0,1.0,183.0,21.5,3.0,6.0,62.0,1066.0,46.0,1364.0,2021.0,1.0
81871,1.0,4.0,103401.0,1.0,190.0,29.8,103333.0,1.0,208.0,30.1,3.0,7.0,59.0,1100.0,24.0,1830.0,2009.0,1.0
71916,3.0,4.0,104660.0,1.0,193.0,25.6,103786.0,1.0,178.0,30.2,3.0,7.0,42.0,1030.0,31.0,1250.0,2011.0,1.0
4131,3.0,4.0,106058.0,1.0,185.0,24.4,104291.0,1.0,185.0,33.1,3.0,5.0,18.0,2060.0,53.0,883.0,2017.0,0.0
155840,0.0,0.0,104214.0,1.0,185.0,22.2,103017.0,1.0,183.0,28.2,3.0,2.0,38.0,895.0,37.0,900.0,2005.0,0.0
99793,1.0,4.0,103344.0,1.0,193.0,32.0,104871.0,1.0,188.0,24.1,3.0,7.0,40.0,1065.0,54.0,920.0,2011.0,0.0
178283,3.0,4.0,106298.0,1.0,185.0,25.4,133430.0,0.0,185.0,20.3,3.0,6.0,31.0,1340.0,34.0,1285.0,2019.0,0.0
10870,1.0,4.0,103096.0,1.0,173.0,25.3,102839.0,1.0,188.0,26.7,3.0,7.0,37.0,910.0,46.0,835.0,2003.0,0.0
84893,3.0,1.0,102765.0,1.0,185.0,26.9,103819.0,1.0,185.0,21.6,5.0,8.0,62.0,655.0,5.0,2515.0,2003.0,1.0
204754,1.0,1.0,102701.0,0.0,175.0,27.1,102839.0,1.0,188.0,26.4,5.0,8.0,37.0,945.0,33.0,1015.0,2003.0,0.0
16475,3.0,3.0,207733.0,0.0,191.0,20.6,200325.0,1.0,188.0,23.4,5.0,4.0,53.0,879.0,49.0,956.0,2022.0,0.0
43535,3.0,3.0,105138.0,1.0,183.0,25.3,103970.0,1.0,175.0,31.4,5.0,7.0,64.0,755.0,4.0,7210.0,2013.0,1.0
112255,0.0,0.0,102271.0,0.0,175.0,29.9,103096.0,1.0,173.0,25.8,3.0,3.0,63.0,591.0,27.0,1080.0,2003.0,1.0
30040,1.0,3.0,104719.0,1.0,190.0,28.1,105373.0,0.0,190.0,24.8,5.0,6.0,39.0,1080.0,59.0,795.0,2014.0,0.0
55935,3.0,4.0,106378.0,1.0,188.0,23.7,105936.0,1.0,185.0,26.6,3.0,7.0,14.0,1990.0,35.0,1232.0,2018.0,0.0
47824,1.0,3.0,105208.0,1.0,190.0,21.7,103898.0,1.0,185.0,28.4,5.0,4.0,28.0,1494.0,38.0,1024.0,2010.0,1.0
175521,3.0,4.0,104527.0,1.0,183.0,28.9,104312.0,1.0,190.0,30.0,3.0,6.0,3.0,5650.0,32.0,1195.0,2014.0,0.0
156286,1.0,4.0,103285.0,1.0,185.0,27.4,103852.0,0.0,188.0,24.6,3.0,7.0,18.0,1420.0,43.0,830.0,2006.0,0.0
42025,2.0,0.0,104339.0,1.0,196.0,24.1,104269.0,0.0,188.0,24.5,3.0,6.0,44.0,810.0,20.0,1240.0,2008.0,0.0
95127,3.0,0.0,105777.0,1.0,188.0,24.3,105311.0,1.0,185.0,26.4,3.0,5.0,19.0,1600.0,47.0,951.0,2015.0,0.0
135401,1.0,0.0,104053.0,1.0,188.0,23.7,103454.0,1.0,183.0,26.6,3.0,8.0,5.0,2585.0,35.0,885.0,2006.0,1.0
163065,3.0,3.0,105357.0,1.0,183.0,30.6,128034.0,1.0,196.0,22.9,5.0,7.0,47.0,1096.0,31.0,1398.0,2020.0,0.0
121564,3.0,0.0,103598.0,1.0,185.0,32.4,105053.0,1.0,188.0,25.1,3.0,5.0,62.0,746.0,63.0,743.0,2013.0,0.0
204397,1.0,4.0,102610.0,1.0,180.0,28.8,102456.0,1.0,180.0,29.5,3.0,7.0,38.0,905.0,40.0,898.0,2004.0,1.0
61574,3.0,0.0,105668.0,1.0,203.0,22.2,104607.0,1.0,196.0,27.4,3.0,3.0,26.0,1374.0,6.0,4485.0,2013.0,1.0
160009,3.0,0.0,200624.0,1.0,196.0,22.2,202195.0,1.0,198.0,25.3,3.0,5.0,44.0,985.0,34.0,1253.0,2022.0,1.0
134594,1.0,4.0,100644.0,1.0,198.0,20.0,105227.0,1.0,198.0,28.6,3.0,6.0,19.0,2165.0,7.0,3725.0,2017.0,0.0
58637,3.0,4.0,103781.0,0.0,183.0,30.7,105064.0,0.0,188.0,24.1,3.0,7.0,20.0,1507.0,50.0,930.0,2012.0,1.0
26483,3.0,3.0,104918.0,1.0,190.0,24.2,104500.0,1.0,180.0,26.5,5.0,4.0,4.0,6535.0,64.0,718.0,2011.0,0.0
156636,3.0,3.0,104918.0,1.0,190.0,28.2,106401.0,1.0,193.0,20.3,5.0,4.0,3.0,8840.0,37.0,1120.0,2015.0,0.0
62163,1.0,0.0,103602.0,1.0,183.0,22.5,103176.0,1.0,183.0,24.8,3.0,6.0,22.0,1346.0,42.0,832.0,2003.0,0.0
155907,3.0,0.0,104259.0,1.0,178.0,26.0,104597.0,1.0,183.0,24.1,3.0,3.0,24.0,1400.0,28.0,1260.0,2009.0,0.0
74718,2.0,3.0,104339.0,1.0,196.0,24.2,103970.0,1.0,175.0,26.2,5.0,6.0,43.0,845.0,5.0,3005.0,2008.0,0.0
47758,1.0,0.0,104724.0,1.0,183.0,24.2,103781.0,0.0,183.0,29.1,3.0,6.0,50.0,875.0,15.0,2215.0,2010.0,1.0
166667,3.0,4.0,105936.0,1.0,185.0,28.4,106233.0,1.0,185.0,26.9,3.0,6.0,32.0,1343.0,3.0,7045.0,2020.0,0.0
40530,3.0,0.0,103484.0,1.0,185.0,28.5,104098.0,1.0,185.0,25.5,3.0,9.0,8.0,1975.0,32.0,968.0,2008.0,1.0
184945,3.0,0.0,105223.0,1.0,198.0,19.8,104053.0,1.0,188.0,25.9,3.0,2.0,24.0,1090.0,9.0,1865.0,2008.0,0.0
62138,3.0,4.0,106043.0,1.0,170.0,28.5,105173.0,0.0,183.0,32.7,3.0,6.0,9.0,3640.0,36.0,1661.0,2021.0,0.0
44172,1.0,4.0,105208.0,1.0,190.0,21.6,103843.0,1.0,185.0,28.5,3.0,7.0,44.0,904.0,59.0,766.0,2010.0,0.0
47547,1.0,4.0,105238.0,1.0,180.0,24.5,104925.0,1.0,188.0,25.9,3.0,5.0,23.0,1420.0,1.0,12730.0,2013.0,1.0
200072,0.0,4.0,103786.0,1.0,178.0,23.4,102434.0,1.0,183.0,30.2,3.0,6.0,29.0,1075.0,21.0,1250.0,2004.0,1.0
175494,3.0,3.0,104198.0,1.0,188.0,31.2,105023.0,1.0,198.0,26.8,5.0,7.0,33.0,1168.0,57.0,820.0,2014.0,1.0
93328,1.0,0.0,104586.0,1.0,196.0,28.9,105311.0,1.0,185.0,25.2,3.0,6.0,42.0,970.0,35.0,1122.0,2014.0,0.0
17830,1.0,1.0,104252.0,1.0,190.0,28.9,106071.0,1.0,193.0,19.8,5.0,8.0,25.0,1500.0,42.0,950.0,2012.0,0.0
59125,3.0,4.0,103598.0,1.0,185.0,24.0,103428.0,1.0,190.0,24.9,3.0,7.0,37.0,845.0,17.0,1285.0,2004.0,1.0
83220,3.0,4.0,104925.0,1.0,188.0,28.7,104259.0,1.0,178.0,32.3,3.0,6.0,1.0,16540.0,30.0,1330.0,2016.0,0.0
98669,3.0,4.0,106421.0,1.0,198.0,24.7,100644.0,1.0,198.0,23.5,3.0,2.0,5.0,5980.0,7.0,5015.0,2020.0,0.0
172538,1.0,0.0,103656.0,1.0,175.0,29.6,103781.0,0.0,183.0,29.1,3.0,3.0,30.0,1395.0,15.0,2215.0,2010.0,0.0
117816,3.0,0.0,103722.0,1.0,180.0,25.4,103096.0,1.0,173.0,28.6,3.0,7.0,44.0,815.0,46.0,802.0,2006.0,1.0
119535,3.0,3.0,103970.0,1.0,175.0,28.4,104593.0,1.0,185.0,25.0,5.0,6.0,12.0,3065.0,59.0,828.0,2010.0,0.0
28932,3.0,0.0,104792.0,1.0,193.0,29.8,105023.0,1.0,198.0,28.7,3.0,3.0,17.0,2030.0,29.0,1390.0,2016.0,0.0
117195,3.0,4.0,106432.0,1.0,188.0,18.9,104269.0,0.0,188.0,31.9,3.0,7.0,46.0,916.0,47.0,910.0,2015.0,0.0
74533,1.0,0.0,103694.0,1.0,168.0,29.3,104417.0,1.0,193.0,25.7,3.0,5.0,60.0,741.0,7.0,4770.0,2010.0,0.0
37117,3.0,0.0,105332.0,1.0,196.0,28.3,105932.0,1.0,185.0,25.5,3.0,9.0,41.0,1085.0,64.0,794.0,2017.0,0.0
113067,1.0,0.0,103835.0,1.0,183.0,22.6,103176.0,1.0,183.0,26.0,3.0,9.0,61.0,614.0,54.0,691.0,2004.0,0.0
53812,3.0,3.0,104607.0,1.0,196.0,23.3,104068.0,1.0,183.0,26.2,5.0,4.0,21.0,2400.0,47.0,1490.0,2009.0,0.0
47010,2.0,3.0,126774.0,1.0,193.0,22.8,126207.0,1.0,188.0,23.4,5.0,4.0,4.0,7980.0,57.0,1148.0,2021.0,1.0
140641,3.0,4.0,103294.0,1.0,170.0,26.8,104792.0,1.0,193.0,19.1,3.0,7.0,52.0,720.0,37.0,894.0,2005.0,0.0
145749,1.0,0.0,104678.0,1.0,193.0,31.2,105683.0,1.0,196.0,26.3,3.0,9.0,38.0,1055.0,6.0,4165.0,2017.0,1.0
95497,3.0,0.0,104755.0,1.0,185.0,22.6,103498.0,1.0,193.0,29.0,3.0,6.0,26.0,2030.0,25.0,2070.0,2009.0,0.0
78725,3.0,0.0,104571.0,1.0,183.0,30.6,105577.0,1.0,193.0,25.6,3.0,5.0,57.0,805.0,45.0,970.0,2016.0,0.0
190404,2.0,3.0,105550.0,0.0,185.0,29.1,104731.0,1.0,203.0,33.1,5.0,6.0,26.0,1430.0,8.0,3610.0,2019.0,0.0
183734,3.0,4.0,104214.0,1.0,185.0,25.6,105208.0,1.0,190.0,20.5,3.0,7.0,23.0,2150.0,43.0,1438.0,2009.0,0.0
88363,2.0,0.0,105208.0,1.0,190.0,24.7,104571.0,1.0,183.0,27.9,3.0,6.0,38.0,1026.0,40.0,995.0,2013.0,0.0
204964,3.0,0.0,103333.0,1.0,208.0,28.9,103694.0,1.0,168.0,27.0,3.0,6.0,24.0,1350.0,56.0,586.0,2008.0,0.0
101819,1.0,0.0,103990.0,1.0,180.0,24.2,104252.0,1.0,190.0,22.8,3.0,5.0,7.0,2050.0,60.0,644.0,2006.0,1.0
167031,3.0,0.0,134868.0,1.0,188.0,25.5,122330.0,1.0,196.0,24.6,3.0,6.0,62.0,1011.0,35.0,1433.0,2022.0,1.0
129540,3.0,4.0,106415.0,0.0,170.0,25.8,144750.0,1.0,193.0,24.4,3.0,7.0,57.0,1170.0,46.0,1433.0,2021.0,1.0
146785,1.0,4.0,103990.0,1.0,180.0,22.0,102882.0,1.0,196.0,27.4,3.0,7.0,18.0,1355.0,12.0,1485.0,2004.0,0.0
189728,1.0,4.0,105208.0,1.0,190.0,24.7,104678.0,1.0,193.0,27.2,3.0,6.0,46.0,885.0,42.0,930.0,2013.0,0.0
12916,3.0,2.0,104745.0,0.0,185.0,23.4,104417.0,1.0,193.0,25.2,3.0,8.0,2.0,9205.0,9.0,3010.0,2009.0,1.0
58783,2.0,0.0,104925.0,1.0,188.0,25.1,104918.0,1.0,190.0,25.1,3.0,9.0,2.0,11000.0,4.0,7460.0,2012.0,1.0
59177,3.0,0.0,105223.0,1.0,198.0,25.0,104571.0,1.0,183.0,28.2,3.0,6.0,7.0,4425.0,49.0,910.0,2013.0,0.0
35722,1.0,0.0,103908.0,1.0,185.0,34.2,105077.0,0.0,188.0,28.2,3.0,6.0,63.0,774.0,50.0,903.0,2016.0,0.0
109999,1.0,3.0,102845.0,1.0,190.0,26.7,102562.0,1.0,190.0,28.1,5.0,5.0,4.0,2985.0,14.0,1731.0,2003.0,0.0
28167,1.0,0.0,103720.0,1.0,180.0,23.2,103292.0,1.0,175.0,25.4,3.0,8.0,12.0,1525.0,44.0,780.0,2004.0,1.0
161503,3.0,3.0,104076.0,1.0,190.0,22.2,103602.0,1.0,183.0,24.4,5.0,4.0,63.0,616.0,16.0,1335.0,2005.0,1.0
77482,1.0,0.0,103176.0,1.0,183.0,25.8,102856.0,1.0,190.0,27.4,3.0,9.0,50.0,736.0,17.0,1410.0,2004.0,1.0
90869,1.0,4.0,104269.0,0.0,188.0,21.4,103786.0,1.0,178.0,23.9,3.0,7.0,56.0,685.0,16.0,1355.0,2005.0,0.0
105039,2.0,3.0,102720.0,1.0,178.0,29.3,103602.0,1.0,183.0,24.8,5.0,7.0,62.0,627.0,24.0,1270.0,2005.0,1.0
199880,1.0,3.0,103598.0,1.0,185.0,23.8,102610.0,1.0,180.0,28.9,5.0,6.0,54.0,705.0,29.0,1065.0,2004.0,0.0
115263,3.0,3.0,104545.0,1.0,206.0,27.3,103813.0,0.0,185.0,31.0,5.0,7.0,10.0,2880.0,42.0,957.0,2012.0,0.0
184036,1.0,0.0,103292.0,1.0,175.0,24.3,102950.0,1.0,180.0,26.1,3.0,7.0,21.0,1335.0,58.0,706.0,2003.0,0.0
140096,3.0,4.0,103285.0,1.0,185.0,29.6,103852.0,0.0,188.0,26.8,3.0,7.0,18.0,1256.0,31.0,1010.0,2008.0,1.0
72618,1.0,0.0,103990.0,1.0,180.0,30.9,104593.0,1.0,185.0,27.7,3.0,6.0,38.0,1020.0,52.0,837.0,2013.0,0.0
184086,3.0,4.0,104053.0,1.0,188.0,27.5,104607.0,1.0,196.0,24.5,3.0,2.0,8.0,3960.0,20.0,1760.0,2010.0,0.0
83873,3.0,0.0,104925.0,1.0,188.0,21.7,104871.0,1.0,188.0,22.0,3.0,6.0,3.0,9010.0,55.0,1268.0,2009.0,0.0
136053,0.0,0.0,103454.0,1.0,183.0,24.9,102860.0,1.0,183.0,28.0,3.0,6.0,11.0,1595.0,56.0,680.0,2004.0,1.0
10293,1.0,0.0,105453.0,1.0,178.0,30.7,106426.0,1.0,185.0,24.3,3.0,6.0,35.0,1345.0,22.0,1910.0,2020.0,1.0
77189,2.0,3.0,105379.0,1.0,181.0,27.9,104180.0,0.0,193.0,34.1,5.0,6.0,58.0,853.0,26.0,1675.0,2017.0,1.0
2204,3.0,0.0,105138.0,1.0,183.0,27.7,106432.0,1.0,188.0,19.1,3.0,3.0,25.0,1480.0,44.0,941.0,2016.0,1.0
196608,3.0,4.0,103852.0,0.0,188.0,32.8,105227.0,1.0,198.0,25.8,3.0,7.0,16.0,1850.0,19.0,1755.0,2014.0,1.0
13554,1.0,3.0,106421.0,1.0,198.0,25.3,126205.0,1.0,185.0,24.0,5.0,7.0,2.0,9793.0,52.0,1225.0,2021.0,0.0
204969,1.0,4.0,103908.0,1.0,185.0,24.3,104019.0,1.0,193.0,23.8,3.0,6.0,38.0,860.0,41.0,837.0,2006.0,0.0
76172,1.0,3.0,103852.0,0.0,188.0,24.6,104607.0,1.0,196.0,20.6,5.0,4.0,48.0,790.0,20.0,1390.0,2006.0,1.0
11266,1.0,3.0,100644.0,1.0,198.0,21.1,106000.0,1.0,172.0,26.0,5.0,6.0,3.0,5615.0,29.0,1415.0,2018.0,0.0
122197,1.0,0.0,103786.0,1.0,178.0,25.1,103990.0,1.0,180.0,24.1,3.0,2.0,5.0,2165.0,9.0,1915.0,2006.0,1.0
33235,3.0,0.0,103852.0,0.0,188.0,30.0,104022.0,1.0,183.0,29.2,3.0,5.0,28.0,1325.0,37.0,1090.0,2011.0,1.0
168051,3.0,0.0,103285.0,1.0,185.0,29.2,104053.0,1.0,188.0,25.4,3.0,2.0,34.0,915.0,6.0,2120.0,2008.0,1.0
80964,2.0,0.0,103285.0,1.0,185.0,35.5,103852.0,0.0,188.0,32.7,3.0,9.0,42.0,1040.0,29.0,1350.0,2014.0,1.0
139935,3.0,0.0,133430.0,0.0,185.0,23.4,202385.0,1.0,188.0,21.9,3.0,9.0,24.0,1640.0,46.0,982.0,2022.0,0.0
66763,3.0,0.0,104979.0,1.0,185.0,23.2,103598.0,1.0,185.0,30.2,3.0,6.0,36.0,1200.0,61.0,812.0,2010.0,0.0
123006,1.0,4.0,104607.0,1.0,196.0,21.6,103813.0,0.0,185.0,25.7,3.0,7.0,12.0,1940.0,22.0,1200.0,2007.0,0.0
137839,2.0,0.0,106401.0,1.0,193.0,23.1,103852.0,0.0,188.0,36.7,3.0,3.0,24.0,1585.0,33.0,1295.0,2018.0,0.0
207022,3.0,4.0,104926.0,1.0,178.0,26.2,104571.0,1.0,183.0,28.1,3.0,7.0,16.0,2075.0,45.0,935.0,2013.0,0.0
91739,1.0,0.0,103252.0,1.0,175.0,25.6,103454.0,1.0,183.0,24.5,3.0,6.0,56.0,657.0,11.0,1556.0,2004.0,0.0
41354,3.0,0.0,104259.0,1.0,178.0,27.9,104607.0,1.0,196.0,26.0,3.0,5.0,52.0,845.0,10.0,2775.0,2011.0,1.0
19851,1.0,0.0,105332.0,1.0,196.0,24.1,104338.0,1.0,185.0,29.2,3.0,5.0,28.0,1405.0,20.0,1680.0,2013.0,1.0
104709,3.0,0.0,104180.0,0.0,193.0,33.3,106233.0,1.0,185.0,23.0,3.0,3.0,37.0,1175.0,10.0,3295.0,2016.0,1.0
175943,3.0,3.0,104731.0,1.0,203.0,26.2,103970.0,1.0,175.0,30.4,5.0,4.0,34.0,1110.0,5.0,5375.0,2012.0,1.0
202297,1.0,4.0,104745.0,0.0,185.0,26.9,103819.0,1.0,185.0,31.7,3.0,2.0,5.0,6895.0,3.0,7760.0,2013.0,0.0
97265,3.0,3.0,104919.0,1.0,188.0,30.2,104745.0,0.0,185.0,31.2,5.0,6.0,59.0,815.0,1.0,7645.0,2017.0,1.0
139191,0.0,1.0,103344.0,1.0,193.0,26.3,103812.0,1.0,198.0,23.9,5.0,8.0,19.0,1435.0,56.0,655.0,2005.0,0.0
188725,3.0,3.0,102563.0,1.0,180.0,30.8,103598.0,1.0,185.0,25.4,5.0,7.0,13.0,1645.0,39.0,836.0,2006.0,0.0
1060,3.0,3.0,105777.0,1.0,188.0,26.2,126094.0,1.0,188.0,19.8,5.0,7.0,9.0,3710.0,53.0,890.0,2017.0,1.0
87261,3.0,4.0,102318.0,1.0,183.0,30.7,103632.0,1.0,180.0,24.0,3.0,5.0,15.0,1399.0,41.0,845.0,2004.0,1.0
115465,3.0,4.0,104527.0,1.0,183.0,23.5,103852.0,0.0,188.0,27.0,3.0,5.0,12.0,1520.0,40.0,865.0,2008.0,1.0
33359,0.0,0.0,103786.0,1.0,178.0,23.3,104022.0,1.0,183.0,22.2,3.0,9.0,43.0,810.0,33.0,960.0,2004.0,0.0
154335,1.0,4.0,104755.0,1.0,185.0,28.8,104607.0,1.0,196.0,29.6,3.0,6.0,23.0,1535.0,7.0,4960.0,2015.0,1.0
184793,1.0,3.0,104925.0,1.0,188.0,30.0,106043.0,1.0,170.0,24.7,5.0,6.0,2.0,7445.0,41.0,1005.0,2017.0,0.0
51477,3.0,4.0,104655.0,1.0,180.0,31.1,105807.0,1.0,188.0,25.6,3.0,3.0,33.0,1190.0,23.0,1690.0,2017.0,1.0
168995,3.0,0.0,200000.0,1.0,193.0,22.1,206909.0,1.0,185.0,21.1,3.0,3.0,13.0,2950.0,46.0,999.0,2022.0,0.0
76114,3.0,3.0,106233.0,1.0,185.0,23.9,105173.0,0.0,183.0,29.1,5.0,6.0,8.0,4030.0,34.0,1255.0,2017.0,0.0
185460,3.0,0.0,105311.0,1.0,185.0,26.8,104607.0,1.0,196.0,30.4,3.0,6.0,36.0,1146.0,7.0,3990.0,2016.0,1.0
164894,1.0,0.0,104890.0,1.0,190.0,28.3,106210.0,0.0,198.0,22.0,3.0,6.0,58.0,810.0,45.0,945.0,2015.0,1.0
125909,2.0,3.0,103888.0,1.0,188.0,21.5,103819.0,1.0,185.0,21.8,5.0,6.0,45.0,840.0,5.0,2580.0,2003.0,1.0
57707,3.0,0.0,103808.0,1.0,188.0,29.4,103898.0,1.0,185.0,29.0,3.0,6.0,47.0,945.0,43.0,965.0,2011.0,0.0
125499,3.0,0.0,106415.0,0.0,170.0,25.3,126094.0,1.0,188.0,23.2,3.0,8.0,57.0,1062.0,8.0,4164.0,2021.0,1.0
160613,3.0,0.0,104214.0,1.0,185.0,22.5,103344.0,1.0,193.0,26.9,3.0,5.0,25.0,1255.0,5.0,2395.0,2006.0,1.0
18363,3.0,4.0,104022.0,1.0,183.0,22.1,102148.0,1.0,178.0,31.6,3.0,6.0,46.0,785.0,42.0,807.0,2004.0,1.0
50296,3.0,0.0,102967.0,1.0,188.0,31.5,104259.0,1.0,178.0,24.9,3.0,6.0,37.0,884.0,32.0,1015.0,2008.0,1.0
64520,3.0,0.0,126774.0,1.0,193.0,23.5,111513.0,1.0,188.0,26.7,3.0,6.0,4.0,6565.0,51.0,1076.0,2022.0,0.0
21261,1.0,1.0,102563.0,1.0,180.0,30.8,103428.0,1.0,190.0,26.4,3.0,8.0,13.0,1645.0,46.0,770.0,2006.0,1.0
87587,3.0,3.0,103786.0,1.0,178.0,22.6,103096.0,1.0,173.0,26.0,5.0,4.0,52.0,670.0,31.0,1080.0,2004.0,0.0
48992,3.0,0.0,103786.0,1.0,178.0,31.5,103812.0,1.0,198.0,31.4,3.0,6.0,44.0,885.0,62.0,753.0,2012.0,0.0
69472,3.0,3.0,103819.0,1.0,185.0,22.4,103507.0,1.0,183.0,23.9,5.0,9.0,2.0,4375.0,3.0,4145.0,2004.0,0.0
151029,3.0,0.0,103387.0,1.0,185.0,24.5,102035.0,1.0,183.0,31.8,3.0,6.0,13.0,1540.0,25.0,1123.0,2004.0,0.0
201315,3.0,0.0,103819.0,1.0,185.0,26.2,103582.0,0.0,193.0,27.3,3.0,6.0,1.0,7205.0,56.0,632.0,2007.0,0.0
189367,3.0,4.0,103835.0,1.0,183.0,24.5,103344.0,1.0,193.0,27.0,3.0,6.0,31.0,931.0,6.0,2295.0,2006.0,1.0
3162,3.0,4.0,104607.0,1.0,196.0,21.9,103786.0,1.0,178.0,26.1,3.0,5.0,12.0,1855.0,5.0,3195.0,2007.0,1.0
123639,3.0,4.0,103428.0,1.0,190.0,24.5,103909.0,1.0,175.0,22.1,3.0,6.0,27.0,1090.0,4.0,3290.0,2004.0,1.0
199117,3.0,0.0,103786.0,1.0,178.0,25.2,103387.0,1.0,185.0,27.2,3.0,3.0,5.0,2590.0,47.0,780.0,2006.0,1.0
28247,3.0,0.0,104542.0,1.0,188.0,31.5,104918.0,1.0,190.0,29.4,3.0,2.0,15.0,2160.0,2.0,10485.0,2016.0,1.0
102314,1.0,3.0,105357.0,1.0,183.0,31.2,105807.0,1.0,188.0,29.2,5.0,4.0,43.0,1166.0,18.0,2130.0,2020.0,1.0
50049,3.0,0.0,105373.0,0.0,190.0,25.2,104607.0,1.0,196.0,29.0,3.0,9.0,56.0,822.0,6.0,4115.0,2014.0,1.0
81179,3.0,0.0,103344.0,1.0,193.0,27.5,103387.0,1.0,185.0,27.2,3.0,9.0,3.0,3245.0,41.0,830.0,2006.0,0.0
1785,3.0,4.0,105023.0,1.0,198.0,27.4,104660.0,1.0,193.0,29.1,3.0,4.0,43.0,1055.0,50.0,919.0,2015.0,1.0
51795,1.0,4.0,104719.0,1.0,190.0,27.0,104678.0,1.0,193.0,27.2,3.0,7.0,35.0,1090.0,44.0,930.0,2013.0,1.0
178422,3.0,0.0,105932.0,1.0,185.0,29.4,132283.0,1.0,191.0,26.1,3.0,6.0,42.0,1565.0,26.0,2208.0,2021.0,0.0
204470,3.0,4.0,104745.0,0.0,185.0,19.1,101736.0,1.0,180.0,35.2,3.0,2.0,2.0,4030.0,7.0,1915.0,2005.0,0.0
89538,1.0,4.0,104745.0,0.0,185.0,35.9,105676.0,1.0,180.0,31.4,3.0,5.0,4.0,6435.0,60.0,913.0,2022.0,0.0
105336,3.0,3.0,103720.0,1.0,180.0,23.5,104026.0,1.0,198.0,22.1,5.0,9.0,5.0,2605.0,30.0,1024.0,2004.0,0.0
156666,3.0,0.0,103428.0,1.0,190.0,24.3,102450.0,1.0,185.0,29.3,3.0,5.0,38.0,965.0,15.0,1480.0,2004.0,1.0
107911,0.0,0.0,102860.0,1.0,183.0,29.1,103103.0,1.0,183.0,27.8,3.0,5.0,56.0,677.0,22.0,1311.0,2005.0,1.0
21273,1.0,4.0,104745.0,0.0,185.0,19.8,103909.0,1.0,175.0,24.2,3.0,3.0,2.0,4135.0,9.0,1690.0,2006.0,0.0
132677,3.0,3.0,103819.0,1.0,185.0,26.4,103484.0,1.0,185.0,28.0,5.0,3.0,1.0,7180.0,15.0,1610.0,2008.0,0.0
144030,3.0,0.0,103507.0,1.0,183.0,29.7,104655.0,1.0,180.0,23.8,3.0,6.0,22.0,1575.0,50.0,866.0,2009.0,1.0
100135,1.0,0.0,105077.0,0.0,188.0,29.0,103893.0,1.0,183.0,35.1,3.0,9.0,30.0,1355.0,46.0,972.0,2017.0,1.0
35930,3.0,4.0,105668.0,1.0,203.0,24.3,105676.0,1.0,180.0,24.2,3.0,6.0,49.0,905.0,20.0,1631.0,2015.0,1.0
85459,1.0,0.0,104076.0,1.0,190.0,26.3,103990.0,1.0,180.0,26.8,3.0,3.0,43.0,1490.0,15.0,2770.0,2009.0,0.0
19644,3.0,4.0,104607.0,1.0,196.0,19.0,103344.0,1.0,193.0,25.5,3.0,7.0,38.0,883.0,29.0,1085.0,2004.0,1.0
164538,3.0,4.0,103990.0,1.0,180.0,33.2,103852.0,0.0,188.0,33.8,3.0,7.0,22.0,1495.0,21.0,1530.0,2015.0,0.0
127237,3.0,0.0,104597.0,1.0,183.0,22.1,103888.0,1.0,188.0,25.8,3.0,6.0,27.0,1015.0,39.0,765.0,2007.0,1.0
163910,1.0,0.0,103344.0,1.0,193.0,24.3,103970.0,1.0,175.0,21.2,3.0,6.0,43.0,850.0,63.0,637.0,2003.0,1.0
33744,3.0,0.0,102434.0,1.0,183.0,31.2,103428.0,1.0,190.0,26.1,3.0,6.0,62.0,625.0,47.0,755.0,2005.0,0.0
28633,3.0,0.0,103781.0,0.0,183.0,29.7,104312.0,1.0,190.0,26.9,3.0,5.0,10.0,2865.0,47.0,980.0,2011.0,0.0
187341,3.0,4.0,103484.0,1.0,185.0,23.1,103428.0,1.0,190.0,23.5,3.0,6.0,25.0,1165.0,30.0,1105.0,2003.0,0.0
71485,3.0,4.0,103970.0,1.0,175.0,24.9,104925.0,1.0,188.0,19.7,3.0,3.0,15.0,1645.0,13.0,1715.0,2007.0,1.0
110140,3.0,4.0,104571.0,1.0,183.0,30.7,106401.0,1.0,193.0,20.9,3.0,7.0,40.0,1026.0,26.0,1405.0,2016.0,1.0
183305,3.0,0.0,105453.0,1.0,178.0,28.8,126207.0,1.0,188.0,20.7,3.0,6.0,11.0,2910.0,45.0,1055.0,2018.0,0.0
30377,1.0,4.0,126207.0,1.0,188.0,24.2,105936.0,1.0,185.0,30.1,3.0,7.0,26.0,1605.0,54.0,960.0,2022.0,1.0
